0.000000,0.000000,0.000000,0.000000,0.000000,0.000000,0.000000,6.127406,-1.286754,-12.032571
0.020000,0.001211,-0.000254,-0.002378,0.120372,-0.025278,-0.236377,5.909762,-1.241049,-11.605177
0.040000,0.004786,-0.001005,-0.009398,0.236390,-0.049642,-0.464207,5.692117,-1.195344,-11.177782
0.060000,0.010638,-0.002234,-0.020889,0.348056,-0.073092,-0.683489,5.474473,-1.149639,-10.750387
0.080000,0.018679,-0.003923,-0.036681,0.455369,-0.095628,-0.894223,5.256828,-1.103933,-10.322993
0.100000,0.028823,-0.006053,-0.056601,0.558329,-0.117249,-1.096408,5.039184,-1.058228,-9.895598
0.120000,0.040983,-0.008606,-0.080480,0.656937,-0.137957,-1.290046,4.821540,-1.012523,-9.468203
0.140000,0.055072,-0.011565,-0.108146,0.751191,-0.157750,-1.475137,4.603895,-0.966818,-9.040809
0.160000,0.071002,-0.014910,-0.139429,0.841093,-0.176629,-1.651679,4.386251,-0.921112,-8.613414
0.180000,0.088686,-0.018624,-0.174156,0.926641,-0.194595,-1.819673,4.168607,-0.875407,-8.186019
0.200000,0.108038,-0.022688,-0.212158,1.007837,-0.211646,-1.979120,3.950962,-0.829702,-7.758625
0.220000,0.128971,-0.027084,-0.253264,1.084680,-0.227783,-2.130018,3.733318,-0.783997,-7.331230
0.240000,0.151397,-0.031793,-0.297302,1.157170,-0.243005,-2.272369,3.515674,-0.738291,-6.903835
0.260000,0.175229,-0.036798,-0.344102,1.225307,-0.257314,-2.406172,3.298029,-0.692586,-6.476441
0.280000,0.200380,-0.042080,-0.393492,1.289091,-0.270709,-2.531426,3.080385,-0.646881,-6.049046
0.300000,0.226763,-0.047620,-0.445302,1.348522,-0.283189,-2.648133,2.862741,-0.601175,-5.621651
0.320000,0.254292,-0.053401,-0.499360,1.403600,-0.294756,-2.756292,2.645096,-0.555470,-5.194256
0.340000,0.282878,-0.059404,-0.555497,1.454326,-0.305408,-2.855904,2.427452,-0.509765,-4.766862
0.360000,0.312436,-0.065611,-0.613540,1.500698,-0.315147,-2.946967,2.209808,-0.464060,-4.339467
0.380000,0.342877,-0.072004,-0.673318,1.542718,-0.323971,-3.029482,1.992163,-0.418354,-3.912072
0.400000,0.374115,-0.078564,-0.734662,1.580385,-0.331881,-3.103450,1.774519,-0.372649,-3.484678
0.420000,0.406064,-0.085273,-0.797399,1.613699,-0.338877,-3.168869,1.556874,-0.326944,-3.057283
0.440000,0.438634,-0.092113,-0.861360,1.642660,-0.344958,-3.225741,1.339230,-0.281239,-2.629888
0.460000,0.471741,-0.099066,-0.926372,1.667268,-0.350126,-3.274065,1.121586,-0.235533,-2.202494
0.480000,0.505296,-0.106112,-0.992265,1.687523,-0.354380,-3.313841,0.903941,-0.189828,-1.775099
0.500000,0.539213,-0.113235,-1.058869,1.703426,-0.357719,-3.345069,0.686297,-0.144123,-1.347704
0.520000,0.573404,-0.120415,-1.126011,1.714975,-0.360145,-3.367749,0.468653,-0.098418,-0.920310
0.540000,0.607783,-0.127634,-1.193522,1.722172,-0.361656,-3.381881,0.251008,-0.052712,-0.492915
0.560000,0.642262,-0.134875,-1.261229,1.725016,-0.362253,-3.387466,0.033364,-0.007007,-0.065520
0.580000,0.676754,-0.142118,-1.328963,1.723506,-0.361936,-3.384502,-0.184280,0.038698,0.361874
0.600000,0.711173,-0.149346,-1.396552,1.717644,-0.360705,-3.372991,-0.401925,0.084404,0.789269
0.620000,0.745431,-0.156540,-1.463826,1.707429,-0.358560,-3.352931,-0.619569,0.130109,1.216664
0.640000,0.779441,-0.163683,-1.530613,1.692862,-0.355501,-3.324324,-0.837213,0.175814,1.644058
0.660000,0.813117,-0.170754,-1.596742,1.673941,-0.351528,-3.287169,-1.054858,0.221519,2.071453
0.680000,0.846370,-0.177738,-1.662042,1.650667,-0.346640,-3.241466,-1.272502,0.267225,2.498848
0.700000,0.879114,-0.184614,-1.726344,1.623041,-0.340839,-3.187215,-1.490146,0.312930,2.926243
0.720000,0.911263,-0.191365,-1.789474,1.591061,-0.334123,-3.124416,-1.707791,0.358635,3.353637
0.740000,0.942728,-0.197973,-1.851263,1.554729,-0.326493,-3.053070,-1.925435,0.404340,3.781032
0.760000,0.973423,-0.204419,-1.911540,1.514044,-0.317949,-2.973175,-2.143080,0.450046,4.208427
0.780000,1.003261,-0.210685,-1.970133,1.469006,-0.308491,-2.884733,-2.360724,0.495751,4.635821
0.800000,1.032154,-0.216752,-2.026872,1.419615,-0.298119,-2.787742,-2.578368,0.541456,5.063216
0.820000,1.060016,-0.222603,-2.081586,1.365871,-0.286833,-2.682204,-2.796013,0.587162,5.490611
0.840000,1.086760,-0.228220,-2.134103,1.307775,-0.274633,-2.568118,-3.013657,0.632867,5.918005
0.860000,1.112298,-0.233583,-2.184254,1.245325,-0.261518,-2.445484,-3.231301,0.678572,6.345400
0.880000,1.136544,-0.238674,-2.231866,1.178523,-0.247490,-2.314302,-3.448946,0.724277,6.772795
0.900000,1.159410,-0.243476,-2.276769,1.107367,-0.232547,-2.174572,-3.666590,0.769983,7.200189
0.920000,1.180809,-0.247970,-2.318792,1.031859,-0.216691,-2.026294,-3.884234,0.815688,7.627584
0.940000,1.200655,-0.252138,-2.357763,0.951998,-0.199920,-1.869469,-4.101879,0.861393,8.054979
0.960000,1.218860,-0.255961,-2.393513,0.867784,-0.182235,-1.704095,-4.319523,0.907098,8.482373
0.980000,1.235338,-0.259421,-2.425870,0.779217,-0.163636,-1.530174,-4.537167,0.952804,8.909768
1.000000,1.250000,-0.262500,-2.454663,0.686297,-0.144123,-1.347704,-4.754812,0.998509,9.337163
1.020000,1.262791,-0.265186,-2.479782,0.593612,-0.124659,-1.165697,-4.513657,0.947867,8.863601
1.040000,1.273777,-0.267493,-2.501354,0.505751,-0.106208,-0.993160,-4.272502,0.897225,8.390040
1.060000,1.283053,-0.269441,-2.519571,0.422712,-0.088770,-0.830095,-4.031347,0.846582,7.916478
1.080000,1.290717,-0.271051,-2.534621,0.344497,-0.072345,-0.676501,-3.790192,0.795940,7.442917
1.100000,1.296865,-0.272342,-2.546694,0.271105,-0.056932,-0.532378,-3.549038,0.745298,6.969355
1.120000,1.301594,-0.273335,-2.555980,0.202535,-0.042533,-0.397727,-3.307883,0.694656,6.495794
1.140000,1.304999,-0.274050,-2.562667,0.138789,-0.029146,-0.272547,-3.066728,0.644014,6.022233
1.160000,1.307177,-0.274507,-2.566945,0.079866,-0.016772,-0.156838,-2.825573,0.593372,5.548671
1.180000,1.308226,-0.274727,-2.569003,0.025766,-0.005411,-0.050600,-2.584418,0.542730,5.075110
1.200000,1.308240,-0.274731,-2.569032,-0.023510,0.004937,0.046167,-2.343264,0.492088,4.601548
1.220000,1.307317,-0.274537,-2.567220,-0.067964,0.014272,0.133462,-2.102109,0.441445,4.127987
1.240000,1.305554,-0.274166,-2.563756,-0.107595,0.022595,0.211286,-1.860954,0.390803,3.654425
1.260000,1.303046,-0.273640,-2.558831,-0.142402,0.029904,0.279639,-1.619799,0.340161,3.180864
1.280000,1.299890,-0.272977,-2.552634,-0.172387,0.036201,0.338521,-1.378644,0.289519,2.707302
1.300000,1.296182,-0.272198,-2.545354,-0.197548,0.041485,0.387931,-1.137489,0.238877,2.233741
1.320000,1.292020,-0.271324,-2.537180,-0.217886,0.045756,0.427870,-0.896335,0.188235,1.760179
1.340000,1.287499,-0.270375,-2.528302,-0.233402,0.049014,0.458338,-0.655180,0.137593,1.286618
1.360000,1.282716,-0.269370,-2.518909,-0.244094,0.051260,0.479335,-0.414025,0.086950,0.813057
1.380000,1.277768,-0.268331,-2.509192,-0.249963,0.052492,0.490861,-0.172870,0.036308,0.339495
1.400000,1.272750,-0.267278,-2.499338,-0.251008,0.052712,0.492915,0.068285,-0.014334,-0.134066
1.420000,1.267759,-0.266230,-2.489538,-0.247231,0.051919,0.485498,0.309439,-0.064976,-0.607628
1.440000,1.262893,-0.265208,-2.479981,-0.238631,0.050113,0.468610,0.550594,-0.115618,-1.081189
1.460000,1.258246,-0.264232,-2.470857,-0.225207,0.047294,0.442250,0.791749,-0.166260,-1.554751
1.480000,1.253917,-0.263322,-2.462355,-0.206961,0.043463,0.406420,1.032904,-0.216902,-2.028312
1.500000,1.250000,-0.262500,-2.454663,-0.183891,0.038618,0.361118,1.274059,-0.267545,-2.501874
1.520000,1.246573,-0.261780,-2.447933,-0.159056,0.033403,0.312349,1.209439,-0.253976,-2.374985
1.540000,1.243629,-0.261162,-2.442152,-0.135514,0.028459,0.266119,1.144820,-0.240407,-2.248097
1.560000,1.241144,-0.260640,-2.437271,-0.113263,0.023787,0.222425,1.080201,-0.226839,-2.121209
1.580000,1.239090,-0.260209,-2.433239,-0.092306,0.019386,0.181270,1.015582,-0.213270,-1.994321
1.600000,1.237443,-0.259863,-2.430004,-0.072640,0.015256,0.142653,0.950962,-0.199702,-1.867433
1.620000,1.236176,-0.259597,-2.427515,-0.054267,0.011398,0.106573,0.886343,-0.186133,-1.740544
1.640000,1.235263,-0.259405,-2.425724,-0.037186,0.007811,0.073031,0.821724,-0.172565,-1.613656
1.660000,1.234680,-0.259282,-2.424577,-0.021398,0.004495,0.042027,0.757105,-0.158996,-1.486768
1.680000,1.234399,-0.259223,-2.424026,-0.006902,0.001451,0.013560,0.692485,-0.145428,-1.359880
1.700000,1.234395,-0.259223,-2.424018,0.006301,-0.001322,-0.012369,0.627866,-0.131859,-1.232991
1.720000,1.234642,-0.259275,-2.424504,0.018212,-0.003824,-0.035759,0.563247,-0.118290,-1.106103
1.740000,1.235115,-0.259374,-2.425431,0.028831,-0.006054,-0.056613,0.498627,-0.104722,-0.979215
1.760000,1.235787,-0.259515,-2.426751,0.038158,-0.008012,-0.074928,0.434008,-0.091153,-0.852327
1.780000,1.236633,-0.259692,-2.428412,0.046191,-0.009700,-0.090706,0.369389,-0.077585,-0.725439
1.800000,1.237626,-0.259901,-2.430362,0.052933,-0.011116,-0.103946,0.304770,-0.064016,-0.598550
1.820000,1.238741,-0.260135,-2.432553,0.058382,-0.012260,-0.114648,0.240150,-0.050448,-0.471662
1.840000,1.239953,-0.260390,-2.434931,0.062539,-0.013134,-0.122812,0.175531,-0.036879,-0.344774
1.860000,1.241234,-0.260659,-2.437448,0.065403,-0.013736,-0.128439,0.110912,-0.023311,-0.217886
1.880000,1.242560,-0.260937,-2.440052,0.066976,-0.014066,-0.131528,0.046292,-0.009742,-0.090998
1.900000,1.243905,-0.261220,-2.442692,0.067255,-0.014125,-0.132079,-0.018327,0.003827,0.035891
1.920000,1.245242,-0.261501,-2.445318,0.066242,-0.013913,-0.130092,-0.082946,0.017395,0.162779
1.940000,1.246546,-0.261774,-2.447879,0.063937,-0.013429,-0.125567,-0.147565,0.030964,0.289667
1.960000,1.247791,-0.262036,-2.450324,0.060340,-0.012675,-0.118505,-0.212185,0.044532,0.416555
1.980000,1.248951,-0.262280,-2.452602,0.055450,-0.011648,-0.108905,-0.276804,0.058101,0.543444
2.000000,1.250000,-0.262500,-2.454663,0.049268,-0.010350,-0.096768,-0.341423,0.071669,0.670332
2.020000,1.250918,-0.262693,-2.456467,0.042612,-0.008953,-0.083701,-0.324101,0.068037,0.636340
2.040000,1.251707,-0.262859,-2.458016,0.036304,-0.007629,-0.071314,-0.306779,0.064405,0.602349
2.060000,1.252373,-0.262999,-2.459324,0.030341,-0.006377,-0.059607,-0.289456,0.060773,0.568358
2.080000,1.252923,-0.263114,-2.460405,0.024725,-0.005198,-0.048580,-0.272134,0.057141,0.534366
2.100000,1.253364,-0.263207,-2.461272,0.019456,-0.004092,-0.038232,-0.254812,0.053509,0.500375
2.120000,1.253703,-0.263278,-2.461939,0.014533,-0.003058,-0.028565,-0.237489,0.049877,0.466383
2.140000,1.253948,-0.263330,-2.462419,0.009956,-0.002097,-0.019577,-0.220167,0.046245,0.432392
2.160000,1.254104,-0.263363,-2.462726,0.005726,-0.001208,-0.011269,-0.202845,0.042613,0.398401
2.180000,1.254179,-0.263379,-2.462874,0.001843,-0.000392,-0.003641,-0.185523,0.038981,0.364409
2.200000,1.254180,-0.263379,-2.462876,-0.001695,0.000351,0.003307,-0.168200,0.035349,0.330418
2.220000,1.254114,-0.263365,-2.462746,-0.004885,0.001022,0.009576,-0.150878,0.031716,0.296426
2.240000,1.253987,-0.263338,-2.462498,-0.007730,0.001620,0.015164,-0.133556,0.028084,0.262435
2.260000,1.253807,-0.263301,-2.462144,-0.010228,0.002145,0.020073,-0.116233,0.024452,0.228444
2.280000,1.253580,-0.263253,-2.461699,-0.012379,0.002598,0.024302,-0.098911,0.020820,0.194452
2.300000,1.253314,-0.263197,-2.461177,-0.014184,0.002978,0.027851,-0.081589,0.017188,0.160461
2.320000,1.253015,-0.263134,-2.460590,-0.015643,0.003286,0.030721,-0.064267,0.013556,0.126469
2.340000,1.252690,-0.263066,-2.459952,-0.016755,0.003520,0.032910,-0.046944,0.009924,0.092478
2.360000,1.252347,-0.262994,-2.459278,-0.017520,0.003683,0.034420,-0.029622,0.006292,0.058487
2.380000,1.251992,-0.262919,-2.458580,-0.017940,0.003772,0.035250,-0.012300,0.002660,0.024495
2.400000,1.251632,-0.262844,-2.457873,-0.018012,0.003789,0.035400,0.005022,-0.000972,-0.009496
2.420000,1.251274,-0.262768,-2.457169,-0.017739,0.003733,0.034870,0.022345,-0.004604,-0.043488
2.440000,1.250925,-0.262695,-2.456482,-0.017119,0.003605,0.033660,0.039667,-0.008236,-0.077479
2.460000,1.250591,-0.262625,-2.455827,-0.016152,0.003404,0.031771,0.056989,-0.011869,-0.111470
2.480000,1.250281,-0.262559,-2.455216,-0.014839,0.003130,0.029201,0.074312,-0.015501,-0.145462
2.500000,1.250000,-0.262500,-2.454663,-0.013180,0.002784,0.025952,0.091634,-0.019133,-0.179453
2.520000,1.249754,-0.262448,-2.454180,-0.011394,0.002411,0.022454,0.086964,-0.018173,-0.170376
2.540000,1.249544,-0.262403,-2.453764,-0.009701,0.002057,0.019137,0.082294,-0.017213,-0.161299
2.560000,1.249366,-0.262366,-2.453413,-0.008102,0.001722,0.016002,0.077624,-0.016253,-0.152221
2.580000,1.249219,-0.262334,-2.453123,-0.006596,0.001407,0.013048,0.072954,-0.015294,-0.143144
2.600000,1.249101,-0.262309,-2.452890,-0.005184,0.001110,0.010276,0.068285,-0.014334,-0.134066
2.620000,1.249011,-0.262290,-2.452710,-0.003865,0.000833,0.007686,0.063615,-0.013374,-0.124989
2.640000,1.248946,-0.262276,-2.452581,-0.002639,0.000575,0.005277,0.058945,-0.012414,-0.115912
2.660000,1.248905,-0.262267,-2.452498,-0.001507,0.000337,0.003049,0.054275,-0.011455,-0.106834
2.680000,1.248885,-0.262262,-2.452458,-0.000468,0.000117,0.001003,0.049605,-0.010495,-0.097757
2.700000,1.248885,-0.262262,-2.452457,0.000477,-0.000083,-0.000861,0.044935,-0.009535,-0.088679
2.720000,1.248904,-0.262265,-2.452491,0.001329,-0.000264,-0.002544,0.040265,-0.008575,-0.079602
2.740000,1.248938,-0.262272,-2.452557,0.002088,-0.000426,-0.004045,0.035596,-0.007616,-0.070525
2.760000,1.248987,-0.262282,-2.452652,0.002753,-0.000569,-0.005365,0.030926,-0.006656,-0.061447
2.780000,1.249047,-0.262295,-2.452771,0.003325,-0.000692,-0.006503,0.026256,-0.005696,-0.052370
2.800000,1.249119,-0.262310,-2.452911,0.003803,-0.000797,-0.007460,0.021586,-0.004736,-0.043292
2.820000,1.249199,-0.262327,-2.453068,0.004188,-0.000882,-0.008235,0.016916,-0.003776,-0.034215
2.840000,1.249286,-0.262345,-2.453239,0.004480,-0.000948,-0.008828,0.012246,-0.002817,-0.025138
2.860000,1.249378,-0.262365,-2.453420,0.004678,-0.000994,-0.009240,0.007576,-0.001857,-0.016060
2.880000,1.249472,-0.262385,-2.453607,0.004783,-0.001022,-0.009471,0.002907,-0.000897,-0.006983
2.900000,1.249568,-0.262405,-2.453797,0.004795,-0.001030,-0.009520,-0.001763,0.000063,0.002094
2.920000,1.249664,-0.262426,-2.453987,0.004713,-0.001020,-0.009387,-0.006433,0.001022,0.011172
2.940000,1.249756,-0.262446,-2.454172,0.004537,-0.000989,-0.009073,-0.011103,0.001982,0.020249
2.960000,1.249844,-0.262465,-2.454349,0.004268,-0.000940,-0.008577,-0.015773,0.002942,0.029327
2.980000,1.249926,-0.262483,-2.454514,0.003906,-0.000872,-0.007900,-0.020443,0.003902,0.038404
3.000000,1.250000,-0.262500,-2.454663,0.003451,-0.000784,-0.007041,-0.025112,0.004861,0.047481
3.020000,1.250064,-0.262515,-2.454795,0.002962,-0.000689,-0.006114,-0.023755,0.004654,0.045163
3.040000,1.250119,-0.262528,-2.454908,0.002501,-0.000598,-0.005234,-0.022398,0.004447,0.042845
3.060000,1.250164,-0.262539,-2.455004,0.002066,-0.000511,-0.004401,-0.021041,0.004240,0.040527
3.080000,1.250201,-0.262548,-2.455085,0.001659,-0.000428,-0.003613,-0.019684,0.004034,0.038209
3.100000,1.250231,-0.262556,-2.455149,0.001279,-0.000350,-0.002872,-0.018327,0.003827,0.035891
3.120000,1.250253,-0.262562,-2.455200,0.000926,-0.000275,-0.002178,-0.016970,0.003620,0.033573
3.140000,1.250268,-0.262567,-2.455237,0.000600,-0.000205,-0.001529,-0.015612,0.003413,0.031254
3.160000,1.250277,-0.262570,-2.455261,0.000301,-0.000139,-0.000927,-0.014255,0.003206,0.028936
3.180000,1.250280,-0.262572,-2.455274,0.000030,-0.000077,-0.000372,-0.012898,0.002999,0.026618
3.200000,1.250278,-0.262573,-2.455276,-0.000215,-0.000019,0.000137,-0.011541,0.002792,0.024300
3.220000,1.250272,-0.262573,-2.455269,-0.000432,0.000035,0.000600,-0.010184,0.002585,0.021982
3.240000,1.250261,-0.262572,-2.455253,-0.000622,0.000085,0.001017,-0.008827,0.002378,0.019664
3.260000,1.250247,-0.262570,-2.455229,-0.000785,0.000130,0.001387,-0.007470,0.002171,0.017345
3.280000,1.250230,-0.262567,-2.455198,-0.000921,0.000171,0.001710,-0.006112,0.001964,0.015027
3.300000,1.250211,-0.262563,-2.455161,-0.001029,0.000209,0.001988,-0.004755,0.001757,0.012709
3.320000,1.250189,-0.262559,-2.455118,-0.001111,0.000242,0.002219,-0.003398,0.001550,0.010391
3.340000,1.250166,-0.262553,-2.455072,-0.001165,0.000271,0.002403,-0.002041,0.001343,0.008073
3.360000,1.250143,-0.262548,-2.455023,-0.001193,0.000295,0.002542,-0.000684,0.001136,0.005755
3.380000,1.250119,-0.262542,-2.454971,-0.001193,0.000316,0.002634,0.000673,0.000929,0.003436
3.400000,1.250095,-0.262535,-2.454918,-0.001166,0.000333,0.002679,0.002030,0.000722,0.001118
3.420000,1.250072,-0.262528,-2.454864,-0.001112,0.000345,0.002678,0.003388,0.000515,-0.001200
3.440000,1.250051,-0.262521,-2.454811,-0.001030,0.000353,0.002631,0.004745,0.000308,-0.003518
3.460000,1.250031,-0.262514,-2.454759,-0.000922,0.000357,0.002538,0.006102,0.000101,-0.005836
3.480000,1.250014,-0.262507,-2.454710,-0.000786,0.000357,0.002398,0.007459,-0.000106,-0.008154
3.500000,1.250000,-0.262500,-2.454663,-0.000623,0.000353,0.002211,0.008816,-0.000313,-0.010472
3.520000,1.249989,-0.262493,-2.454621,-0.000455,0.000345,0.002004,0.008057,-0.000445,-0.010277
3.540000,1.249982,-0.262486,-2.454583,-0.000301,0.000335,0.001800,0.007299,-0.000577,-0.010082
3.560000,1.249977,-0.262480,-2.454549,-0.000163,0.000322,0.001601,0.006540,-0.000709,-0.009887
3.580000,1.249975,-0.262473,-2.454519,-0.000039,0.000307,0.001405,0.005781,-0.000840,-0.009692
3.600000,1.249975,-0.262467,-2.454493,0.000069,0.000289,0.001213,0.005022,-0.000972,-0.009496
3.620000,1.249978,-0.262462,-2.454471,0.000161,0.000268,0.001025,0.004264,-0.001104,-0.009301
3.640000,1.249982,-0.262457,-2.454452,0.000239,0.000245,0.000841,0.003505,-0.001236,-0.009106
3.660000,1.249987,-0.262452,-2.454437,0.000302,0.000219,0.000661,0.002746,-0.001368,-0.008911
3.680000,1.249994,-0.262448,-2.454425,0.000349,0.000190,0.000484,0.001988,-0.001500,-0.008715
3.700000,1.250001,-0.262444,-2.454417,0.000381,0.000159,0.000312,0.001229,-0.001632,-0.008520
3.720000,1.250009,-0.262442,-2.454413,0.000398,0.000125,0.000144,0.000470,-0.001764,-0.008325
3.740000,1.250017,-0.262439,-2.454412,0.000400,0.000088,-0.000021,-0.000289,-0.001895,-0.008130
3.760000,1.250025,-0.262438,-2.454414,0.000387,0.000049,-0.000182,-0.001047,-0.002027,-0.007934
3.780000,1.250032,-0.262438,-2.454419,0.000358,0.000007,-0.000338,-0.001806,-0.002159,-0.007739
3.800000,1.250039,-0.262438,-2.454427,0.000314,-0.000038,-0.000491,-0.002565,-0.002291,-0.007544
3.820000,1.250045,-0.262439,-2.454439,0.000255,-0.000085,-0.000640,-0.003323,-0.002423,-0.007349
3.840000,1.250049,-0.262441,-2.454453,0.000181,-0.000135,-0.000785,-0.004082,-0.002555,-0.007153
3.860000,1.250052,-0.262444,-2.454470,0.000092,-0.000187,-0.000926,-0.004841,-0.002687,-0.006958
3.880000,1.250053,-0.262449,-2.454490,-0.000012,-0.000242,-0.001063,-0.005600,-0.002819,-0.006763
3.900000,1.250051,-0.262454,-2.454512,-0.000132,-0.000300,-0.001197,-0.006358,-0.002950,-0.006568
3.920000,1.250047,-0.262461,-2.454538,-0.000267,-0.000360,-0.001326,-0.007117,-0.003082,-0.006372
3.940000,1.250041,-0.262469,-2.454565,-0.000416,-0.000423,-0.001452,-0.007876,-0.003214,-0.006177
3.960000,1.250031,-0.262478,-2.454596,-0.000582,-0.000489,-0.001573,-0.008634,-0.003346,-0.005982
3.980000,1.250017,-0.262488,-2.454628,-0.000762,-0.000557,-0.001691,-0.009393,-0.003478,-0.005787
4.000000,1.250000,-0.262500,-2.454663,-0.000957,-0.000628,-0.001805,-0.010152,-0.003610,-0.005592
4.020000,1.249979,-0.262513,-2.454700,-0.001144,-0.000693,-0.001901,-0.008474,-0.002875,-0.004054
4.040000,1.249954,-0.262528,-2.454739,-0.001296,-0.000743,-0.001967,-0.006796,-0.002141,-0.002517
4.060000,1.249927,-0.262543,-2.454779,-0.001415,-0.000778,-0.002002,-0.005119,-0.001406,-0.000980
4.080000,1.249898,-0.262559,-2.454819,-0.001501,-0.000799,-0.002006,-0.003441,-0.000672,0.000557
4.100000,1.249867,-0.262575,-2.454859,-0.001553,-0.000805,-0.001979,-0.001763,0.000063,0.002094
4.120000,1.249836,-0.262591,-2.454898,-0.001572,-0.000796,-0.001922,-0.000085,0.000797,0.003632
4.140000,1.249805,-0.262606,-2.454936,-0.001556,-0.000773,-0.001834,0.001592,0.001532,0.005169
4.160000,1.249774,-0.262622,-2.454971,-0.001508,-0.000735,-0.001715,0.003270,0.002266,0.006706
4.180000,1.249745,-0.262636,-2.455004,-0.001426,-0.000683,-0.001566,0.004948,0.003000,0.008243
4.200000,1.249717,-0.262649,-2.455034,-0.001310,-0.000615,-0.001386,0.006625,0.003735,0.009781
4.220000,1.249693,-0.262660,-2.455059,-0.001161,-0.000533,-0.001175,0.008303,0.004469,0.011318
4.240000,1.249671,-0.262670,-2.455080,-0.000978,-0.000436,-0.000933,0.009981,0.005204,0.012855
4.260000,1.249654,-0.262678,-2.455096,-0.000761,-0.000325,-0.000661,0.011659,0.005938,0.014392
4.280000,1.249641,-0.262683,-2.455107,-0.000511,-0.000199,-0.000357,0.013336,0.006673,0.015929
4.300000,1.249633,-0.262685,-2.455110,-0.000228,-0.000058,-0.000023,0.015014,0.007407,0.017467
4.320000,1.249632,-0.262685,-2.455107,0.000089,0.000097,0.000341,0.016692,0.008142,0.019004
4.340000,1.249637,-0.262682,-2.455097,0.000440,0.000268,0.000737,0.018369,0.008876,0.020541
4.360000,1.249650,-0.262674,-2.455078,0.000824,0.000452,0.001163,0.020047,0.009611,0.022078
4.380000,1.249670,-0.262663,-2.455050,0.001242,0.000652,0.001620,0.021725,0.010345,0.023615
4.400000,1.249700,-0.262648,-2.455013,0.001693,0.000866,0.002108,0.023403,0.011080,0.025153
4.420000,1.249738,-0.262629,-2.454965,0.002178,0.001095,0.002626,0.025080,0.011814,0.026690
4.440000,1.249787,-0.262604,-2.454907,0.002696,0.001339,0.003175,0.026758,0.012549,0.028227
4.460000,1.249846,-0.262575,-2.454838,0.003248,0.001597,0.003755,0.028436,0.013283,0.029764
4.480000,1.249917,-0.262540,-2.454757,0.003833,0.001870,0.004366,0.030113,0.014018,0.031301
4.500000,1.250000,-0.262500,-2.454663,0.004453,0.002158,0.005007,0.031791,0.014752,0.032839
4.520000,1.250095,-0.262454,-2.454557,0.005029,0.002425,0.005600,0.025839,0.011946,0.026495
4.540000,1.250200,-0.262403,-2.454440,0.005486,0.002636,0.006067,0.019887,0.009140,0.020150
4.560000,1.250314,-0.262349,-2.454315,0.005824,0.002790,0.006406,0.013935,0.006334,0.013806
4.580000,1.250433,-0.262292,-2.454185,0.006043,0.002889,0.006619,0.007983,0.003528,0.007462
4.600000,1.250555,-0.262234,-2.454051,0.006144,0.002932,0.006705,0.002030,0.000722,0.001118
4.620000,1.250677,-0.262175,-2.453917,0.006125,0.002918,0.006664,-0.003922,-0.002084,-0.005226
4.640000,1.250799,-0.262117,-2.453786,0.005987,0.002848,0.006496,-0.009874,-0.004890,-0.011570
4.660000,1.250916,-0.262062,-2.453658,0.005730,0.002722,0.006201,-0.015826,-0.007696,-0.017914
4.680000,1.251027,-0.262009,-2.453538,0.005354,0.002540,0.005779,-0.021778,-0.010502,-0.024258
4.700000,1.251130,-0.261960,-2.453428,0.004859,0.002302,0.005231,-0.027730,-0.013308,-0.030602
4.720000,1.251221,-0.261917,-2.453330,0.004244,0.002008,0.004555,-0.033683,-0.016114,-0.036946
4.740000,1.251299,-0.261881,-2.453247,0.003511,0.001658,0.003753,-0.039635,-0.018920,-0.043290
4.760000,1.251360,-0.261851,-2.453181,0.002659,0.001251,0.002824,-0.045587,-0.021726,-0.049634
4.780000,1.251404,-0.261831,-2.453135,0.001688,0.000789,0.001768,-0.051539,-0.024532,-0.055978
4.800000,1.251427,-0.261820,-2.453111,0.000598,0.000270,0.000585,-0.057491,-0.027338,-0.062322
4.820000,1.251427,-0.261820,-2.453112,-0.000612,-0.000305,-0.000725,-0.063443,-0.030144,-0.068666
4.840000,1.251402,-0.261833,-2.453141,-0.001940,-0.000936,-0.002162,-0.069395,-0.032951,-0.075010
4.860000,1.251349,-0.261858,-2.453199,-0.003388,-0.001623,-0.003726,-0.075348,-0.035757,-0.081354
4.880000,1.251266,-0.261898,-2.453291,-0.004954,-0.002366,-0.005416,-0.081300,-0.038563,-0.087698
4.900000,1.251150,-0.261953,-2.453417,-0.006640,-0.003165,-0.007234,-0.087252,-0.041369,-0.094043
4.920000,1.250999,-0.262025,-2.453581,-0.008444,-0.004021,-0.009178,-0.093204,-0.044175,-0.100387
4.940000,1.250811,-0.262114,-2.453785,-0.010368,-0.004932,-0.011249,-0.099156,-0.046981,-0.106731
4.960000,1.250584,-0.262223,-2.454032,-0.012410,-0.005900,-0.013447,-0.105108,-0.049787,-0.113075
4.980000,1.250314,-0.262351,-2.454324,-0.014572,-0.006924,-0.015772,-0.111061,-0.052593,-0.119419
5.000000,1.250000,-0.262500,-2.454663,-0.016853,-0.008004,-0.018224,-0.117013,-0.055399,-0.125763
5.020000,1.249641,-0.262670,-2.455051,-0.018972,-0.009007,-0.020501,-0.094882,-0.044909,-0.101924
5.040000,1.249244,-0.262859,-2.455480,-0.020648,-0.009800,-0.022301,-0.072751,-0.034419,-0.078085
5.060000,1.248818,-0.263061,-2.455940,-0.021882,-0.010384,-0.023624,-0.050620,-0.023930,-0.054246
5.080000,1.248372,-0.263273,-2.456422,-0.022673,-0.010757,-0.024471,-0.028489,-0.013440,-0.030407
5.100000,1.247914,-0.263490,-2.456916,-0.023021,-0.010921,-0.024840,-0.006358,-0.002950,-0.006568
5.120000,1.247454,-0.263708,-2.457412,-0.022927,-0.010875,-0.024733,0.015773,0.007539,0.017271
5.140000,1.247000,-0.263924,-2.457902,-0.022390,-0.010620,-0.024150,0.037904,0.018029,0.041110
5.160000,1.246561,-0.264132,-2.458375,-0.021411,-0.010154,-0.023089,0.060034,0.028519,0.064949
5.180000,1.246146,-0.264328,-2.458822,-0.019989,-0.009479,-0.021552,0.082165,0.039008,0.088788
5.200000,1.245765,-0.264509,-2.459234,-0.018124,-0.008594,-0.019537,0.104296,0.049498,0.112627
5.220000,1.245424,-0.264671,-2.459601,-0.015817,-0.007499,-0.017047,0.126427,0.059988,0.136466
5.240000,1.245135,-0.264808,-2.459913,-0.013067,-0.006194,-0.014079,0.148558,0.070477,0.160305
5.260000,1.244905,-0.264917,-2.460161,-0.009875,-0.004680,-0.010634,0.170689,0.080967,0.184144
5.280000,1.244743,-0.264994,-2.460335,-0.006240,-0.002956,-0.006713,0.192820,0.091457,0.207983
5.300000,1.244658,-0.265034,-2.460426,-0.002162,-0.001022,-0.002315,0.214951,0.101946,0.231822
5.320000,1.244659,-0.265033,-2.460424,0.002358,0.001122,0.002560,0.237082,0.112436,0.255661
5.340000,1.244755,-0.264988,-2.460320,0.007321,0.003476,0.007911,0.259212,0.122926,0.279500
5.360000,1.244955,-0.264893,-2.460105,0.012727,0.006039,0.013740,0.281343,0.133415,0.303339
5.380000,1.245267,-0.264745,-2.459768,0.018575,0.008812,0.020045,0.303474,0.143905,0.327178
5.400000,1.245701,-0.264539,-2.459300,0.024866,0.011795,0.026827,0.325605,0.154395,0.351017
5.420000,1.246265,-0.264271,-2.458691,0.031599,0.014988,0.034086,0.347736,0.164885,0.374856
5.440000,1.246968,-0.263938,-2.457933,0.038775,0.018391,0.041821,0.369867,0.175374,0.398695
5.460000,1.247819,-0.263534,-2.457015,0.046394,0.022003,0.050034,0.391998,0.185864,0.422534
5.480000,1.248827,-0.263056,-2.455929,0.054455,0.025825,0.058723,0.414129,0.196354,0.446373
5.500000,1.250000,-0.262500,-2.454663,0.062959,0.029857,0.067889,0.436260,0.206843,0.470213
5.520000,1.251341,-0.261864,-2.453217,0.070858,0.033603,0.076403,0.353688,0.167691,0.381201
5.540000,1.252823,-0.261161,-2.451619,0.077106,0.036565,0.083137,0.271117,0.128538,0.292189
5.560000,1.254414,-0.260407,-2.449904,0.081703,0.038744,0.088090,0.188545,0.089385,0.203177
5.580000,1.256080,-0.259617,-2.448107,0.084648,0.040140,0.091264,0.105974,0.050232,0.114165
5.600000,1.257789,-0.258806,-2.446265,0.085942,0.040753,0.092657,0.023403,0.011080,0.025153
5.620000,1.259507,-0.257992,-2.444413,0.085584,0.040584,0.092270,-0.059169,-0.028073,-0.063859
5.640000,1.261201,-0.257188,-2.442586,0.083575,0.039631,0.090102,-0.141740,-0.067226,-0.152871
5.660000,1.262839,-0.256412,-2.440821,0.079915,0.037895,0.086155,-0.224312,-0.106378,-0.241883
5.680000,1.264387,-0.255678,-2.439152,0.074603,0.035375,0.080427,-0.306883,-0.145531,-0.330895
5.700000,1.265812,-0.255002,-2.437616,0.067639,0.032073,0.072919,-0.389454,-0.184684,-0.419907
5.720000,1.267082,-0.254400,-2.436247,0.059025,0.027988,0.063631,-0.472026,-0.223836,-0.508919
5.740000,1.268162,-0.253888,-2.435082,0.048758,0.023120,0.052562,-0.554597,-0.262989,-0.597931
5.760000,1.269021,-0.253480,-2.434156,0.036841,0.017468,0.039714,-0.637169,-0.302142,-0.686943
5.780000,1.269625,-0.253194,-2.433505,0.023272,0.011034,0.025085,-0.719740,-0.341295,-0.775955
5.800000,1.269941,-0.253044,-2.433165,0.008051,0.003817,0.008675,-0.802311,-0.380447,-0.864967
5.820000,1.269936,-0.253047,-2.433170,-0.008821,-0.004184,-0.009514,-0.884883,-0.419600,-0.953979
5.840000,1.269577,-0.253217,-2.433557,-0.027344,-0.012967,-0.029484,-0.967454,-0.458753,-1.042991
5.860000,1.268831,-0.253570,-2.434362,-0.047519,-0.022534,-0.051234,-1.050026,-0.497905,-1.132003
5.880000,1.267665,-0.254123,-2.435619,-0.069345,-0.032883,-0.074764,-1.132597,-0.537058,-1.221015
5.900000,1.266046,-0.254891,-2.437364,-0.092823,-0.044016,-0.100074,-1.215169,-0.576211,-1.310027
5.920000,1.263941,-0.255889,-2.439633,-0.117952,-0.055932,-0.127165,-1.297740,-0.615363,-1.399039
5.940000,1.261317,-0.257134,-2.442462,-0.144733,-0.068631,-0.156036,-1.380311,-0.654516,-1.488051
5.960000,1.258141,-0.258640,-2.445887,-0.173164,-0.082113,-0.186687,-1.462883,-0.693669,-1.577063
5.980000,1.254380,-0.260423,-2.449942,-0.203248,-0.096377,-0.219119,-1.545454,-0.732821,-1.666075
6.000000,1.250000,-0.262500,-2.454663,-0.234983,-0.111425,-0.253330,-1.628026,-0.771974,-1.755087
6.020000,1.244976,-0.264882,-2.460077,-0.267322,-0.126711,-0.287911,-1.605885,-0.756535,-1.703015
6.040000,1.239310,-0.267566,-2.466173,-0.299218,-0.141687,-0.321451,-1.583745,-0.741095,-1.650942
6.060000,1.233010,-0.270547,-2.472929,-0.330672,-0.156354,-0.353949,-1.561605,-0.725656,-1.598870
6.080000,1.226086,-0.273818,-2.480324,-0.361682,-0.170713,-0.385406,-1.539465,-0.710216,-1.546797
6.100000,1.218546,-0.277374,-2.488338,-0.392250,-0.184763,-0.415821,-1.517324,-0.694777,-1.494725
6.120000,1.210399,-0.281207,-2.496950,-0.422375,-0.198504,-0.445195,-1.495184,-0.679337,-1.442652
6.140000,1.201654,-0.285312,-2.506139,-0.452057,-0.211936,-0.473527,-1.473044,-0.663898,-1.390580
6.160000,1.192320,-0.289682,-2.515884,-0.481297,-0.225060,-0.500818,-1.450904,-0.648458,-1.338507
6.180000,1.182405,-0.294312,-2.526164,-0.510094,-0.237875,-0.527067,-1.428763,-0.633019,-1.286435
6.200000,1.171919,-0.299195,-2.536960,-0.538447,-0.250381,-0.552275,-1.406623,-0.617579,-1.234363
6.220000,1.160870,-0.304325,-2.548249,-0.566359,-0.262578,-0.576442,-1.384483,-0.602140,-1.182290
6.240000,1.149268,-0.309696,-2.560010,-0.593827,-0.274466,-0.599567,-1.362343,-0.586700,-1.130218
6.260000,1.137120,-0.315302,-2.572224,-0.620852,-0.286046,-0.621650,-1.340202,-0.571261,-1.078145
6.280000,1.124436,-0.321136,-2.584869,-0.647435,-0.297317,-0.642693,-1.318062,-0.555821,-1.026073
6.300000,1.111226,-0.327193,-2.597925,-0.673575,-0.308279,-0.662693,-1.295922,-0.540382,-0.974000
6.320000,1.097496,-0.333465,-2.611370,-0.699272,-0.318932,-0.681653,-1.273782,-0.524942,-0.921928
6.340000,1.083258,-0.339948,-2.625184,-0.724526,-0.329277,-0.699570,-1.251641,-0.509503,-0.869855
6.360000,1.068518,-0.346634,-2.639346,-0.749337,-0.339312,-0.716447,-1.229501,-0.494063,-0.817783
6.380000,1.053287,-0.353518,-2.653835,-0.773706,-0.349039,-0.732282,-1.207361,-0.478624,-0.765710
6.400000,1.037573,-0.360594,-2.668630,-0.797632,-0.358457,-0.747075,-1.185221,-0.463184,-0.713638
6.420000,1.021385,-0.367854,-2.683711,-0.821115,-0.367566,-0.760827,-1.163080,-0.447745,-0.661565
6.440000,1.004731,-0.375294,-2.699057,-0.844155,-0.376367,-0.773538,-1.140940,-0.432305,-0.609493
6.460000,0.987622,-0.382907,-2.714646,-0.866752,-0.384859,-0.785207,-1.118800,-0.416866,-0.557420
6.480000,0.970064,-0.390687,-2.730458,-0.888907,-0.393042,-0.795835,-1.096660,-0.401426,-0.505348
6.500000,0.952068,-0.398627,-2.746472,-0.910619,-0.400916,-0.805421,-1.074519,-0.385987,-0.453275
6.520000,0.933642,-0.406721,-2.762668,-0.931888,-0.408481,-0.813966,-1.052379,-0.370547,-0.401203
6.540000,0.914796,-0.414964,-2.779024,-0.952714,-0.415738,-0.821469,-1.030239,-0.355108,-0.349130
6.560000,0.895537,-0.423349,-2.795520,-0.973097,-0.422685,-0.827931,-1.008099,-0.339669,-0.297058
6.580000,0.875875,-0.431869,-2.812134,-0.993038,-0.429324,-0.833351,-0.985958,-0.324229,-0.244986
6.600000,0.855818,-0.440520,-2.828847,-1.012536,-0.435655,-0.837730,-0.963818,-0.308790,-0.192913
6.620000,0.835376,-0.449293,-2.845636,-1.031591,-0.441676,-0.841068,-0.941678,-0.293350,-0.140841
6.640000,0.814558,-0.458185,-2.862482,-1.050203,-0.447389,-0.843364,-0.919538,-0.277911,-0.088768
6.660000,0.793371,-0.467187,-2.879364,-1.068372,-0.452792,-0.844619,-0.897397,-0.262471,-0.036696
6.680000,0.771826,-0.476294,-2.896260,-1.086099,-0.457887,-0.844832,-0.875257,-0.247032,0.015377
6.700000,0.749930,-0.485500,-2.913150,-1.103382,-0.462674,-0.844003,-0.853117,-0.231592,0.067449
6.720000,0.727693,-0.494799,-2.930013,-1.120223,-0.467151,-0.842134,-0.830977,-0.216153,0.119522
6.740000,0.705124,-0.504184,-2.946829,-1.136622,-0.471320,-0.839223,-0.808836,-0.200713,0.171594
6.760000,0.682231,-0.513650,-2.963575,-1.152577,-0.475180,-0.835270,-0.786696,-0.185274,0.223667
6.780000,0.659024,-0.523189,-2.980233,-1.168089,-0.478731,-0.830276,-0.764556,-0.169834,0.275739
6.800000,0.635511,-0.532797,-2.996780,-1.183159,-0.481973,-0.824240,-0.742416,-0.154395,0.327812
6.820000,0.611701,-0.542466,-3.013195,-1.197786,-0.484906,-0.817163,-0.720275,-0.138955,0.379884
6.840000,0.587602,-0.552191,-3.029459,-1.211970,-0.487531,-0.809045,-0.698135,-0.123516,0.431957
6.860000,0.563225,-0.561965,-3.045550,-1.225711,-0.489847,-0.799885,-0.675995,-0.108076,0.484029
6.880000,0.538577,-0.571783,-3.061448,-1.239010,-0.491854,-0.789684,-0.653855,-0.092637,0.536102
6.900000,0.513667,-0.581638,-3.077131,-1.251866,-0.493553,-0.778441,-0.631715,-0.077197,0.588174
6.920000,0.488505,-0.591523,-3.092578,-1.264279,-0.494942,-0.766157,-0.609574,-0.061758,0.640246
6.940000,0.463099,-0.601433,-3.107770,-1.276249,-0.496023,-0.752831,-0.587434,-0.046318,0.692319
6.960000,0.437458,-0.611362,-3.122685,-1.287776,-0.496795,-0.738464,-0.565294,-0.030879,0.744391
6.980000,0.411591,-0.621303,-3.137302,-1.298860,-0.497258,-0.723056,-0.543154,-0.015439,0.796464
7.000000,0.385507,-0.631250,-3.151600,-1.309502,-0.497412,-0.706606,-0.521013,0.000000,0.848536
7.020000,0.359214,-0.641197,-3.165559,-1.319701,-0.497258,-0.689114,-0.498873,0.015440,0.900609
7.040000,0.332722,-0.651138,-3.179157,-1.329457,-0.496795,-0.670581,-0.476733,0.030879,0.952681
7.060000,0.306039,-0.661067,-3.192375,-1.338770,-0.496023,-0.651007,-0.454593,0.046319,1.004754
7.080000,0.279174,-0.670977,-3.205191,-1.347641,-0.494942,-0.630391,-0.432452,0.061758,1.056826
7.100000,0.252136,-0.680863,-3.217584,-1.356068,-0.493553,-0.608734,-0.410312,0.077198,1.108899
7.120000,0.224934,-0.690717,-3.229533,-1.364053,-0.491854,-0.586035,-0.388172,0.092637,1.160971
7.140000,0.197577,-0.700535,-3.241018,-1.371595,-0.489847,-0.562295,-0.366032,0.108077,1.213044
7.160000,0.170073,-0.710309,-3.252018,-1.378694,-0.487531,-0.537513,-0.343891,0.123516,1.265116
7.180000,0.142432,-0.720034,-3.262512,-1.385351,-0.484906,-0.511690,-0.321751,0.138956,1.317189
7.200000,0.114662,-0.729703,-3.272479,-1.391564,-0.481973,-0.484826,-0.299611,0.154395,1.369261
7.220000,0.086772,-0.739311,-3.281898,-1.397335,-0.478731,-0.456920,-0.277471,0.169835,1.421334
7.240000,0.058772,-0.748850,-3.290749,-1.402663,-0.475179,-0.427973,-0.255330,0.185274,1.473406
7.260000,0.030669,-0.758316,-3.299010,-1.407548,-0.471320,-0.397984,-0.233190,0.200714,1.525479
7.280000,0.002473,-0.767701,-3.306661,-1.411991,-0.467151,-0.366953,-0.211050,0.216153,1.577551
7.300000,-0.025808,-0.777000,-3.313681,-1.415990,-0.462673,-0.334882,-0.188910,0.231593,1.629623
7.320000,-0.054164,-0.786206,-3.320049,-1.419547,-0.457887,-0.301768,-0.166769,0.247032,1.681696
7.340000,-0.082587,-0.795313,-3.325745,-1.422661,-0.452792,-0.267614,-0.144629,0.262472,1.733768
7.360000,-0.111068,-0.804316,-3.330747,-1.425332,-0.447388,-0.232418,-0.122489,0.277911,1.785841
7.380000,-0.139597,-0.813207,-3.335035,-1.427561,-0.441676,-0.196180,-0.100349,0.293351,1.837913
7.400000,-0.168167,-0.821981,-3.338587,-1.429346,-0.435654,-0.158901,-0.078208,0.308790,1.889986
7.420000,-0.196768,-0.830631,-3.341384,-1.430689,-0.429324,-0.120581,-0.056068,0.324230,1.942058
7.440000,-0.225392,-0.839152,-3.343403,-1.431589,-0.422685,-0.081219,-0.033928,0.339669,1.994131
7.460000,-0.254029,-0.847536,-3.344626,-1.432046,-0.415737,-0.040815,-0.011788,0.355108,2.046203
7.480000,-0.282671,-0.855779,-3.345029,-1.432061,-0.408481,0.000629,0.010353,0.370548,2.098276
7.500000,-0.311308,-0.863873,-3.344593,-1.431632,-0.400915,0.043116,0.032493,0.385987,2.150348
7.520000,-0.339933,-0.871814,-3.343298,-1.430761,-0.393041,0.086643,0.054633,0.401427,2.202421
7.540000,-0.368536,-0.879593,-3.341121,-1.429447,-0.384858,0.131212,0.076773,0.416866,2.254493
7.560000,-0.397108,-0.887206,-3.338042,-1.427690,-0.376367,0.176823,0.098914,0.432306,2.306566
7.580000,-0.425640,-0.894646,-3.334041,-1.425490,-0.367566,0.223475,0.121054,0.447745,2.358638
7.600000,-0.454125,-0.901906,-3.329096,-1.422848,-0.358457,0.271168,0.143194,0.463185,2.410711
7.620000,-0.482551,-0.908982,-3.323187,-1.419763,-0.349039,0.319903,0.165334,0.478624,2.462783
7.640000,-0.510912,-0.915866,-3.316293,-1.416234,-0.339312,0.369680,0.187475,0.494064,2.514855
7.660000,-0.539198,-0.922552,-3.308393,-1.412264,-0.329276,0.420498,0.209615,0.509503,2.566928
7.680000,-0.567400,-0.929035,-3.299466,-1.407850,-0.318932,0.472357,0.231755,0.524943,2.619000
7.700000,-0.595509,-0.935308,-3.289492,-1.402993,-0.308279,0.525258,0.253895,0.540382,2.671073
7.720000,-0.623516,-0.941364,-3.278449,-1.397694,-0.297316,0.579200,0.276036,0.555822,2.723145
7.740000,-0.651414,-0.947198,-3.266317,-1.391952,-0.286046,0.634183,0.298176,0.571261,2.775218
7.760000,-0.679192,-0.952804,-3.253075,-1.385767,-0.274466,0.690209,0.320316,0.586701,2.827290
7.780000,-0.706841,-0.958175,-3.238702,-1.379139,-0.262578,0.747275,0.342456,0.602140,2.879363
7.800000,-0.734354,-0.963305,-3.223177,-1.372069,-0.250380,0.805383,0.364596,0.617580,2.931435
7.820000,-0.761721,-0.968188,-3.206479,-1.364555,-0.237874,0.864532,0.386737,0.633019,2.983508
7.840000,-0.788933,-0.972818,-3.188589,-1.356599,-0.225060,0.924723,0.408877,0.648459,3.035580
7.860000,-0.815982,-0.977188,-3.169484,-1.348200,-0.211936,0.985956,0.431017,0.663898,3.087653
7.880000,-0.842859,-0.981293,-3.149143,-1.339359,-0.198504,1.048229,0.453157,0.679338,3.139725
7.900000,-0.869554,-0.985126,-3.127547,-1.330074,-0.184763,1.111545,0.475298,0.694777,3.191798
7.920000,-0.896059,-0.988682,-3.104675,-1.320347,-0.170713,1.175901,0.497438,0.710217,3.243870
7.940000,-0.922365,-0.991953,-3.080504,-1.310177,-0.156354,1.241299,0.519578,0.725656,3.295943
7.960000,-0.948463,-0.994934,-3.055016,-1.299564,-0.141686,1.307739,0.541718,0.741096,3.348015
7.980000,-0.974344,-0.997618,-3.028188,-1.288508,-0.126710,1.375220,0.563859,0.756535,3.400087
8.000000,-1.000000,-1.000000,-3.000000,-1.277009,-0.111425,1.443743,0.585999,0.771975,3.452160
8.020000,-1.025413,-1.002077,-2.970445,-1.263839,-0.096377,1.511313,0.730998,0.732822,3.304904
8.040000,-1.050534,-1.003860,-2.939567,-1.247769,-0.082112,1.575939,0.875998,0.693669,3.157649
8.060000,-1.075305,-1.005366,-2.907427,-1.228799,-0.068630,1.637619,1.020998,0.654516,3.010393
8.080000,-1.099667,-1.006611,-2.874082,-1.206929,-0.055931,1.696354,1.165997,0.615363,2.863137
8.100000,-1.123563,-1.007609,-2.839592,-1.182159,-0.044016,1.752145,1.310997,0.576210,2.715882
8.120000,-1.146934,-1.008377,-2.804016,-1.154490,-0.032883,1.804990,1.455996,0.537057,2.568626
8.140000,-1.169723,-1.008929,-2.767412,-1.123920,-0.022533,1.854890,1.600996,0.497904,2.421371
8.160000,-1.191871,-1.009283,-2.729840,-1.090450,-0.012967,1.901845,1.745995,0.458751,2.274115
8.180000,-1.213321,-1.009453,-2.691358,-1.054080,-0.004183,1.945854,1.890995,0.419598,2.126859
8.200000,-1.234015,-1.009456,-2.652025,-1.014810,0.003817,1.986919,2.035994,0.380445,1.979604
8.220000,-1.253895,-1.009306,-2.611901,-0.972640,0.011034,2.025038,2.180994,0.341292,1.832348
8.240000,-1.272901,-1.009020,-2.571043,-0.927570,0.017469,2.060213,2.325993,0.302139,1.685092
8.260000,-1.290978,-1.008612,-2.529512,-0.879600,0.023120,2.092442,2.470993,0.262986,1.537837
8.280000,-1.308066,-1.008100,-2.487365,-0.828730,0.027988,2.121726,2.615992,0.223833,1.390581
8.300000,-1.324108,-1.007498,-2.444663,-0.774961,0.032073,2.148065,2.760992,0.184680,1.243326
8.320000,-1.339045,-1.006822,-2.401462,-0.718291,0.035375,2.171459,2.905991,0.145527,1.096070
8.340000,-1.352820,-1.006088,-2.357824,-0.658721,0.037894,2.191908,3.050991,0.106374,0.948814
8.360000,-1.365375,-1.005312,-2.313806,-0.596251,0.039630,2.209412,3.195991,0.067221,0.801559
8.380000,-1.376651,-1.004508,-2.269467,-0.530881,0.040583,2.223971,3.340990,0.028068,0.654303
8.400000,-1.386591,-1.003694,-2.224867,-0.462612,0.040753,2.235584,3.485990,-0.011085,0.507047
8.420000,-1.395136,-1.002883,-2.180063,-0.391442,0.040140,2.244252,3.630989,-0.050238,0.359792
8.440000,-1.402229,-1.002093,-2.135116,-0.317372,0.038743,2.249976,3.775989,-0.089391,0.212536
8.460000,-1.407812,-1.001339,-2.090084,-0.240402,0.036564,2.252754,3.920988,-0.128544,0.065280
8.480000,-1.411826,-1.000636,-2.045026,-0.160532,0.033602,2.252587,4.065988,-0.167697,-0.081975
8.500000,-1.414214,-1.000000,-2.000000,-0.077763,0.029856,2.249475,4.210987,-0.206850,-0.229231
8.520000,-1.414931,-0.999444,-1.955062,0.005754,0.025824,2.243968,4.140640,-0.196359,-0.321471
8.540000,-1.413993,-0.998966,-1.910254,0.087863,0.022002,2.236616,4.070293,-0.185868,-0.413711
8.560000,-1.411426,-0.998562,-1.865610,0.168565,0.018389,2.227419,3.999945,-0.175377,-0.505952
8.580000,-1.407260,-0.998229,-1.821169,0.247861,0.014987,2.216378,3.929598,-0.164886,-0.598192
8.600000,-1.401521,-0.997961,-1.776967,0.325749,0.011794,2.203492,3.859250,-0.154395,-0.690432
8.620000,-1.394239,-0.997756,-1.733042,0.402231,0.008811,2.188761,3.788903,-0.143904,-0.782672
8.640000,-1.385441,-0.997607,-1.689429,0.477305,0.006038,2.172185,3.718556,-0.133413,-0.874912
8.660000,-1.375156,-0.997513,-1.646167,0.550973,0.003474,2.153764,3.648208,-0.122922,-0.967153
8.680000,-1.363412,-0.997467,-1.603291,0.623234,0.001121,2.133499,3.577861,-0.112431,-1.059393
8.700000,-1.350236,-0.997466,-1.560839,0.694087,-0.001023,2.111388,3.507514,-0.101940,-1.151633
8.720000,-1.335658,-0.997506,-1.518848,0.763534,-0.002957,2.087433,3.437166,-0.091449,-1.243873
8.740000,-1.319704,-0.997583,-1.477354,0.831574,-0.004681,2.061634,3.366819,-0.080958,-1.336114
8.760000,-1.302404,-0.997692,-1.436395,0.898207,-0.006195,2.033989,3.296471,-0.070467,-1.428354
8.780000,-1.283785,-0.997830,-1.396007,0.963433,-0.007499,2.004499,3.226124,-0.059976,-1.520594
8.800000,-1.263876,-0.997991,-1.356227,1.027252,-0.008594,1.973165,3.155777,-0.049485,-1.612834
8.820000,-1.242705,-0.998172,-1.317092,1.089664,-0.009479,1.939986,3.085429,-0.038994,-1.705075
8.840000,-1.220299,-0.998369,-1.278640,1.150669,-0.010154,1.904962,3.015082,-0.028503,-1.797315
8.860000,-1.196687,-0.998577,-1.240906,1.210267,-0.010619,1.868093,2.944735,-0.018012,-1.889555
8.880000,-1.171898,-0.998792,-1.203928,1.268458,-0.010874,1.829380,2.874387,-0.007521,-1.981795
8.900000,-1.145958,-0.999010,-1.167743,1.325243,-0.010920,1.788822,2.804040,0.002970,-2.074036
8.920000,-1.118897,-0.999227,-1.132388,1.380620,-0.010755,1.746418,2.733692,0.013461,-2.166276
8.940000,-1.090743,-0.999439,-1.097899,1.434590,-0.010381,1.702171,2.663345,0.023952,-2.258516
8.960000,-1.061523,-0.999641,-1.064313,1.487154,-0.009797,1.656078,2.592998,0.034443,-2.350756
8.980000,-1.031266,-0.999830,-1.031668,1.538310,-0.009004,1.608140,2.522650,0.044934,-2.442997
9.000000,-1.000000,-1.000000,-1.000000,1.588060,-0.008000,1.558358,2.452303,0.055425,-2.535237
9.020000,-0.967755,-1.000149,-0.969343,1.636141,-0.006920,1.507192,2.355758,0.052614,-2.581375
9.040000,-0.934567,-1.000277,-0.939718,1.682290,-0.005895,1.455103,2.259213,0.049803,-2.627514
9.060000,-0.900476,-1.000385,-0.911145,1.726509,-0.004927,1.402091,2.162668,0.046992,-2.673652
9.080000,-0.865520,-1.000475,-0.883641,1.768797,-0.004016,1.348157,2.066123,0.044181,-2.719790
9.100000,-0.829737,-1.000546,-0.857225,1.809154,-0.003160,1.293300,1.969577,0.041370,-2.765929
9.120000,-0.793166,-1.000601,-0.831915,1.847580,-0.002361,1.237520,1.873032,0.038559,-2.812067
9.140000,-0.755847,-1.000641,-0.807730,1.884075,-0.001618,1.180817,1.776487,0.035748,-2.858205
9.160000,-0.717816,-1.000666,-0.784689,1.918640,-0.000931,1.123191,1.679942,0.032937,-2.904344
9.180000,-0.679114,-1.000679,-0.762809,1.951273,-0.000300,1.064643,1.583397,0.030126,-2.950482
9.200000,-0.639778,-1.000679,-0.742109,1.981975,0.000274,1.005172,1.486852,0.027315,-2.996621
9.220000,-0.599848,-1.000668,-0.722608,2.010747,0.000792,0.944778,1.390307,0.024504,-3.042759
9.240000,-0.559361,-1.000648,-0.704324,2.037588,0.001254,0.883462,1.293762,0.021693,-3.088897
9.260000,-0.518357,-1.000618,-0.687276,2.062497,0.001660,0.821223,1.197217,0.018882,-3.135036
9.280000,-0.476874,-1.000582,-0.671481,2.085476,0.002009,0.758060,1.100671,0.016070,-3.181174
9.300000,-0.434951,-1.000538,-0.656959,2.106524,0.002303,0.693976,1.004126,0.013259,-3.227312
9.320000,-0.392626,-1.000490,-0.643728,2.125641,0.002540,0.628968,0.907581,0.010448,-3.273451
9.340000,-0.349938,-1.000437,-0.631807,2.142828,0.002721,0.563038,0.811036,0.007637,-3.319589
9.360000,-0.306926,-1.000381,-0.621213,2.158083,0.002845,0.496184,0.714491,0.004826,-3.365727
9.380000,-0.263628,-1.000324,-0.611966,2.171407,0.002914,0.428408,0.617946,0.002015,-3.411866
9.400000,-0.220083,-1.000265,-0.604083,2.182801,0.002926,0.359710,0.521401,-0.000796,-3.458004
9.420000,-0.176329,-1.000207,-0.597583,2.192263,0.002882,0.290088,0.424856,-0.003607,-3.504143
9.440000,-0.132405,-1.000150,-0.592486,2.199795,0.002782,0.219544,0.328311,-0.006418,-3.550281
9.460000,-0.088350,-1.000096,-0.588808,2.205396,0.002625,0.148077,0.231766,-0.009229,-3.596419
9.480000,-0.044202,-1.000046,-0.586569,2.209066,0.002412,0.075687,0.135220,-0.012040,-3.642558
9.500000,0.000000,-1.000000,-0.585786,2.210804,0.002144,0.002375,0.038675,-0.014851,-3.688696
9.520000,0.044217,-0.999960,-0.586474,2.210520,0.001854,-0.070961,-0.067152,-0.014098,-3.644837
9.540000,0.088407,-0.999926,-0.588619,2.208118,0.001580,-0.143419,-0.172979,-0.013345,-3.600979
9.560000,0.132527,-0.999897,-0.592205,2.203601,0.001320,-0.215000,-0.278806,-0.012591,-3.557120
9.580000,0.176537,-0.999873,-0.597213,2.196966,0.001076,-0.285704,-0.384633,-0.011838,-3.513261
9.600000,0.220392,-0.999854,-0.603627,2.188215,0.000847,-0.355530,-0.490461,-0.011085,-3.469403
9.620000,0.264051,-0.999839,-0.611429,2.177348,0.000633,-0.424480,-0.596288,-0.010332,-3.425544
9.640000,0.307472,-0.999828,-0.620600,2.164364,0.000433,-0.492552,-0.702115,-0.009579,-3.381686
9.660000,0.350612,-0.999821,-0.631125,2.149263,0.000249,-0.559747,-0.807942,-0.008825,-3.337827
9.680000,0.393428,-0.999818,-0.642984,2.132046,0.000080,-0.626065,-0.913769,-0.008072,-3.293968
9.700000,0.435879,-0.999818,-0.656162,2.112712,-0.000073,-0.691506,-1.019597,-0.007319,-3.250110
9.720000,0.477923,-0.999821,-0.670639,2.091262,-0.000212,-0.756069,-1.125424,-0.006566,-3.206251
9.740000,0.519516,-0.999826,-0.686398,2.067695,-0.000336,-0.819756,-1.231251,-0.005813,-3.162392
9.760000,0.560616,-0.999834,-0.703423,2.042012,-0.000445,-0.882565,-1.337078,-0.005059,-3.118534
9.780000,0.601182,-0.999844,-0.721695,2.014212,-0.000538,-0.944497,-1.442905,-0.004306,-3.074675
9.800000,0.641171,-0.999856,-0.741197,1.984296,-0.000617,-1.005552,-1.548732,-0.003553,-3.030816
9.820000,0.680540,-0.999869,-0.761911,1.952263,-0.000681,-1.065730,-1.654560,-0.002800,-2.986958
9.840000,0.719247,-0.999883,-0.783821,1.918114,-0.000729,-1.125030,-1.760387,-0.002046,-2.943099
9.860000,0.757250,-0.999898,-0.806907,1.881848,-0.000762,-1.183454,-1.866214,-0.001293,-2.899240
9.880000,0.794507,-0.999913,-0.831153,1.843465,-0.000781,-1.241000,-1.972041,-0.000540,-2.855382
9.900000,0.830975,-0.999929,-0.856541,1.802966,-0.000784,-1.297669,-2.077868,0.000213,-2.811523
9.920000,0.866611,-0.999945,-0.883054,1.760350,-0.000772,-1.353461,-2.183696,0.000966,-2.767664
9.940000,0.901375,-0.999960,-0.910674,1.715618,-0.000745,-1.408376,-2.289523,0.001720,-2.723806
9.960000,0.935222,-0.999974,-0.939383,1.668769,-0.000703,-1.462413,-2.395350,0.002473,-2.679947
9.980000,0.968111,-0.999988,-0.969164,1.619804,-0.000646,-1.515574,-2.501177,0.003226,-2.636089
10.000000,1.000000,-1.000000,-1.000000,1.568722,-0.000574,-1.567857,-2.607004,0.003979,-2.592230
10.020000,1.030850,-1.000011,-1.031869,1.516157,-0.000497,-1.618665,-2.649505,0.003778,-2.488591
10.040000,1.060641,-1.000020,-1.064733,1.462742,-0.000423,-1.667400,-2.692007,0.003576,-2.384952
10.060000,1.089354,-1.000028,-1.098551,1.408477,-0.000354,-1.714063,-2.734508,0.003374,-2.281313
10.080000,1.116974,-1.000034,-1.133281,1.353362,-0.000288,-1.758653,-2.777009,0.003172,-2.177675
10.100000,1.143483,-1.000039,-1.168883,1.297397,-0.000227,-1.801170,-2.819510,0.002970,-2.074036
10.120000,1.168864,-1.000043,-1.205314,1.240581,-0.000170,-1.841614,-2.862011,0.002768,-1.970397
10.140000,1.193101,-1.000046,-1.242534,1.182916,-0.000116,-1.879986,-2.904512,0.002567,-1.866758
10.160000,1.216175,-1.000048,-1.280500,1.124401,-0.000067,-1.916285,-2.947013,0.002365,-1.763119
10.180000,1.238071,-1.000049,-1.319171,1.065036,-0.000022,-1.950511,-2.989515,0.002163,-1.659480
10.200000,1.258771,-1.000049,-1.358507,1.004820,0.000020,-1.982664,-3.032016,0.001961,-1.555842
10.220000,1.278258,-1.000048,-1.398464,0.943755,0.000057,-2.012744,-3.074517,0.001759,-1.452203
10.240000,1.296515,-1.000046,-1.439003,0.881840,0.000090,-2.040752,-3.117018,0.001557,-1.348564
10.260000,1.313526,-1.000044,-1.480080,0.819074,0.000119,-2.066687,-3.159519,0.001356,-1.244925
10.280000,1.329273,-1.000042,-1.521656,0.755459,0.000144,-2.090549,-3.202020,0.001154,-1.141286
10.300000,1.343739,-1.000039,-1.563689,0.690993,0.000165,-2.112338,-3.244521,0.000952,-1.037647
10.320000,1.356907,-1.000035,-1.606136,0.625678,0.000182,-2.132055,-3.287022,0.000750,-0.934008
10.340000,1.368760,-1.000031,-1.648957,0.559512,0.000195,-2.149699,-3.329524,0.000548,-0.830370
10.360000,1.379282,-1.000027,-1.692110,0.492497,0.000204,-2.165270,-3.372025,0.000347,-0.726731
10.380000,1.388454,-1.000023,-1.735554,0.424632,0.000209,-2.178768,-3.414526,0.000145,-0.623092
10.400000,1.396261,-1.000019,-1.779247,0.355916,0.000210,-2.190193,-3.457027,-0.000057,-0.519453
10.420000,1.402685,-1.000015,-1.823148,0.286350,0.000207,-2.199546,-3.499528,-0.000259,-0.415814
10.440000,1.407710,-1.000011,-1.867215,0.215935,0.000200,-2.206826,-3.542029,-0.000461,-0.312175
10.460000,1.411317,-1.000007,-1.911407,0.144669,0.000188,-2.212033,-3.584530,-0.000663,-0.208537
10.480000,1.413491,-1.000003,-1.955683,0.072554,0.000173,-2.215167,-3.627032,-0.000864,-0.104898
10.500000,1.414214,-1.000000,-2.000000,-0.000412,0.000154,-2.216229,-3.669533,-0.001066,-0.001259
10.520000,1.413474,-0.999997,-2.044318,-0.073374,0.000133,-2.215215,-3.626636,-0.001012,0.102682
10.540000,1.411284,-0.999995,-2.088595,-0.145477,0.000113,-2.212122,-3.583739,-0.000958,0.206623
10.560000,1.407661,-0.999993,-2.132789,-0.216723,0.000095,-2.206950,-3.540843,-0.000904,0.310564
10.580000,1.402621,-0.999991,-2.176859,-0.287111,0.000077,-2.199699,-3.497946,-0.000850,0.414505
10.600000,1.396182,-0.999989,-2.220763,-0.356641,0.000061,-2.190370,-3.455049,-0.000796,0.518446
10.620000,1.388361,-0.999988,-2.264460,-0.425313,0.000045,-2.178961,-3.412153,-0.000742,0.622387
10.640000,1.379175,-0.999988,-2.307908,-0.493127,0.000031,-2.165474,-3.369256,-0.000688,0.726328
10.660000,1.368642,-0.999987,-2.351065,-0.560083,0.000018,-2.149908,-3.326359,-0.000634,0.830269
10.680000,1.356778,-0.999987,-2.393890,-0.626182,0.000006,-2.132263,-3.283463,-0.000580,0.934210
10.700000,1.343600,-0.999987,-2.436342,-0.691422,-0.000005,-2.112540,-3.240566,-0.000525,1.038151
10.720000,1.329127,-0.999987,-2.478378,-0.755804,-0.000015,-2.090737,-3.197669,-0.000471,1.142092
10.740000,1.313374,-0.999988,-2.519957,-0.819329,-0.000024,-2.066856,-3.154773,-0.000417,1.246033
10.760000,1.296359,-0.999988,-2.561038,-0.881995,-0.000032,-2.040896,-3.111876,-0.000363,1.349974
10.780000,1.278100,-0.999989,-2.601579,-0.943804,-0.000039,-2.012857,-3.068979,-0.000309,1.453915
10.800000,1.258613,-0.999990,-2.641539,-1.004754,-0.000044,-1.982739,-3.026083,-0.000255,1.557856
10.820000,1.237915,-0.999991,-2.680875,-1.064847,-0.000049,-1.950543,-2.983186,-0.000201,1.661797
10.840000,1.216025,-0.999992,-2.719546,-1.124082,-0.000052,-1.916268,-2.940289,-0.000147,1.765738
10.860000,1.192958,-0.999993,-2.757512,-1.182459,-0.000055,-1.879913,-2.897393,-0.000093,1.869679
10.880000,1.168732,-0.999994,-2.794729,-1.239977,-0.000056,-1.841480,-2.854496,-0.000039,1.973620
10.900000,1.143364,-0.999995,-2.831157,-1.296638,-0.000056,-1.800969,-2.811599,0.000015,2.077561
10.920000,1.116872,-0.999996,-2.866754,-1.352441,-0.000055,-1.758378,-2.768703,0.000069,2.181502
10.940000,1.089272,-0.999997,-2.901478,-1.407387,-0.000054,-1.713709,-2.725806,0.000123,2.285443
10.960000,1.060582,-0.999998,-2.935289,-1.461474,-0.000051,-1.666960,-2.682909,0.000178,2.389384
10.980000,1.030819,-0.999999,-2.968143,-1.514703,-0.000046,-1.618133,-2.640013,0.000232,2.493325
11.000000,1.000000,-1.000000,-3.000000,-1.567074,-0.000041,-1.567227,-2.597116,0.000286,2.597266
11.020000,0.968146,-1.000001,-3.030822,-1.617978,-0.000036,-1.514852,-2.493267,0.000271,2.640218
11.040000,0.935295,-1.000001,-3.060588,-1.666805,-0.000030,-1.461619,-2.389417,0.000257,2.683170
11.060000,0.901488,-1.000002,-3.089281,-1.713555,-0.000025,-1.407526,-2.285567,0.000242,2.726122
11.080000,0.866766,-1.000002,-3.116884,-1.758228,-0.000021,-1.352574,-2.181718,0.000228,2.769074
11.100000,0.831172,-1.000003,-3.143378,-1.800823,-0.000016,-1.296763,-2.077868,0.000213,2.812027
11.120000,0.794747,-1.000003,-3.168748,-1.841342,-0.000012,-1.240093,-1.974019,0.000199,2.854979
11.140000,0.757533,-1.000003,-3.192976,-1.879784,-0.000008,-1.182564,-1.870169,0.000184,2.897931
11.160000,0.719570,-1.000003,-3.216045,-1.916149,-0.000005,-1.124175,-1.766320,0.000170,2.940883
11.180000,0.680900,-1.000003,-3.237938,-1.950437,-0.000002,-1.064928,-1.662470,0.000155,2.983836
11.200000,0.641566,-1.000003,-3.258637,-1.982648,0.000001,-1.004822,-1.558621,0.000141,3.026788
11.220000,0.601608,-1.000003,-3.278125,-2.012782,0.000004,-0.943857,-1.454771,0.000126,3.069740
11.240000,0.561069,-1.000003,-3.296385,-2.040839,0.000006,-0.882032,-1.350922,0.000112,3.112692
11.260000,0.519989,-1.000003,-3.313400,-2.066819,0.000009,-0.819349,-1.247072,0.000097,3.155644
11.280000,0.478410,-1.000003,-3.329153,-2.090722,0.000010,-0.755807,-1.143222,0.000083,3.198597
11.300000,0.436374,-1.000003,-3.343627,-2.112548,0.000012,-0.691405,-1.039373,0.000068,3.241549
11.320000,0.393922,-1.000003,-3.356804,-2.132297,0.000013,-0.626145,-0.935523,0.000054,3.284501
11.340000,0.351096,-1.000002,-3.368667,-2.149968,0.000014,-0.560025,-0.831674,0.000039,3.327453
11.360000,0.307937,-1.000002,-3.379199,-2.165563,0.000015,-0.493047,-0.727824,0.000025,3.370405
11.380000,0.264487,-1.000002,-3.388383,-2.179081,0.000015,-0.425209,-0.623975,0.000010,3.413358
11.400000,0.220787,-1.000001,-3.396202,-2.190522,0.000015,-0.356512,-0.520125,-0.000004,3.456310
11.420000,0.176880,-1.000001,-3.402638,-2.199886,0.000015,-0.286956,-0.416276,-0.000019,3.499262
11.440000,0.132806,-1.000001,-3.407674,-2.207173,0.000014,-0.216542,-0.312426,-0.000033,3.542214
11.460000,0.088607,-1.000000,-3.411294,-2.212383,0.000014,-0.145268,-0.208576,-0.000048,3.585166
11.480000,0.044324,-1.000000,-3.413479,-2.215517,0.000012,-0.073135,-0.104727,-0.000062,3.628119
11.500000,-0.000000,-1.000000,-3.414214,-2.216573,0.000011,-0.000143,-0.000877,-0.000077,3.671071
11.520000,-0.044325,-1.000000,-3.413485,-2.215550,0.000010,0.072850,0.103183,-0.000073,3.628256
11.540000,-0.088608,-1.000000,-3.411305,-2.212445,0.000008,0.144987,0.207243,-0.000069,3.585441
11.560000,-0.132809,-0.999999,-3.407691,-2.207260,0.000007,0.216268,0.311303,-0.000065,3.542627
11.580000,-0.176885,-0.999999,-3.402660,-2.199993,0.000006,0.286692,0.415363,-0.000061,3.499812
11.600000,-0.220794,-0.999999,-3.396229,-2.190645,0.000004,0.356260,0.519423,-0.000057,3.456997
11.620000,-0.264497,-0.999999,-3.388416,-2.179216,0.000003,0.424972,0.623483,-0.000053,3.414182
11.640000,-0.307949,-0.999999,-3.379236,-2.165706,0.000002,0.492828,0.727543,-0.000049,3.371368
11.660000,-0.351111,-0.999999,-3.368708,-2.150114,0.000001,0.559827,0.831604,-0.000045,3.328553
11.680000,-0.393940,-0.999999,-3.356849,-2.132442,0.000000,0.625970,0.935664,-0.000042,3.285738
11.700000,-0.436395,-0.999999,-3.343675,-2.112688,-0.000000,0.691256,1.039724,-0.000038,3.242923
11.720000,-0.478434,-0.999999,-3.329204,-2.090853,-0.000001,0.755687,1.143784,-0.000034,3.200108
11.740000,-0.520015,-0.999999,-3.313453,-2.066937,-0.000002,0.819261,1.247844,-0.000030,3.157294
11.760000,-0.561097,-0.999999,-3.296440,-2.040939,-0.000002,0.881978,1.351904,-0.000026,3.114479
11.780000,-0.601639,-0.999999,-3.278180,-2.012860,-0.000003,0.943840,1.455964,-0.000022,3.071664
11.800000,-0.641598,-0.999999,-3.258692,-1.982701,-0.000003,1.004845,1.560024,-0.000018,3.028849
11.820000,-0.680933,-0.999999,-3.237992,-1.950459,-0.000004,1.064994,1.664085,-0.000014,2.986035
11.840000,-0.719602,-0.999999,-3.216098,-1.916137,-0.000004,1.124286,1.768145,-0.000011,2.943220
11.860000,-0.757564,-0.999999,-3.193026,-1.879734,-0.000004,1.182723,1.872205,-0.000007,2.900405
11.880000,-0.794778,-1.000000,-3.168794,-1.841249,-0.000004,1.240302,1.976265,-0.000003,2.857590
11.900000,-0.831200,-1.000000,-3.143420,-1.800683,-0.000004,1.297026,2.080325,0.000001,2.814776
11.920000,-0.866791,-1.000000,-3.116919,-1.758036,-0.000004,1.352893,2.184385,0.000005,2.771961
11.940000,-0.901508,-1.000000,-3.089310,-1.713308,-0.000004,1.407905,2.288445,0.000009,2.729146
11.960000,-0.935310,-1.000000,-3.060609,-1.666498,-0.000004,1.462059,2.392505,0.000013,2.686331
11.980000,-0.968154,-1.000000,-3.030833,-1.617607,-0.000003,1.515358,2.496565,0.000017,2.643517
12.000000,-1.000000,-1.000000,-3.000000,-1.566636,-0.000003,1.567800,2.600626,0.000021,2.600702
12.020000,-1.030810,-1.000000,-2.968131,-1.514200,-0.000003,1.618768,2.642891,0.000019,2.496074
12.040000,-1.060562,-1.000000,-2.935263,-1.460920,-0.000002,1.667643,2.685156,0.000018,2.391445
12.060000,-1.089241,-1.000000,-2.901439,-1.406794,-0.000002,1.714426,2.727420,0.000017,2.286817
12.080000,-1.116829,-1.000000,-2.866700,-1.351823,-0.000001,1.759116,2.769685,0.000016,2.182189
12.100000,-1.143308,-1.000000,-2.831088,-1.296007,-0.000001,1.801713,2.811950,0.000015,2.077561
12.120000,-1.168663,-1.000000,-2.794646,-1.239345,-0.000001,1.842218,2.854215,0.000014,1.972933
12.140000,-1.192876,-1.000000,-2.757414,-1.181838,-0.000001,1.880630,2.896480,0.000013,1.868304
12.160000,-1.215931,-1.000000,-2.719434,-1.123486,-0.000000,1.916950,2.938745,0.000012,1.763676
12.180000,-1.237810,-1.000000,-2.680750,-1.064288,-0.000000,1.951177,2.981010,0.000011,1.659048
12.200000,-1.258497,-1.000000,-2.641401,-1.004245,0.000000,1.983312,3.023275,0.000010,1.554420
12.220000,-1.277974,-1.000000,-2.601431,-0.943357,0.000000,2.013354,3.065540,0.000009,1.449791
12.240000,-1.296226,-1.000000,-2.560881,-0.881624,0.000000,2.041304,3.107805,0.000008,1.345163
12.260000,-1.313234,-1.000000,-2.519793,-0.819045,0.000001,2.067161,3.150070,0.000007,1.240535
12.280000,-1.328982,-1.000000,-2.478208,-0.755621,0.000001,2.090925,3.192335,0.000006,1.135907
12.300000,-1.343453,-1.000000,-2.436170,-0.691352,0.000001,2.112597,3.234600,0.000005,1.031279
12.320000,-1.356630,-1.000000,-2.393719,-0.626237,0.000001,2.132176,3.276865,0.000004,0.926650
12.340000,-1.368497,-1.000000,-2.350897,-0.560277,0.000001,2.149663,3.319130,0.000003,0.822022
12.360000,-1.379036,-1.000000,-2.307746,-0.493472,0.000001,2.165057,3.361395,0.000002,0.717394
12.380000,-1.388230,-1.000000,-2.264308,-0.425821,0.000001,2.178359,3.403660,0.000001,0.612766
12.400000,-1.396063,-1.000000,-2.220626,-0.357325,0.000001,2.189568,3.445925,-0.000000,0.508138
12.420000,-1.402517,-1.000000,-2.176740,-0.287984,0.000001,2.198684,3.488190,-0.000001,0.403509
12.440000,-1.407577,-1.000000,-2.132692,-0.217798,0.000001,2.205708,3.530455,-0.000002,0.298881
12.460000,-1.411224,-1.000000,-2.088525,-0.146766,0.000001,2.210640,3.572720,-0.000003,0.194253
12.480000,-1.413442,-1.000000,-2.044281,-0.074889,0.000001,2.213478,3.614985,-0.000004,0.089625
12.500000,-1.414214,-1.000000,-2.000000,-0.002167,0.000001,2.214225,3.657249,-0.000005,-0.015003
12.520000,-1.413528,-1.000000,-1.955725,0.070576,0.000001,2.212914,3.617065,-0.000005,-0.116031
12.540000,-1.411396,-1.000000,-1.911497,0.142516,0.000001,2.209583,3.576880,-0.000005,-0.217058
12.560000,-1.407833,-1.000000,-1.867355,0.213652,0.000000,2.204232,3.536695,-0.000005,-0.318086
12.580000,-1.402855,-1.000000,-1.823341,0.283984,0.000000,2.196860,3.496510,-0.000004,-0.419113
12.600000,-1.396479,-1.000000,-1.779494,0.353512,0.000000,2.187467,3.456325,-0.000004,-0.520140
12.620000,-1.388720,-1.000000,-1.735856,0.422237,0.000000,2.176054,3.416140,-0.000004,-0.621168
12.640000,-1.379595,-1.000000,-1.692466,0.490158,0.000000,2.162621,3.375955,-0.000004,-0.722195
12.660000,-1.369119,-1.000000,-1.649365,0.557275,0.000000,2.147167,3.335770,-0.000003,-0.823223
12.680000,-1.357309,-1.000000,-1.606593,0.623588,0.000000,2.129692,3.295586,-0.000003,-0.924250
12.700000,-1.344181,-1.000000,-1.564190,0.689098,-0.000000,2.110197,3.255401,-0.000003,-1.025277
12.720000,-1.329751,-1.000000,-1.522198,0.753804,-0.000000,2.088681,3.215216,-0.000002,-1.126305
12.740000,-1.314034,-1.000000,-1.480657,0.817707,-0.000000,2.065144,3.175031,-0.000002,-1.227332
12.760000,-1.297048,-1.000000,-1.439606,0.880806,-0.000000,2.039587,3.134846,-0.000002,-1.328359
12.780000,-1.278807,-1.000000,-1.399087,0.943101,-0.000000,2.012010,3.094661,-0.000002,-1.429387
12.800000,-1.259329,-1.000000,-1.359139,1.004592,-0.000000,1.982412,3.054476,-0.000001,-1.530414
12.820000,-1.238629,-1.000000,-1.319804,1.065280,-0.000000,1.950793,3.014291,-0.000001,-1.631442
12.840000,-1.216723,-1.000000,-1.281121,1.125164,-0.000000,1.917154,2.974106,-0.000001,-1.732469
12.860000,-1.193628,-1.000000,-1.243131,1.184244,-0.000000,1.881495,2.933922,-0.000000,-1.833496
12.880000,-1.169359,-1.000000,-1.205874,1.242521,-0.000000,1.843814,2.893737,-0.000000,-1.934524
12.900000,-1.143932,-1.000000,-1.169392,1.299994,-0.000000,1.804114,2.853552,0.000000,-2.035551
12.920000,-1.117364,-1.000000,-1.133723,1.356663,-0.000000,1.762392,2.813367,0.000000,-2.136579
12.940000,-1.089671,-1.000000,-1.098909,1.412528,-0.000000,1.718651,2.773182,0.000001,-2.237606
12.960000,-1.060869,-1.000000,-1.064991,1.467590,-0.000000,1.672888,2.732997,0.000001,-2.338633
12.980000,-1.030973,-1.000000,-1.032007,1.521848,-0.000000,1.625105,2.692812,0.000001,-2.439661
13.000000,-1.000000,-1.000000,-1.000000,1.575302,-0.000000,1.575302,2.652627,0.000001,-2.540688
13.020000,-0.967971,-1.000000,-0.969006,1.627210,-0.000000,1.523952,2.538167,0.000001,-2.594305
13.040000,-0.934927,-1.000000,-0.939049,1.676829,-0.000000,1.471529,2.423706,0.000001,-2.647923
13.060000,-0.900913,-1.000000,-0.910152,1.724159,-0.000000,1.418035,2.309246,0.000001,-2.701540
13.080000,-0.865976,-1.000000,-0.882335,1.769199,-0.000000,1.363468,2.194785,0.000001,-2.755157
13.100000,-0.830160,-1.000000,-0.855620,1.811950,-0.000000,1.307829,2.080325,0.000001,-2.808774
13.120000,-0.793513,-1.000000,-0.830029,1.852412,-0.000000,1.251117,1.965865,0.000001,-2.862391
13.140000,-0.756079,-1.000000,-0.805583,1.890585,-0.000000,1.193333,1.851404,0.000001,-2.916009
13.160000,-0.717905,-1.000000,-0.782303,1.926468,-0.000000,1.134477,1.736944,0.000001,-2.969626
13.180000,-0.679036,-1.000000,-0.760211,1.960062,-0.000000,1.074548,1.622483,0.000001,-3.023243
13.200000,-0.639518,-1.000000,-0.739328,1.991367,0.000000,1.013547,1.508023,0.000001,-3.076860
13.220000,-0.599396,-1.000000,-0.719676,2.020383,0.000000,0.951473,1.393562,0.000001,-3.130478
13.240000,-0.558718,-1.000000,-0.701276,2.047110,0.000000,0.888328,1.279102,0.000001,-3.184095
13.260000,-0.517527,-1.000000,-0.684150,2.071547,0.000000,0.824110,1.164641,0.000001,-3.237712
13.280000,-0.475871,-1.000000,-0.668319,2.093696,0.000000,0.758819,1.050181,0.000000,-3.291329
13.300000,-0.433795,-1.000000,-0.653804,2.113555,0.000000,0.692457,0.935720,0.000000,-3.344946
13.320000,-0.391344,-1.000000,-0.640628,2.131124,0.000000,0.625021,0.821260,0.000000,-3.398564
13.340000,-0.348565,-1.000000,-0.628811,2.146405,0.000000,0.556514,0.706799,0.000000,-3.452181
13.360000,-0.305503,-1.000000,-0.618374,2.159396,0.000000,0.486934,0.592339,0.000000,-3.505798
13.380000,-0.262204,-1.000000,-0.609340,2.170099,0.000000,0.416282,0.477878,0.000000,-3.559415
13.400000,-0.218714,-1.000000,-0.601730,2.178512,0.000000,0.344558,0.363418,-0.000000,-3.613033
13.420000,-0.175079,-1.000000,-0.595565,2.184635,0.000000,0.271761,0.248957,-0.000000,-3.666650
13.440000,-0.131344,-1.000000,-0.590867,2.188470,0.000000,0.197892,0.134497,-0.000000,-3.720267
13.460000,-0.087556,-1.000000,-0.587657,2.190015,0.000000,0.122950,0.020036,-0.000000,-3.773884
13.480000,-0.043759,-1.000000,-0.585956,2.189271,0.000000,0.046936,-0.094424,-0.000000,-3.827501
13.500000,0.000000,-1.000000,-0.585786,2.186238,0.000000,-0.030150,-0.208885,-0.000000,-3.881119
13.520000,0.043679,-1.000000,-0.587160,2.181417,0.000000,-0.106947,-0.273213,-0.000000,-3.798557
13.540000,0.087248,-1.000000,-0.590053,2.175310,0.000000,-0.182092,-0.337541,-0.000000,-3.715996
13.560000,0.130683,-1.000000,-0.594433,2.167916,0.000000,-0.255587,-0.401869,-0.000000,-3.633435
13.580000,0.173956,-1.000000,-0.600266,2.159235,0.000000,-0.327430,-0.466197,-0.000000,-3.550874
13.600000,0.217043,-1.000000,-0.607519,2.149268,0.000000,-0.397622,-0.530525,-0.000000,-3.468313
13.620000,0.259918,-1.000000,-0.616160,2.138014,0.000000,-0.466162,-0.594854,-0.000000,-3.385751
13.640000,0.302555,-1.000000,-0.626155,2.125474,0.000000,-0.533052,-0.659182,-0.000000,-3.303190
13.660000,0.344929,-1.000000,-0.637471,2.111647,0.000000,-0.598290,-0.723510,-0.000000,-3.220629
13.680000,0.387013,-1.000000,-0.650075,2.096533,0.000000,-0.661877,-0.787838,-0.000000,-3.138068
13.700000,0.428781,-1.000000,-0.663935,2.080133,-0.000000,-0.723813,-0.852166,-0.000000,-3.055506
13.720000,0.470209,-1.000000,-0.679017,2.062446,-0.000000,-0.784097,-0.916494,-0.000000,-2.972945
13.740000,0.511271,-1.000000,-0.695288,2.043473,-0.000000,-0.842730,-0.980823,-0.000000,-2.890384
13.760000,0.551940,-1.000000,-0.712715,2.023214,-0.000000,-0.899712,-1.045151,-0.000000,-2.807823
13.780000,0.592191,-1.000000,-0.731265,2.001667,-0.000000,-0.955043,-1.109479,-0.000000,-2.725262
13.800000,0.631998,-1.000000,-0.750906,1.978834,-0.000000,-1.008723,-1.173807,-0.000000,-2.642700
13.820000,0.671335,-1.000000,-0.771603,1.954715,-0.000000,-1.060751,-1.238135,-0.000000,-2.560139
13.840000,0.710178,-1.000000,-0.793325,1.929309,-0.000000,-1.111128,-1.302463,-0.000000,-2.477578
13.860000,0.748499,-1.000000,-0.816037,1.902616,-0.000000,-1.159854,-1.366791,-0.000000,-2.395017
13.880000,0.786274,-1.000000,-0.839708,1.874637,-0.000000,-1.206929,-1.431120,-0.000000,-2.312455
13.900000,0.823476,-1.000000,-0.864303,1.845372,-0.000000,-1.252353,-1.495448,0.000000,-2.229894
13.920000,0.860080,-1.000000,-0.889791,1.814819,-0.000000,-1.296125,-1.559776,0.000000,-2.147333
13.940000,0.896060,-1.000000,-0.916137,1.782981,-0.000000,-1.338246,-1.624104,0.000000,-2.064772
13.960000,0.931391,-1.000000,-0.943310,1.749855,-0.000000,-1.378716,-1.688432,0.000000,-1.982211
13.980000,0.966046,-1.000000,-0.971275,1.715443,-0.000000,-1.417534,-1.752760,0.000000,-1.899649
14.000000,1.000000,-1.000000,-1.000000,1.679745,-0.000000,-1.454702,-1.817088,0.000000,-1.817088
14.020000,1.033219,-1.000000,-1.029460,1.641497,-0.000000,-1.491480,-2.007670,0.000000,-1.860781
14.040000,1.065634,-1.000000,-1.059665,1.599438,-0.000000,-1.529133,-2.198252,0.000000,-1.904473
14.060000,1.097171,-1.000000,-1.090632,1.553567,-0.000000,-1.567659,-2.388834,0.000000,-1.948166
14.080000,1.127752,-1.000000,-1.122377,1.503885,-0.000000,-1.607060,-2.579416,0.000000,-1.991859
14.100000,1.157301,-1.000000,-1.154920,1.450391,-0.000000,-1.647334,-2.769998,0.000000,-2.035551
14.120000,1.185742,-1.000000,-1.188276,1.393085,-0.000000,-1.688482,-2.960580,0.000000,-2.079244
14.140000,1.212999,-1.000000,-1.222465,1.331967,-0.000000,-1.730503,-3.151162,0.000000,-2.122936
14.160000,1.238995,-1.000000,-1.257502,1.267038,-0.000000,-1.773399,-3.341744,0.000000,-2.166629
14.180000,1.263655,-1.000000,-1.293407,1.198298,-0.000000,-1.817169,-3.532326,0.000000,-2.210322
14.200000,1.286902,-1.000000,-1.330195,1.125745,0.000000,-1.861812,-3.722907,0.000000,-2.254014
14.220000,1.308659,-1.000000,-1.367885,1.049381,0.000000,-1.907329,-3.913489,0.000000,-2.297707
14.240000,1.328852,-1.000000,-1.406494,0.969206,0.000000,-1.953720,-4.104071,0.000000,-2.341399
14.260000,1.347402,-1.000000,-1.446040,0.885218,0.000000,-2.000985,-4.294653,0.000000,-2.385092
14.280000,1.364235,-1.000000,-1.486539,0.797420,0.000000,-2.049124,-4.485235,0.000000,-2.428785
14.300000,1.379274,-1.000000,-1.528010,0.705809,0.000000,-2.098137,-4.675817,0.000000,-2.472477
14.320000,1.392442,-1.000000,-1.570470,0.610387,0.000000,-2.148023,-4.866399,0.000000,-2.516170
14.340000,1.403664,-1.000000,-1.613937,0.511153,0.000000,-2.198783,-5.056981,0.000000,-2.559863
14.360000,1.412863,-1.000000,-1.658428,0.408108,0.000000,-2.250417,-5.247563,0.000000,-2.603555
14.380000,1.419963,-1.000000,-1.703960,0.301251,0.000000,-2.302926,-5.438144,0.000000,-2.647248
14.400000,1.424887,-1.000000,-1.750550,0.190582,0.000000,-2.356307,-5.628726,-0.000000,-2.690940
14.420000,1.427560,-1.000000,-1.798218,0.076102,0.000000,-2.410563,-5.819308,-0.000000,-2.734633
14.440000,1.427906,-1.000000,-1.846979,-0.042190,0.000000,-2.465693,-6.009890,-0.000000,-2.778326
14.460000,1.425847,-1.000000,-1.896851,-0.164294,0.000000,-2.521696,-6.200472,-0.000000,-2.822018
14.480000,1.421309,-1.000000,-1.947852,-0.290209,0.000000,-2.578573,-6.391054,-0.000000,-2.865711
14.500000,1.414214,-1.000000,-2.000000,-0.419936,0.000000,-2.636325,-6.581636,-0.000000,-2.909403
14.520000,1.404538,-1.000000,-2.053265,-0.545632,0.000000,-2.687967,-5.987915,-0.000000,-2.254839
14.540000,1.392467,-1.000000,-2.107431,-0.659453,0.000000,-2.726518,-5.394194,-0.000000,-1.600275
14.560000,1.378239,-1.000000,-2.162238,-0.761400,0.000000,-2.751978,-4.800474,-0.000000,-0.945711
14.580000,1.362091,-1.000000,-2.217423,-0.851472,0.000000,-2.764347,-4.206753,-0.000000,-0.291147
14.600000,1.344259,-1.000000,-2.272725,-0.929670,0.000000,-2.763624,-3.613032,-0.000000,0.363418
14.620000,1.324983,-1.000000,-2.327881,-0.995993,0.000000,-2.749810,-3.019312,-0.000000,1.017982
14.640000,1.304499,-1.000000,-2.382630,-1.050442,0.000000,-2.722905,-2.425591,-0.000000,1.672546
14.660000,1.283044,-1.000000,-2.436710,-1.093017,0.000000,-2.682908,-1.831871,-0.000000,2.327110
14.680000,1.260857,-1.000000,-2.489859,-1.123717,-0.000000,-2.629820,-1.238150,-0.000000,2.981674
14.700000,1.238175,-1.000000,-2.541815,-1.142543,-0.000000,-2.563641,-0.644429,-0.000000,3.636239
14.720000,1.215235,-1.000000,-2.592317,-1.149494,-0.000000,-2.484371,-0.050709,-0.000000,4.290803
14.740000,1.192274,-1.000000,-2.641103,-1.144571,-0.000000,-2.392009,0.543012,-0.000000,4.945367
14.760000,1.169531,-1.000000,-2.687910,-1.127774,-0.000000,-2.286556,1.136733,-0.000000,5.599931
14.780000,1.147243,-1.000000,-2.732478,-1.099102,-0.000000,-2.168012,1.730453,-0.000000,6.254495
14.800000,1.125646,-1.000000,-2.774544,-1.058555,-0.000000,-2.036376,2.324174,-0.000000,6.909060
14.820000,1.104980,-1.000000,-2.813846,-1.006135,-0.000000,-1.891649,2.917895,-0.000000,7.563624
14.840000,1.085480,-1.000000,-2.850122,-0.941840,-0.000000,-1.733831,3.511615,0.000000,8.218188
14.860000,1.067385,-1.000000,-2.883112,-0.865670,-0.000000,-1.562922,4.105336,0.000000,8.872752
14.880000,1.050932,-1.000000,-2.912552,-0.777626,-0.000000,-1.378921,4.699057,0.000000,9.527316
14.900000,1.036359,-1.000000,-2.938181,-0.677708,-0.000000,-1.181829,5.292777,0.000000,10.181881
14.920000,1.023903,-1.000000,-2.959738,-0.565915,-0.000000,-0.971646,5.886498,0.000000,10.836445
14.940000,1.013802,-1.000000,-2.976960,-0.442248,-0.000000,-0.748371,6.480219,0.000000,11.491009
14.960000,1.006292,-1.000000,-2.989585,-0.306706,-0.000000,-0.512005,7.073939,0.000000,12.145573
14.980000,1.001613,-1.000000,-2.997353,-0.159290,-0.000000,-0.262548,7.667660,0.000000,12.800137
