0.000000,0.000000,0.000000,0.000000,0.000000,0.000000,0.000000,6.127405,-1.377220,-6.395108
0.020000,0.001211,-0.000272,-0.001264,0.120372,-0.027055,-0.125631,5.909760,-1.328302,-6.167955
0.040000,0.004786,-0.001076,-0.004995,0.236390,-0.053132,-0.246718,5.692116,-1.279383,-5.940802
0.060000,0.010638,-0.002391,-0.011102,0.348056,-0.078231,-0.363263,5.474472,-1.230464,-5.713649
0.080000,0.018679,-0.004198,-0.019495,0.455369,-0.102351,-0.475264,5.256828,-1.181546,-5.486496
0.100000,0.028823,-0.006478,-0.030083,0.558329,-0.125492,-0.582723,5.039183,-1.132627,-5.259343
0.120000,0.040983,-0.009212,-0.042774,0.656937,-0.147656,-0.685638,4.821539,-1.083708,-5.032190
0.140000,0.055072,-0.012378,-0.057478,0.751191,-0.168841,-0.784010,4.603895,-1.034790,-4.805037
0.160000,0.071002,-0.015959,-0.074104,0.841092,-0.189047,-0.877839,4.386250,-0.985871,-4.577884
0.180000,0.088686,-0.019934,-0.092561,0.926641,-0.208276,-0.967125,4.168606,-0.936953,-4.350731
0.200000,0.108038,-0.024283,-0.112759,1.007837,-0.226525,-1.051869,3.950962,-0.888034,-4.123578
0.220000,0.128971,-0.028988,-0.134606,1.084679,-0.243797,-1.132069,3.733318,-0.839115,-3.896425
0.240000,0.151397,-0.034029,-0.158011,1.157169,-0.260090,-1.207726,3.515673,-0.790197,-3.669272
0.260000,0.175229,-0.039385,-0.182884,1.225306,-0.275405,-1.278839,3.298029,-0.741278,-3.442119
0.280000,0.200380,-0.045038,-0.209134,1.289091,-0.289741,-1.345410,3.080385,-0.692360,-3.214966
0.300000,0.226763,-0.050968,-0.236670,1.348522,-0.303099,-1.407438,2.862740,-0.643441,-2.987813
0.320000,0.254292,-0.057156,-0.265402,1.403600,-0.315479,-1.464923,2.645096,-0.594522,-2.760660
0.340000,0.282878,-0.063581,-0.295237,1.454326,-0.326880,-1.517864,2.427452,-0.545604,-2.533507
0.360000,0.312436,-0.070224,-0.326086,1.500698,-0.337303,-1.566263,2.209808,-0.496685,-2.306354
0.380000,0.342877,-0.077066,-0.357857,1.542718,-0.346747,-1.610119,1.992163,-0.447766,-2.079200
0.400000,0.374115,-0.084088,-0.390460,1.580385,-0.355214,-1.649431,1.774519,-0.398848,-1.852047
0.420000,0.406064,-0.091268,-0.423804,1.613699,-0.362701,-1.684201,1.556875,-0.349929,-1.624894
0.440000,0.438634,-0.098589,-0.457798,1.642660,-0.369211,-1.714427,1.339231,-0.301011,-1.397741
0.460000,0.471741,-0.106030,-0.492351,1.667268,-0.374742,-1.740110,1.121586,-0.252092,-1.170588
0.480000,0.505296,-0.113572,-0.527372,1.687523,-0.379294,-1.761250,0.903942,-0.203173,-0.943435
0.500000,0.539213,-0.121196,-0.562771,1.703426,-0.382869,-1.777848,0.686298,-0.154255,-0.716282
0.520000,0.573404,-0.128881,-0.598456,1.714975,-0.385465,-1.789902,0.468653,-0.105336,-0.489129
0.540000,0.607783,-0.136608,-0.634337,1.722172,-0.387082,-1.797413,0.251009,-0.056418,-0.261976
0.560000,0.642262,-0.144357,-0.670322,1.725015,-0.387721,-1.800381,0.033365,-0.007499,-0.034823
0.580000,0.676754,-0.152110,-0.706321,1.723506,-0.387382,-1.798806,-0.184279,0.041420,0.192330
0.600000,0.711173,-0.159846,-0.742244,1.717644,-0.386065,-1.792688,-0.401924,0.090338,0.419483
0.620000,0.745431,-0.167546,-0.777999,1.707429,-0.383769,-1.782026,-0.619568,0.139257,0.646636
0.640000,0.779441,-0.175190,-0.813495,1.692862,-0.380494,-1.766822,-0.837212,0.188176,0.873789
0.660000,0.813117,-0.182759,-0.848641,1.673941,-0.376242,-1.747075,-1.054857,0.237094,1.100942
0.680000,0.846370,-0.190233,-0.883347,1.650667,-0.371011,-1.722784,-1.272501,0.286013,1.328095
0.700000,0.879114,-0.197593,-0.917522,1.623041,-0.364801,-1.693951,-1.490145,0.334931,1.555248
0.720000,0.911263,-0.204819,-0.951075,1.591061,-0.357613,-1.660575,-1.707789,0.383850,1.782401
0.740000,0.942728,-0.211891,-0.983915,1.554729,-0.349447,-1.622655,-1.925434,0.432769,2.009554
0.760000,0.973423,-0.218790,-1.015951,1.514044,-0.340303,-1.580192,-2.143078,0.481687,2.236707
0.780000,1.003260,-0.225497,-1.047092,1.469006,-0.330180,-1.533187,-2.360722,0.530606,2.463860
0.800000,1.032154,-0.231991,-1.077248,1.419615,-0.319078,-1.481638,-2.578367,0.579525,2.691013
0.820000,1.060016,-0.238253,-1.106328,1.365871,-0.306999,-1.425546,-2.796011,0.628443,2.918166
0.840000,1.086760,-0.244264,-1.134240,1.307775,-0.293941,-1.364911,-3.013655,0.677362,3.145319
0.860000,1.112298,-0.250005,-1.160894,1.245325,-0.279904,-1.299733,-3.231299,0.726280,3.372472
0.880000,1.136544,-0.255454,-1.186199,1.178523,-0.264889,-1.230012,-3.448944,0.775199,3.599625
0.900000,1.159410,-0.260594,-1.210064,1.107368,-0.248896,-1.155748,-3.666588,0.824118,3.826778
0.920000,1.180809,-0.265403,-1.232399,1.031859,-0.231925,-1.076941,-3.884232,0.873036,4.053931
0.940000,1.200655,-0.269864,-1.253111,0.951998,-0.213975,-0.993591,-4.101877,0.921955,4.281084
0.960000,1.218860,-0.273956,-1.272112,0.867784,-0.195046,-0.905698,-4.319521,0.970873,4.508237
0.980000,1.235338,-0.277659,-1.289309,0.779217,-0.175140,-0.813262,-4.537165,1.019792,4.735390
1.000000,1.250000,-0.280955,-1.304612,0.686298,-0.154255,-0.716282,-4.754809,1.068711,4.962543
1.020000,1.262791,-0.283830,-1.317962,0.593613,-0.133423,-0.619548,-4.513655,1.014508,4.710854
1.040000,1.273777,-0.286299,-1.329428,0.505751,-0.113674,-0.527848,-4.272501,0.960305,4.459164
1.060000,1.283053,-0.288384,-1.339110,0.422713,-0.095010,-0.441182,-4.031347,0.906102,4.207474
1.080000,1.290717,-0.290107,-1.347108,0.344498,-0.077430,-0.359549,-3.790192,0.851899,3.955785
1.100000,1.296865,-0.291489,-1.353525,0.271105,-0.060934,-0.282950,-3.549038,0.797696,3.704095
1.120000,1.301594,-0.292551,-1.358460,0.202536,-0.045523,-0.211385,-3.307884,0.743493,3.452405
1.140000,1.304999,-0.293317,-1.362014,0.138790,-0.031195,-0.144854,-3.066730,0.689290,3.200716
1.160000,1.307177,-0.293806,-1.364288,0.079867,-0.017951,-0.083357,-2.825575,0.635087,2.949026
1.180000,1.308226,-0.294042,-1.365382,0.025767,-0.005791,-0.026893,-2.584421,0.580884,2.697336
1.200000,1.308240,-0.294045,-1.365397,-0.023510,0.005284,0.024537,-2.343267,0.526681,2.445647
1.220000,1.307318,-0.293838,-1.364434,-0.067964,0.015276,0.070933,-2.102113,0.472478,2.193957
1.240000,1.305554,-0.293441,-1.362593,-0.107594,0.024183,0.112295,-1.860958,0.418275,1.942267
1.260000,1.303046,-0.292878,-1.359976,-0.142402,0.032007,0.148623,-1.619804,0.364072,1.690578
1.280000,1.299890,-0.292168,-1.356682,-0.172387,0.038746,0.179918,-1.378650,0.309869,1.438888
1.300000,1.296183,-0.291335,-1.352813,-0.197548,0.044402,0.206179,-1.137496,0.255666,1.187198
1.320000,1.292020,-0.290400,-1.348468,-0.217886,0.048973,0.227406,-0.896341,0.201463,0.935509
1.340000,1.287499,-0.289383,-1.343750,-0.233402,0.052460,0.243599,-0.655187,0.147260,0.683819
1.360000,1.282716,-0.288308,-1.338758,-0.244094,0.054863,0.254759,-0.414033,0.093057,0.432129
1.380000,1.277768,-0.287196,-1.333593,-0.249963,0.056182,0.260884,-0.172879,0.038854,0.180440
1.400000,1.272750,-0.286068,-1.328356,-0.251009,0.056418,0.261976,0.068276,-0.015349,-0.071250
1.420000,1.267759,-0.284947,-1.323148,-0.247232,0.055568,0.258034,0.309430,-0.069552,-0.322940
1.440000,1.262893,-0.283853,-1.318068,-0.238632,0.053635,0.249059,0.550584,-0.123755,-0.574629
1.460000,1.258246,-0.282808,-1.313219,-0.225209,0.050618,0.235049,0.791738,-0.177958,-0.826319
1.480000,1.253917,-0.281835,-1.308700,-0.206962,0.046517,0.216006,1.032893,-0.232161,-1.078009
1.500000,1.250000,-0.280955,-1.304612,-0.183893,0.041332,0.191929,1.274047,-0.286364,-1.329698
1.520000,1.246573,-0.280185,-1.301035,-0.159058,0.035750,0.166009,1.209430,-0.271840,-1.262260
1.540000,1.243629,-0.279523,-1.297963,-0.135516,0.030458,0.141438,1.144813,-0.257316,-1.194822
1.560000,1.241143,-0.278964,-1.295368,-0.113266,0.025457,0.118216,1.080196,-0.242791,-1.127385
1.580000,1.239090,-0.278503,-1.293225,-0.092308,0.020747,0.096343,1.015579,-0.228267,-1.059947
1.600000,1.237442,-0.278133,-1.291506,-0.072643,0.016326,0.075819,0.950962,-0.213742,-0.992509
1.620000,1.236175,-0.277848,-1.290183,-0.054269,0.012197,0.056643,0.886345,-0.199218,-0.925071
1.640000,1.235263,-0.277643,-1.289231,-0.037189,0.008358,0.038816,0.821728,-0.184693,-0.857633
1.660000,1.234679,-0.277512,-1.288622,-0.021400,0.004809,0.022337,0.757111,-0.170169,-0.790195
1.680000,1.234398,-0.277448,-1.288329,-0.006904,0.001551,0.007208,0.692494,-0.155644,-0.722757
1.700000,1.234395,-0.277448,-1.288324,0.006299,-0.001417,-0.006573,0.627877,-0.141120,-0.655319
1.720000,1.234642,-0.277503,-1.288582,0.018211,-0.004094,-0.019005,0.563260,-0.126595,-0.587881
1.740000,1.235114,-0.277609,-1.289076,0.028830,-0.006480,-0.030088,0.498643,-0.112071,-0.520443
1.760000,1.235786,-0.277760,-1.289777,0.038156,-0.008577,-0.039823,0.434026,-0.097546,-0.453005
1.780000,1.236632,-0.277951,-1.290660,0.046191,-0.010382,-0.048208,0.369409,-0.083022,-0.385567
1.800000,1.237625,-0.278174,-1.291696,0.052933,-0.011897,-0.055245,0.304792,-0.068498,-0.318129
1.820000,1.238741,-0.278424,-1.292860,0.058383,-0.013122,-0.060933,0.240175,-0.053973,-0.250691
1.840000,1.239952,-0.278697,-1.294125,0.062540,-0.014056,-0.065273,0.175558,-0.039449,-0.183253
1.860000,1.241234,-0.278985,-1.295462,0.065405,-0.014700,-0.068264,0.110941,-0.024924,-0.115816
1.880000,1.242560,-0.279283,-1.296846,0.066977,-0.015053,-0.069906,0.046324,-0.010400,-0.048378
1.900000,1.243904,-0.279585,-1.298250,0.067258,-0.015116,-0.070199,-0.018293,0.004125,0.019060
1.920000,1.245241,-0.279886,-1.299645,0.066246,-0.014888,-0.069143,-0.082910,0.018649,0.086498
1.940000,1.246545,-0.280179,-1.301006,0.063941,-0.014370,-0.066739,-0.147527,0.033174,0.153936
1.960000,1.247790,-0.280458,-1.302306,0.060345,-0.013561,-0.062986,-0.212144,0.047698,0.221374
1.980000,1.248951,-0.280719,-1.303517,0.055456,-0.012462,-0.057884,-0.276761,0.062223,0.288812
2.000000,1.250000,-0.280955,-1.304612,0.049274,-0.011073,-0.051433,-0.341378,0.076747,0.356250
2.020000,1.250918,-0.281161,-1.305571,0.042620,-0.009577,-0.044489,-0.324064,0.072852,0.338188
2.040000,1.251707,-0.281339,-1.306394,0.036312,-0.008158,-0.037906,-0.306751,0.068957,0.320126
2.060000,1.252373,-0.281488,-1.307089,0.030350,-0.006818,-0.031684,-0.289437,0.065063,0.302064
2.080000,1.252923,-0.281612,-1.307664,0.024734,-0.005556,-0.025823,-0.272123,0.061168,0.284002
2.100000,1.253365,-0.281711,-1.308125,0.019465,-0.004372,-0.020324,-0.254809,0.057273,0.265940
2.120000,1.253704,-0.281787,-1.308479,0.014542,-0.003265,-0.015186,-0.237496,0.053378,0.247878
2.140000,1.253949,-0.281842,-1.308735,0.009965,-0.002236,-0.010409,-0.220182,0.049483,0.229816
2.160000,1.254105,-0.281877,-1.308898,0.005735,-0.001286,-0.005993,-0.202868,0.045588,0.211753
2.180000,1.254180,-0.281894,-1.308977,0.001850,-0.000413,-0.001938,-0.185554,0.041694,0.193691
2.200000,1.254182,-0.281894,-1.308978,-0.001688,0.000382,0.001755,-0.168241,0.037799,0.175629
2.220000,1.254115,-0.281879,-1.308909,-0.004879,0.001099,0.005087,-0.150927,0.033904,0.157567
2.240000,1.253989,-0.281851,-1.308777,-0.007725,0.001738,0.008057,-0.133613,0.030009,0.139505
2.260000,1.253809,-0.281810,-1.308589,-0.010224,0.002299,0.010667,-0.116299,0.026114,0.121443
2.280000,1.253582,-0.281759,-1.308353,-0.012377,0.002783,0.012915,-0.098986,0.022220,0.103381
2.300000,1.253316,-0.281699,-1.308075,-0.014183,0.003188,0.014802,-0.081672,0.018325,0.085319
2.320000,1.253017,-0.281632,-1.307763,-0.015644,0.003516,0.016328,-0.064358,0.014430,0.067257
2.340000,1.252692,-0.281559,-1.307424,-0.016758,0.003765,0.017492,-0.047045,0.010535,0.049195
2.360000,1.252349,-0.281482,-1.307066,-0.017525,0.003937,0.018296,-0.029731,0.006640,0.031133
2.380000,1.251994,-0.281402,-1.306695,-0.017947,0.004031,0.018738,-0.012417,0.002745,0.013071
2.400000,1.251633,-0.281321,-1.306318,-0.018022,0.004047,0.018819,0.004897,-0.001149,-0.004991
2.420000,1.251275,-0.281241,-1.305944,-0.017751,0.003985,0.018538,0.022210,-0.005044,-0.023054
2.440000,1.250926,-0.281163,-1.305579,-0.017134,0.003845,0.017896,0.039524,-0.008939,-0.041116
2.460000,1.250592,-0.281088,-1.305231,-0.016170,0.003627,0.016893,0.056838,-0.012834,-0.059178
2.480000,1.250281,-0.281018,-1.304906,-0.014860,0.003332,0.015529,0.074152,-0.016729,-0.077240
2.500000,1.250000,-0.280955,-1.304612,-0.013204,0.002958,0.013804,0.091465,-0.020623,-0.095302
2.520000,1.249754,-0.280900,-1.304355,-0.011421,0.002556,0.011946,0.086827,-0.019569,-0.090491
2.540000,1.249543,-0.280853,-1.304134,-0.009731,0.002176,0.010184,0.082189,-0.018514,-0.085681
2.560000,1.249364,-0.280813,-1.303947,-0.008133,0.001816,0.008519,0.077551,-0.017459,-0.080871
2.580000,1.249217,-0.280780,-1.303792,-0.006629,0.001477,0.006949,0.072914,-0.016404,-0.076060
2.600000,1.249098,-0.280753,-1.303668,-0.005217,0.001160,0.005476,0.068276,-0.015349,-0.071250
2.620000,1.249007,-0.280733,-1.303573,-0.003898,0.000863,0.004099,0.063638,-0.014295,-0.066440
2.640000,1.248942,-0.280719,-1.303504,-0.002671,0.000588,0.002819,0.059000,-0.013240,-0.061629
2.660000,1.248900,-0.280710,-1.303459,-0.001538,0.000334,0.001634,0.054362,-0.012185,-0.056819
2.680000,1.248880,-0.280705,-1.303438,-0.000497,0.000101,0.000546,0.049724,-0.011130,-0.052009
2.700000,1.248879,-0.280705,-1.303437,0.000451,-0.000112,-0.000446,0.045086,-0.010075,-0.047198
2.720000,1.248897,-0.280710,-1.303455,0.001307,-0.000303,-0.001342,0.040448,-0.009020,-0.042388
2.740000,1.248931,-0.280717,-1.303490,0.002069,-0.000472,-0.002142,0.035810,-0.007966,-0.037577
2.760000,1.248979,-0.280728,-1.303540,0.002739,-0.000621,-0.002845,0.031172,-0.006911,-0.032767
2.780000,1.249040,-0.280742,-1.303603,0.003316,-0.000749,-0.003452,0.026534,-0.005856,-0.027957
2.800000,1.249111,-0.280758,-1.303677,0.003800,-0.000855,-0.003963,0.021896,-0.004801,-0.023146
2.820000,1.249191,-0.280776,-1.303761,0.004192,-0.000941,-0.004378,0.017258,-0.003746,-0.018336
2.840000,1.249278,-0.280796,-1.303852,0.004491,-0.001005,-0.004697,0.012620,-0.002692,-0.013526
2.860000,1.249370,-0.280816,-1.303948,0.004697,-0.001049,-0.004919,0.007982,-0.001637,-0.008715
2.880000,1.249466,-0.280837,-1.304048,0.004810,-0.001071,-0.005045,0.003344,-0.000582,-0.003905
2.900000,1.249562,-0.280859,-1.304149,0.004830,-0.001072,-0.005075,-0.001293,0.000473,0.000906
2.920000,1.249658,-0.280880,-1.304250,0.004758,-0.001052,-0.005009,-0.005931,0.001528,0.005716
2.940000,1.249752,-0.280901,-1.304349,0.004593,-0.001011,-0.004847,-0.010569,0.002582,0.010526
2.960000,1.249841,-0.280920,-1.304443,0.004335,-0.000948,-0.004588,-0.015207,0.003637,0.015337
2.980000,1.249925,-0.280939,-1.304532,0.003985,-0.000865,-0.004233,-0.019845,0.004692,0.020147
3.000000,1.250000,-0.280955,-1.304612,0.003542,-0.000761,-0.003782,-0.024483,0.005747,0.024957
3.020000,1.250066,-0.280969,-1.304683,0.003064,-0.000649,-0.003295,-0.023245,0.005422,0.023778
3.040000,1.250123,-0.280981,-1.304744,0.002612,-0.000544,-0.002831,-0.022007,0.005098,0.022599
3.060000,1.250171,-0.280991,-1.304796,0.002184,-0.000445,-0.002391,-0.020769,0.004774,0.021419
3.080000,1.250210,-0.280999,-1.304840,0.001781,-0.000353,-0.001974,-0.019531,0.004449,0.020240
3.100000,1.250242,-0.281005,-1.304875,0.001403,-0.000267,-0.001581,-0.018293,0.004125,0.019060
3.120000,1.250267,-0.281010,-1.304903,0.001049,-0.000188,-0.001212,-0.017055,0.003800,0.017881
3.140000,1.250284,-0.281013,-1.304924,0.000721,-0.000115,-0.000866,-0.015817,0.003476,0.016702
3.160000,1.250296,-0.281014,-1.304938,0.000417,-0.000049,-0.000544,-0.014579,0.003151,0.015522
3.180000,1.250301,-0.281015,-1.304946,0.000137,0.000011,-0.000245,-0.013341,0.002827,0.014343
3.200000,1.250301,-0.281014,-1.304948,-0.000117,0.000064,0.000030,-0.012103,0.002502,0.013163
3.220000,1.250297,-0.281012,-1.304945,-0.000347,0.000111,0.000281,-0.010865,0.002178,0.011984
3.240000,1.250287,-0.281009,-1.304937,-0.000552,0.000151,0.000509,-0.009627,0.001854,0.010805
3.260000,1.250275,-0.281006,-1.304925,-0.000732,0.000185,0.000713,-0.008389,0.001529,0.009625
3.280000,1.250258,-0.281002,-1.304909,-0.000887,0.000212,0.000894,-0.007151,0.001205,0.008446
3.300000,1.250239,-0.280998,-1.304889,-0.001018,0.000233,0.001051,-0.005913,0.000880,0.007266
3.320000,1.250218,-0.280993,-1.304867,-0.001124,0.000248,0.001185,-0.004675,0.000556,0.006087
3.340000,1.250195,-0.280988,-1.304842,-0.001205,0.000256,0.001295,-0.003437,0.000231,0.004908
3.360000,1.250170,-0.280983,-1.304815,-0.001261,0.000257,0.001381,-0.002199,-0.000093,0.003728
3.380000,1.250144,-0.280977,-1.304787,-0.001293,0.000252,0.001444,-0.000961,-0.000418,0.002549
3.400000,1.250118,-0.280973,-1.304757,-0.001300,0.000240,0.001483,0.000277,-0.000742,0.001369
3.420000,1.250092,-0.280968,-1.304728,-0.001282,0.000222,0.001499,0.001515,-0.001066,0.000190
3.440000,1.250067,-0.280964,-1.304698,-0.001239,0.000198,0.001491,0.002753,-0.001391,-0.000989
3.460000,1.250043,-0.280960,-1.304668,-0.001172,0.000166,0.001459,0.003991,-0.001715,-0.002169
3.480000,1.250020,-0.280957,-1.304639,-0.001079,0.000129,0.001404,0.005229,-0.002040,-0.003348
3.500000,1.250000,-0.280955,-1.304612,-0.000962,0.000085,0.001325,0.006467,-0.002364,-0.004528
3.520000,1.249982,-0.280954,-1.304587,-0.000836,0.000040,0.001234,0.006153,-0.002121,-0.004620
3.540000,1.249967,-0.280953,-1.304563,-0.000716,0.000000,0.001140,0.005839,-0.001878,-0.004713
3.560000,1.249953,-0.280954,-1.304541,-0.000603,-0.000035,0.001045,0.005525,-0.001635,-0.004806
3.580000,1.249942,-0.280955,-1.304521,-0.000495,-0.000065,0.000948,0.005211,-0.001392,-0.004899
3.600000,1.249933,-0.280956,-1.304503,-0.000394,-0.000091,0.000849,0.004897,-0.001149,-0.004991
3.620000,1.249927,-0.280958,-1.304487,-0.000299,-0.000111,0.000748,0.004582,-0.000906,-0.005084
3.640000,1.249921,-0.280961,-1.304473,-0.000211,-0.000127,0.000646,0.004268,-0.000663,-0.005177
3.660000,1.249918,-0.280963,-1.304461,-0.000129,-0.000138,0.000541,0.003954,-0.000420,-0.005270
3.680000,1.249916,-0.280966,-1.304451,-0.000053,-0.000144,0.000435,0.003640,-0.000177,-0.005363
3.700000,1.249916,-0.280969,-1.304444,0.000017,-0.000145,0.000327,0.003326,0.000065,-0.005455
3.720000,1.249917,-0.280972,-1.304438,0.000080,-0.000141,0.000217,0.003012,0.000308,-0.005548
3.740000,1.249919,-0.280975,-1.304435,0.000137,-0.000133,0.000105,0.002698,0.000551,-0.005641
3.760000,1.249922,-0.280977,-1.304434,0.000188,-0.000119,-0.000009,0.002383,0.000794,-0.005734
3.780000,1.249927,-0.280979,-1.304436,0.000233,-0.000101,-0.000124,0.002069,0.001037,-0.005827
3.800000,1.249932,-0.280981,-1.304439,0.000271,-0.000078,-0.000242,0.001755,0.001280,-0.005919
3.820000,1.249937,-0.280982,-1.304445,0.000303,-0.000050,-0.000361,0.001441,0.001523,-0.006012
3.840000,1.249944,-0.280983,-1.304454,0.000329,-0.000017,-0.000482,0.001127,0.001766,-0.006105
3.860000,1.249950,-0.280983,-1.304464,0.000348,0.000021,-0.000605,0.000813,0.002009,-0.006198
3.880000,1.249958,-0.280982,-1.304478,0.000361,0.000064,-0.000730,0.000498,0.002252,-0.006291
3.900000,1.249965,-0.280981,-1.304494,0.000368,0.000111,-0.000857,0.000184,0.002495,-0.006383
3.920000,1.249972,-0.280978,-1.304512,0.000369,0.000163,-0.000986,-0.000130,0.002738,-0.006476
3.940000,1.249980,-0.280974,-1.304533,0.000363,0.000221,-0.001116,-0.000444,0.002981,-0.006569
3.960000,1.249987,-0.280969,-1.304557,0.000351,0.000283,-0.001248,-0.000758,0.003224,-0.006662
3.980000,1.249994,-0.280963,-1.304583,0.000332,0.000350,-0.001382,-0.001072,0.003467,-0.006754
4.000000,1.250000,-0.280955,-1.304612,0.000308,0.000421,-0.001519,-0.001387,0.003710,-0.006847
4.020000,1.250006,-0.280946,-1.304644,0.000280,0.000489,-0.001640,-0.001368,0.003063,-0.005297
4.040000,1.250011,-0.280935,-1.304678,0.000253,0.000544,-0.001730,-0.001349,0.002415,-0.003746
4.060000,1.250016,-0.280924,-1.304713,0.000226,0.000586,-0.001790,-0.001331,0.001768,-0.002196
4.080000,1.250020,-0.280912,-1.304749,0.000200,0.000615,-0.001818,-0.001312,0.001120,-0.000645
4.100000,1.250024,-0.280900,-1.304785,0.000174,0.000630,-0.001816,-0.001293,0.000473,0.000906
4.120000,1.250027,-0.280887,-1.304821,0.000148,0.000633,-0.001782,-0.001275,-0.000175,0.002456
4.140000,1.250030,-0.280874,-1.304856,0.000123,0.000623,-0.001717,-0.001256,-0.000822,0.004007
4.160000,1.250032,-0.280862,-1.304890,0.000098,0.000601,-0.001622,-0.001238,-0.001469,0.005557
4.180000,1.250034,-0.280850,-1.304921,0.000073,0.000565,-0.001495,-0.001219,-0.002117,0.007108
4.200000,1.250035,-0.280840,-1.304949,0.000049,0.000516,-0.001337,-0.001200,-0.002764,0.008658
4.220000,1.250036,-0.280830,-1.304974,0.000025,0.000454,-0.001149,-0.001182,-0.003412,0.010209
4.240000,1.250036,-0.280822,-1.304995,0.000002,0.000379,-0.000929,-0.001163,-0.004059,0.011759
4.260000,1.250036,-0.280815,-1.305011,-0.000021,0.000292,-0.000678,-0.001144,-0.004707,0.013310
4.280000,1.250035,-0.280810,-1.305022,-0.000044,0.000191,-0.000397,-0.001126,-0.005354,0.014860
4.300000,1.250034,-0.280807,-1.305027,-0.000066,0.000078,-0.000084,-0.001107,-0.006002,0.016411
4.320000,1.250033,-0.280807,-1.305025,-0.000088,-0.000049,0.000260,-0.001089,-0.006649,0.017962
4.340000,1.250031,-0.280809,-1.305016,-0.000110,-0.000188,0.000635,-0.001070,-0.007296,0.019512
4.360000,1.250028,-0.280815,-1.305000,-0.000131,-0.000341,0.001040,-0.001051,-0.007944,0.021063
4.380000,1.250025,-0.280823,-1.304974,-0.000152,-0.000506,0.001477,-0.001033,-0.008591,0.022613
4.400000,1.250022,-0.280835,-1.304940,-0.000172,-0.000684,0.001945,-0.001014,-0.009239,0.024164
4.420000,1.250018,-0.280850,-1.304896,-0.000192,-0.000876,0.002444,-0.000995,-0.009886,0.025714
4.440000,1.250014,-0.280870,-1.304842,-0.000212,-0.001080,0.002973,-0.000977,-0.010534,0.027265
4.460000,1.250010,-0.280894,-1.304777,-0.000231,-0.001297,0.003534,-0.000958,-0.011181,0.028815
4.480000,1.250005,-0.280922,-1.304701,-0.000250,-0.001527,0.004126,-0.000940,-0.011829,0.030366
4.500000,1.250000,-0.280955,-1.304612,-0.000269,-0.001770,0.004749,-0.000921,-0.012476,0.031917
4.520000,1.249994,-0.280993,-1.304511,-0.000285,-0.001996,0.005326,-0.000681,-0.010129,0.025807
4.540000,1.249989,-0.281034,-1.304400,-0.000296,-0.002175,0.005781,-0.000442,-0.007782,0.019698
4.560000,1.249983,-0.281079,-1.304281,-0.000303,-0.002308,0.006114,-0.000202,-0.005436,0.013588
4.580000,1.249977,-0.281126,-1.304156,-0.000304,-0.002393,0.006325,0.000038,-0.003089,0.007479
4.600000,1.249970,-0.281175,-1.304029,-0.000301,-0.002431,0.006413,0.000277,-0.000742,0.001369
4.620000,1.249965,-0.281223,-1.303900,-0.000293,-0.002422,0.006379,0.000517,0.001605,-0.004740
4.640000,1.249959,-0.281271,-1.303774,-0.000281,-0.002367,0.006224,0.000757,0.003952,-0.010849
4.660000,1.249953,-0.281318,-1.303652,-0.000263,-0.002264,0.005945,0.000996,0.006298,-0.016959
4.680000,1.249948,-0.281362,-1.303537,-0.000241,-0.002115,0.005545,0.001236,0.008645,-0.023068
4.700000,1.249944,-0.281402,-1.303431,-0.000214,-0.001919,0.005023,0.001476,0.010992,-0.029178
4.720000,1.249940,-0.281438,-1.303337,-0.000182,-0.001675,0.004378,0.001715,0.013339,-0.035287
4.740000,1.249937,-0.281469,-1.303257,-0.000145,-0.001385,0.003611,0.001955,0.015686,-0.041397
4.760000,1.249934,-0.281493,-1.303193,-0.000103,-0.001048,0.002722,0.002195,0.018032,-0.047506
4.780000,1.249932,-0.281510,-1.303149,-0.000057,-0.000664,0.001711,0.002434,0.020379,-0.053615
4.800000,1.249932,-0.281519,-1.303126,-0.000006,-0.000233,0.000578,0.002674,0.022726,-0.059725
4.820000,1.249932,-0.281519,-1.303127,0.000050,0.000245,-0.000678,0.002914,0.025073,-0.065834
4.840000,1.249934,-0.281509,-1.303154,0.000110,0.000770,-0.002056,0.003153,0.027420,-0.071944
4.860000,1.249937,-0.281488,-1.303210,0.000176,0.001342,-0.003556,0.003393,0.029766,-0.078053
4.880000,1.249941,-0.281455,-1.303297,0.000246,0.001961,-0.005178,0.003633,0.032113,-0.084163
4.900000,1.249947,-0.281409,-1.303418,0.000321,0.002627,-0.006922,0.003872,0.034460,-0.090272
4.920000,1.249954,-0.281350,-1.303575,0.000401,0.003339,-0.008789,0.004112,0.036807,-0.096381
4.940000,1.249963,-0.281276,-1.303770,0.000486,0.004099,-0.010778,0.004352,0.039154,-0.102491
4.960000,1.249973,-0.281186,-1.304006,0.000575,0.004905,-0.012888,0.004591,0.041500,-0.108600
4.980000,1.249986,-0.281079,-1.304286,0.000669,0.005759,-0.015122,0.004831,0.043847,-0.114710
5.000000,1.250000,-0.280955,-1.304612,0.000768,0.006659,-0.017477,0.005071,0.046194,-0.120819
5.020000,1.250016,-0.280813,-1.304984,0.000860,0.007496,-0.019664,0.004093,0.037454,-0.097932
5.040000,1.250034,-0.280656,-1.305396,0.000932,0.008157,-0.021394,0.003116,0.028714,-0.075045
5.060000,1.250053,-0.280488,-1.305837,0.000985,0.008644,-0.022666,0.002139,0.019975,-0.052158
5.080000,1.250074,-0.280312,-1.306299,0.001018,0.008956,-0.023480,0.001161,0.011235,-0.029270
5.100000,1.250094,-0.280131,-1.306773,0.001031,0.009094,-0.023837,0.000184,0.002495,-0.006383
5.120000,1.250115,-0.279949,-1.307250,0.001025,0.009056,-0.023736,-0.000793,-0.006245,0.016504
5.140000,1.250135,-0.279770,-1.307720,0.000999,0.008844,-0.023177,-0.001770,-0.014984,0.039391
5.160000,1.250154,-0.279596,-1.308174,0.000954,0.008457,-0.022160,-0.002748,-0.023724,0.062278
5.180000,1.250173,-0.279433,-1.308603,0.000889,0.007895,-0.020686,-0.003725,-0.032464,0.085165
5.200000,1.250190,-0.279282,-1.308998,0.000805,0.007158,-0.018753,-0.004702,-0.041204,0.108052
5.220000,1.250205,-0.279148,-1.309350,0.000701,0.006247,-0.016364,-0.005680,-0.049943,0.130940
5.240000,1.250218,-0.279033,-1.309650,0.000578,0.005161,-0.013516,-0.006657,-0.058683,0.153827
5.260000,1.250228,-0.278942,-1.309888,0.000435,0.003900,-0.010210,-0.007634,-0.067423,0.176714
5.280000,1.250235,-0.278878,-1.310055,0.000273,0.002464,-0.006447,-0.008611,-0.076162,0.199601
5.300000,1.250239,-0.278845,-1.310142,0.000091,0.000853,-0.002226,-0.009589,-0.084902,0.222488
5.320000,1.250239,-0.278845,-1.310141,-0.000111,-0.000932,0.002452,-0.010566,-0.093642,0.245375
5.340000,1.250234,-0.278883,-1.310041,-0.000332,-0.002893,0.007589,-0.011543,-0.102382,0.268263
5.360000,1.250225,-0.278962,-1.309834,-0.000573,-0.005028,0.013183,-0.012520,-0.111121,0.291150
5.380000,1.250211,-0.279086,-1.309511,-0.000833,-0.007337,0.019235,-0.013498,-0.119861,0.314037
5.400000,1.250192,-0.279257,-1.309062,-0.001113,-0.009822,0.025744,-0.014475,-0.128601,0.336924
5.420000,1.250167,-0.279480,-1.308478,-0.001412,-0.012481,0.032712,-0.015452,-0.137341,0.359811
5.440000,1.250135,-0.279757,-1.307750,-0.001731,-0.015316,0.040137,-0.016430,-0.146080,0.382698
5.460000,1.250097,-0.280093,-1.306870,-0.002069,-0.018325,0.048019,-0.017407,-0.154820,0.405586
5.480000,1.250052,-0.280491,-1.305827,-0.002427,-0.021509,0.056360,-0.018384,-0.163560,0.428473
5.500000,1.250000,-0.280955,-1.304612,-0.002804,-0.024867,0.065158,-0.019361,-0.172300,0.451360
5.520000,1.249940,-0.281485,-1.303224,-0.003155,-0.027987,0.073331,-0.015692,-0.139687,0.365921
5.540000,1.249874,-0.282070,-1.301690,-0.003432,-0.030455,0.079795,-0.012023,-0.107075,0.280481
5.560000,1.249803,-0.282698,-1.300044,-0.003636,-0.032270,0.084550,-0.008353,-0.074463,0.195042
5.580000,1.249729,-0.283357,-1.298320,-0.003766,-0.033433,0.087597,-0.004684,-0.041851,0.109603
5.600000,1.249653,-0.284031,-1.296551,-0.003823,-0.033944,0.088935,-0.001014,-0.009239,0.024164
5.620000,1.249577,-0.284710,-1.294774,-0.003807,-0.033803,0.088563,0.002655,0.023373,-0.061275
5.640000,1.249502,-0.285379,-1.293020,-0.003717,-0.033009,0.086484,0.006325,0.055986,-0.146715
5.660000,1.249429,-0.286026,-1.291326,-0.003554,-0.031563,0.082695,0.009994,0.088598,-0.232154
5.680000,1.249360,-0.286637,-1.289724,-0.003317,-0.029465,0.077197,0.013664,0.121210,-0.317593
5.700000,1.249297,-0.287200,-1.288249,-0.003007,-0.026715,0.069991,0.017333,0.153822,-0.403032
5.720000,1.249240,-0.287702,-1.286936,-0.002624,-0.023312,0.061076,0.021003,0.186434,-0.488471
5.740000,1.249192,-0.288128,-1.285818,-0.002167,-0.019257,0.050452,0.024672,0.219046,-0.573911
5.760000,1.249154,-0.288468,-1.284929,-0.001637,-0.014550,0.038120,0.028342,0.251659,-0.659350
5.780000,1.249127,-0.288706,-1.284304,-0.001033,-0.009191,0.024078,0.032011,0.284271,-0.744789
5.800000,1.249113,-0.288831,-1.283977,-0.000356,-0.003180,0.008328,0.035681,0.316883,-0.830228
5.820000,1.249113,-0.288829,-1.283982,0.000394,0.003484,-0.009131,0.039350,0.349495,-0.915668
5.840000,1.249129,-0.288687,-1.284354,0.001218,0.010800,-0.028299,0.043020,0.382107,-1.001107
5.860000,1.249162,-0.288393,-1.285126,0.002115,0.018768,-0.049175,0.046689,0.414719,-1.086546
5.880000,1.249214,-0.287932,-1.286332,0.003085,0.027389,-0.071760,0.050358,0.447332,-1.171985
5.900000,1.249286,-0.287293,-1.288008,0.004129,0.036662,-0.096055,0.054028,0.479944,-1.257424
5.920000,1.249380,-0.286461,-1.290186,0.005246,0.046587,-0.122057,0.057697,0.512556,-1.342864
5.940000,1.249497,-0.285425,-1.292901,0.006437,0.057164,-0.149769,0.061367,0.545168,-1.428303
5.960000,1.249638,-0.284170,-1.296188,0.007701,0.068393,-0.179190,0.065036,0.577780,-1.513742
5.980000,1.249805,-0.282685,-1.300080,0.009038,0.080275,-0.210319,0.068706,0.610392,-1.599181
6.000000,1.250000,-0.280955,-1.304612,0.010449,0.092809,-0.243157,0.072375,0.643005,-1.684620
6.020000,1.250222,-0.278971,-1.309810,0.011734,0.105541,-0.276525,0.056141,0.630144,-1.652218
6.040000,1.250467,-0.276735,-1.315669,0.012695,0.118015,-0.309245,0.039906,0.617284,-1.619815
6.060000,1.250728,-0.274252,-1.322176,0.013330,0.130232,-0.341318,0.023671,0.604424,-1.587413
6.080000,1.250998,-0.271527,-1.329317,0.013642,0.142192,-0.372742,0.007436,0.591564,-1.555010
6.100000,1.251271,-0.268566,-1.337081,0.013628,0.153895,-0.403518,-0.008798,0.578704,-1.522608
6.120000,1.251541,-0.265373,-1.345454,0.013290,0.165340,-0.433646,-0.025033,0.565844,-1.490206
6.140000,1.251801,-0.261954,-1.354422,0.012627,0.176528,-0.463126,-0.041268,0.552984,-1.457803
6.160000,1.252044,-0.258314,-1.363974,0.011639,0.187459,-0.491958,-0.057503,0.540124,-1.425401
6.180000,1.252264,-0.254458,-1.374096,0.010327,0.198133,-0.520142,-0.073737,0.527264,-1.392998
6.200000,1.252455,-0.250390,-1.384776,0.008689,0.208550,-0.547678,-0.089972,0.514404,-1.360596
6.220000,1.252610,-0.246117,-1.395999,0.006728,0.218709,-0.574566,-0.106207,0.501544,-1.328193
6.240000,1.252722,-0.241644,-1.407754,0.004441,0.228612,-0.600806,-0.122441,0.488684,-1.295791
6.260000,1.252785,-0.236975,-1.420027,0.001830,0.238257,-0.626398,-0.138676,0.475823,-1.263388
6.280000,1.252793,-0.232115,-1.432806,-0.001106,0.247645,-0.651342,-0.154911,0.462963,-1.230986
6.300000,1.252739,-0.227071,-1.446076,-0.004366,0.256775,-0.675637,-0.171146,0.450103,-1.198583
6.320000,1.252616,-0.221846,-1.459827,-0.007952,0.265649,-0.699285,-0.187380,0.437243,-1.166181
6.340000,1.252419,-0.216446,-1.474044,-0.011862,0.274265,-0.722285,-0.203615,0.424383,-1.133778
6.360000,1.252140,-0.210877,-1.488714,-0.016096,0.282624,-0.744636,-0.219850,0.411523,-1.101376
6.380000,1.251773,-0.205143,-1.503825,-0.020656,0.290726,-0.766340,-0.236085,0.398663,-1.068973
6.400000,1.251311,-0.199250,-1.519363,-0.025540,0.298571,-0.787395,-0.252319,0.385803,-1.036571
6.420000,1.250749,-0.193202,-1.535316,-0.030748,0.306158,-0.807802,-0.268554,0.372943,-1.004168
6.440000,1.250079,-0.187005,-1.551671,-0.036282,0.313488,-0.827562,-0.284789,0.360083,-0.971766
6.460000,1.249295,-0.180664,-1.568414,-0.042140,0.320561,-0.846673,-0.301024,0.347223,-0.939363
6.480000,1.248391,-0.174184,-1.585533,-0.048323,0.327377,-0.865136,-0.317258,0.334362,-0.906961
6.500000,1.247360,-0.167571,-1.603015,-0.054830,0.333936,-0.882951,-0.333493,0.321502,-0.874558
6.520000,1.246196,-0.160829,-1.620847,-0.061663,0.340237,-0.900119,-0.349728,0.308642,-0.842156
6.540000,1.244892,-0.153963,-1.639016,-0.068819,0.346282,-0.916638,-0.365962,0.295782,-0.809753
6.560000,1.243441,-0.146979,-1.657508,-0.076301,0.352069,-0.932509,-0.382197,0.282922,-0.777351
6.580000,1.241837,-0.139882,-1.676312,-0.084107,0.357598,-0.947732,-0.398432,0.270062,-0.744948
6.600000,1.240074,-0.132677,-1.695413,-0.092238,0.362871,-0.962307,-0.414667,0.257202,-0.712546
6.620000,1.238146,-0.125369,-1.714800,-0.100694,0.367887,-0.976233,-0.430901,0.244342,-0.680143
6.640000,1.236045,-0.117963,-1.734458,-0.109474,0.372645,-0.989512,-0.447136,0.231482,-0.647741
6.660000,1.233765,-0.110465,-1.754376,-0.118579,0.377146,-1.002143,-0.463371,0.218622,-0.615338
6.680000,1.231299,-0.102879,-1.774540,-0.128009,0.381390,-1.014126,-0.479606,0.205762,-0.582936
6.700000,1.228642,-0.095211,-1.794937,-0.137764,0.385376,-1.025460,-0.495840,0.192902,-0.550533
6.720000,1.225787,-0.087466,-1.815554,-0.147843,0.389106,-1.036147,-0.512075,0.180041,-0.518131
6.740000,1.222726,-0.079648,-1.836378,-0.158247,0.392578,-1.046186,-0.528310,0.167181,-0.485728
6.760000,1.219454,-0.071764,-1.857397,-0.168975,0.395793,-1.055576,-0.544545,0.154321,-0.453326
6.780000,1.215965,-0.063818,-1.878597,-0.180028,0.398751,-1.064319,-0.560779,0.141461,-0.420923
6.800000,1.212251,-0.055816,-1.899965,-0.191406,0.401451,-1.072413,-0.577014,0.128601,-0.388521
6.820000,1.208307,-0.047762,-1.921489,-0.203109,0.403895,-1.079860,-0.593249,0.115741,-0.356118
6.840000,1.204125,-0.039662,-1.943155,-0.215136,0.406081,-1.086658,-0.609483,0.102881,-0.323716
6.860000,1.199699,-0.031520,-1.964951,-0.227488,0.408010,-1.092808,-0.625718,0.090021,-0.291313
6.880000,1.195023,-0.023343,-1.986863,-0.240165,0.409682,-1.098310,-0.641953,0.077161,-0.258911
6.900000,1.190090,-0.015135,-2.008879,-0.253166,0.411096,-1.103165,-0.658188,0.064301,-0.226508
6.920000,1.184894,-0.006901,-2.030986,-0.266493,0.412254,-1.107371,-0.674422,0.051441,-0.194106
6.940000,1.179428,0.001354,-2.053170,-0.280143,0.413154,-1.110929,-0.690657,0.038581,-0.161703
6.960000,1.173686,0.009623,-2.075419,-0.294119,0.413797,-1.113839,-0.706892,0.025720,-0.129301
6.980000,1.167661,0.017904,-2.097719,-0.308419,0.414183,-1.116101,-0.723127,0.012860,-0.096898
7.000000,1.161347,0.026189,-2.120058,-0.323044,0.414312,-1.117715,-0.739361,0.000000,-0.064496
7.020000,1.154737,0.034474,-2.142423,-0.337993,0.414183,-1.118681,-0.755596,-0.012860,-0.032093
7.040000,1.147825,0.042755,-2.164801,-0.353268,0.413797,-1.118998,-0.771831,-0.025720,0.000309
7.060000,1.140605,0.051025,-2.187179,-0.368867,0.413154,-1.118668,-0.788065,-0.038580,0.032712
7.080000,1.133069,0.059279,-2.209544,-0.384790,0.412254,-1.117690,-0.804300,-0.051440,0.065114
7.100000,1.125211,0.067513,-2.231882,-0.401039,0.411097,-1.116064,-0.820535,-0.064300,0.097517
7.120000,1.117025,0.075721,-2.254182,-0.417612,0.409682,-1.113789,-0.836770,-0.077160,0.129919
7.140000,1.108504,0.083899,-2.276429,-0.434510,0.408010,-1.110867,-0.853004,-0.090020,0.162322
7.160000,1.099642,0.092040,-2.298612,-0.451732,0.406081,-1.107296,-0.869239,-0.102880,0.194724
7.180000,1.090433,0.100140,-2.320717,-0.469279,0.403895,-1.103078,-0.885474,-0.115741,0.227127
7.200000,1.080869,0.108194,-2.342731,-0.487151,0.401451,-1.098211,-0.901709,-0.128601,0.259529
7.220000,1.070945,0.116196,-2.364641,-0.505347,0.398751,-1.092697,-0.917943,-0.141461,0.291932
7.240000,1.060653,0.124142,-2.386435,-0.523869,0.395793,-1.086534,-0.934178,-0.154321,0.324334
7.260000,1.049988,0.132026,-2.408098,-0.542715,0.392578,-1.079723,-0.950413,-0.167181,0.356737
7.280000,1.038942,0.139844,-2.429619,-0.561885,0.389106,-1.072265,-0.966648,-0.180041,0.389139
7.300000,1.027510,0.147589,-2.450984,-0.581380,0.385376,-1.064158,-0.982882,-0.192901,0.421542
7.320000,1.015685,0.155257,-2.472181,-0.601200,0.381390,-1.055403,-0.999117,-0.205761,0.453944
7.340000,1.003460,0.162843,-2.493196,-0.621345,0.377146,-1.046000,-1.015352,-0.218621,0.486347
7.360000,0.990829,0.170341,-2.514017,-0.641814,0.372645,-1.035949,-1.031586,-0.231481,0.518749
7.380000,0.977785,0.177747,-2.534630,-0.662609,0.367887,-1.025250,-1.047821,-0.244341,0.551152
7.400000,0.964322,0.185055,-2.555023,-0.683727,0.362871,-1.013903,-1.064056,-0.257201,0.583554
7.420000,0.950434,0.192260,-2.575182,-0.705171,0.357599,-1.001908,-1.080291,-0.270062,0.615957
7.440000,0.936113,0.199357,-2.595095,-0.726939,0.352069,-0.989265,-1.096525,-0.282922,0.648359
7.460000,0.921354,0.206341,-2.614748,-0.749032,0.346282,-0.975973,-1.112760,-0.295782,0.680762
7.480000,0.906150,0.213207,-2.634129,-0.771449,0.340238,-0.962034,-1.128995,-0.308642,0.713164
7.500000,0.890494,0.219949,-2.653225,-0.794192,0.333936,-0.947447,-1.145230,-0.321502,0.745567
7.520000,0.874380,0.226562,-2.672023,-0.817259,0.327377,-0.932212,-1.161464,-0.334362,0.777969
7.540000,0.857802,0.233042,-2.690509,-0.840650,0.320562,-0.916328,-1.177699,-0.347222,0.810372
7.560000,0.840752,0.239383,-2.708671,-0.864367,0.313489,-0.899797,-1.193934,-0.360082,0.842774
7.580000,0.823225,0.245580,-2.726497,-0.888408,0.306158,-0.882617,-1.210168,-0.372942,0.875177
7.600000,0.805213,0.251628,-2.743972,-0.912773,0.298571,-0.864790,-1.226403,-0.385802,0.907579
7.620000,0.786712,0.257521,-2.761084,-0.937464,0.290726,-0.846314,-1.242638,-0.398662,0.939982
7.640000,0.767713,0.263255,-2.777820,-0.962479,0.282624,-0.827190,-1.258873,-0.411522,0.972384
7.660000,0.748210,0.268825,-2.794167,-0.987819,0.274265,-0.807419,-1.275107,-0.424383,1.004787
7.680000,0.728198,0.274224,-2.810113,-1.013483,0.265649,-0.786999,-1.291342,-0.437243,1.037189
7.700000,0.707669,0.279449,-2.825643,-1.039472,0.256776,-0.765931,-1.307577,-0.450103,1.069592
7.720000,0.686617,0.284493,-2.840745,-1.065786,0.247645,-0.744215,-1.323812,-0.462963,1.101994
7.740000,0.665035,0.289353,-2.855407,-1.092425,0.238257,-0.721851,-1.340046,-0.475823,1.134397
7.760000,0.642918,0.294022,-2.869615,-1.119388,0.228612,-0.698839,-1.356281,-0.488683,1.166799
7.780000,0.620257,0.298496,-2.883356,-1.146676,0.218710,-0.675179,-1.372516,-0.501543,1.199202
7.800000,0.597048,0.302769,-2.896618,-1.174289,0.208550,-0.650871,-1.388751,-0.514403,1.231604
7.820000,0.573284,0.306836,-2.909387,-1.202226,0.198134,-0.625915,-1.404985,-0.527263,1.264007
7.840000,0.548957,0.310692,-2.921650,-1.230488,0.187460,-0.600311,-1.421220,-0.540123,1.296409
7.860000,0.524062,0.314333,-2.933395,-1.259075,0.176529,-0.574059,-1.437455,-0.552983,1.328812
7.880000,0.498592,0.317752,-2.944608,-1.287986,0.165340,-0.547158,-1.453689,-0.565844,1.361214
7.900000,0.472540,0.320945,-2.955277,-1.317222,0.153895,-0.519610,-1.469924,-0.578704,1.393617
7.920000,0.445901,0.323906,-2.965388,-1.346783,0.142192,-0.491414,-1.486159,-0.591564,1.426019
7.940000,0.418667,0.326630,-2.974929,-1.376669,0.130232,-0.462569,-1.502394,-0.604424,1.458422
7.960000,0.390832,0.329113,-2.983887,-1.406879,0.118015,-0.433077,-1.518628,-0.617284,1.490824
7.980000,0.362390,0.331349,-2.992248,-1.437414,0.105541,-0.402936,-1.534863,-0.630144,1.523227
8.000000,0.333333,0.333333,-3.000000,-1.468273,0.092810,-0.372148,-1.551098,-0.643004,1.555629
8.020000,0.303666,0.335063,-3.007129,-1.498112,0.080276,-0.340567,-1.432743,-0.610392,1.602488
8.040000,0.273425,0.336549,-3.013616,-1.525583,0.068394,-0.308048,-1.314389,-0.577780,1.649347
8.060000,0.242658,0.337803,-3.019444,-1.550687,0.057164,-0.274593,-1.196034,-0.545168,1.696206
8.080000,0.211413,0.338840,-3.024594,-1.573425,0.046587,-0.240200,-1.077679,-0.512557,1.743064
8.100000,0.179737,0.339671,-3.029046,-1.593795,0.036662,-0.204870,-0.959325,-0.479945,1.789923
8.120000,0.147677,0.340310,-3.032782,-1.611798,0.027389,-0.168603,-0.840970,-0.447333,1.836782
8.140000,0.115281,0.340771,-3.035784,-1.627433,0.018769,-0.131399,-0.722615,-0.414721,1.883641
8.160000,0.082595,0.341066,-3.038032,-1.640702,0.010801,-0.093258,-0.604261,-0.382109,1.930499
8.180000,0.049668,0.341207,-3.039508,-1.651604,0.003485,-0.054179,-0.485906,-0.349497,1.977358
8.200000,0.016547,0.341209,-3.040193,-1.660138,-0.003179,-0.014163,-0.367551,-0.316885,2.024217
8.220000,-0.016721,0.341085,-3.040068,-1.666306,-0.009191,0.026790,-0.249197,-0.284274,2.071076
8.240000,-0.050089,0.340846,-3.039115,-1.670106,-0.014550,0.068680,-0.130842,-0.251662,2.117934
8.260000,-0.083510,0.340507,-3.037315,-1.671540,-0.019257,0.111507,-0.012487,-0.219050,2.164793
8.280000,-0.116935,0.340080,-3.034649,-1.670606,-0.023312,0.155272,0.105867,-0.186438,2.211652
8.300000,-0.150318,0.339579,-3.031098,-1.667305,-0.026715,0.199973,0.224222,-0.153826,2.258511
8.320000,-0.183612,0.339016,-3.026644,-1.661637,-0.029465,0.245612,0.342577,-0.121214,2.305369
8.340000,-0.216768,0.338404,-3.021267,-1.653602,-0.031563,0.292188,0.460931,-0.088602,2.352228
8.360000,-0.249740,0.337758,-3.014950,-1.643200,-0.033009,0.339701,0.579286,-0.055991,2.399087
8.380000,-0.282480,0.337088,-3.007673,-1.630430,-0.033803,0.388151,0.697641,-0.023379,2.445946
8.400000,-0.314941,0.336410,-2.999417,-1.615294,-0.033945,0.437539,0.815995,0.009233,2.492804
8.420000,-0.347076,0.335735,-2.990165,-1.597790,-0.033434,0.487864,0.934350,0.041845,2.539663
8.440000,-0.378837,0.335077,-2.979897,-1.577920,-0.032271,0.539125,1.052705,0.074457,2.586522
8.460000,-0.410177,0.334449,-2.968594,-1.555682,-0.030455,0.591324,1.171059,0.107069,2.633381
8.480000,-0.441049,0.333863,-2.956237,-1.531078,-0.027988,0.644461,1.289414,0.139681,2.680239
8.500000,-0.471405,0.333333,-2.942809,-1.504106,-0.024868,0.698534,1.407769,0.172292,2.727098
8.520000,-0.501202,0.332870,-2.928298,-1.475495,-0.021510,0.752301,1.453356,0.163554,2.649647
8.540000,-0.530418,0.332472,-2.912727,-1.445972,-0.018326,0.804520,1.498942,0.154816,2.572195
8.560000,-0.559035,0.332136,-2.896128,-1.415537,-0.015317,0.855189,1.544529,0.146077,2.494744
8.580000,-0.587034,0.331858,-2.878530,-1.384190,-0.012483,0.904310,1.590116,0.137339,2.417292
8.600000,-0.614396,0.331635,-2.859966,-1.351932,-0.009824,0.951881,1.635703,0.128601,2.339841
8.620000,-0.641105,0.331464,-2.840465,-1.318762,-0.007339,0.997903,1.681290,0.119862,2.262389
8.640000,-0.667141,0.331340,-2.820060,-1.284681,-0.005029,1.042377,1.726877,0.111124,2.184938
8.660000,-0.692486,0.331261,-2.798780,-1.249687,-0.002894,1.085301,1.772464,0.102386,2.107487
8.680000,-0.717122,0.331223,-2.776658,-1.213782,-0.000934,1.126676,1.818050,0.093648,2.030035
8.700000,-0.741031,0.331223,-2.753724,-1.176965,0.000852,1.166502,1.863637,0.084909,1.952584
8.720000,-0.764195,0.331256,-2.730008,-1.139237,0.002463,1.204779,1.909224,0.076171,1.875132
8.740000,-0.786595,0.331320,-2.705543,-1.100596,0.003899,1.241508,1.954811,0.067433,1.797681
8.760000,-0.808212,0.331411,-2.680358,-1.061044,0.005160,1.276687,2.000398,0.058694,1.720229
8.780000,-0.829030,0.331526,-2.654486,-1.020580,0.006246,1.310317,2.045985,0.049956,1.642778
8.800000,-0.849030,0.331660,-2.627956,-0.979205,0.007158,1.342398,2.091572,0.041218,1.565327
8.820000,-0.868192,0.331811,-2.600800,-0.936917,0.007895,1.372930,2.137158,0.032479,1.487875
8.840000,-0.886500,0.331975,-2.573049,-0.893718,0.008457,1.401913,2.182745,0.023741,1.410424
8.860000,-0.903935,0.332148,-2.544734,-0.849608,0.008845,1.429347,2.228332,0.015003,1.332972
8.880000,-0.920478,0.332327,-2.515886,-0.804585,0.009058,1.455232,2.273919,0.006264,1.255521
8.900000,-0.936112,0.332509,-2.486535,-0.758651,0.009095,1.479568,2.319506,-0.002474,1.178069
8.920000,-0.950818,0.332690,-2.456713,-0.711805,0.008959,1.502354,2.365093,-0.011212,1.100618
8.940000,-0.964578,0.332866,-2.426451,-0.664047,0.008647,1.523592,2.410680,-0.019951,1.023167
8.960000,-0.977374,0.333035,-2.395780,-0.615378,0.008161,1.543281,2.456266,-0.028689,0.945715
8.980000,-0.989187,0.333191,-2.364730,-0.565796,0.007499,1.561421,2.501853,-0.037427,0.868264
9.000000,-1.000000,0.333333,-2.333333,-0.515304,0.006663,1.578012,2.547440,-0.046166,0.790812
9.020000,-1.009797,0.333458,-2.301620,-0.464389,0.005764,1.593030,2.543996,-0.043824,0.711018
9.040000,-1.018576,0.333564,-2.269623,-0.413544,0.004910,1.606452,2.540553,-0.041483,0.631223
9.060000,-1.026339,0.333654,-2.237373,-0.362767,0.004104,1.618279,2.537109,-0.039141,0.551428
9.080000,-1.033087,0.333729,-2.204902,-0.312059,0.003345,1.628509,2.533665,-0.036800,0.471633
9.100000,-1.038822,0.333788,-2.172243,-0.261420,0.002632,1.637144,2.530221,-0.034458,0.391839
9.120000,-1.043544,0.333834,-2.139427,-0.210850,0.001966,1.644183,2.526777,-0.032117,0.312044
9.140000,-1.047256,0.333867,-2.106486,-0.160349,0.001348,1.649626,2.523334,-0.029776,0.232249
9.160000,-1.049959,0.333888,-2.073453,-0.109917,0.000775,1.653473,2.519890,-0.027434,0.152455
9.180000,-1.051653,0.333899,-2.040358,-0.059554,0.000250,1.655724,2.516446,-0.025093,0.072660
9.200000,-1.052341,0.333899,-2.007234,-0.009259,-0.000228,1.656379,2.513002,-0.022751,-0.007135
9.220000,-1.052024,0.333890,-1.974114,0.040966,-0.000660,1.655439,2.509558,-0.020410,-0.086930
9.240000,-1.050703,0.333873,-1.941027,0.091123,-0.001045,1.652902,2.506115,-0.018068,-0.166724
9.260000,-1.048380,0.333848,-1.908008,0.141211,-0.001383,1.648770,2.502671,-0.015727,-0.246519
9.280000,-1.045055,0.333818,-1.875087,0.191230,-0.001674,1.643041,2.499227,-0.013386,-0.326314
9.300000,-1.040731,0.333782,-1.842297,0.241180,-0.001918,1.635717,2.495783,-0.011044,-0.406109
9.320000,-1.035409,0.333741,-1.809669,0.291061,-0.002116,1.626797,2.492339,-0.008703,-0.485903
9.340000,-1.029089,0.333697,-1.777236,0.340874,-0.002266,1.616281,2.488896,-0.006361,-0.565698
9.360000,-1.021774,0.333651,-1.745029,0.390617,-0.002370,1.604169,2.485452,-0.004020,-0.645493
9.380000,-1.013465,0.333603,-1.713080,0.440292,-0.002427,1.590461,2.482008,-0.001679,-0.725287
9.400000,-1.004163,0.333554,-1.681421,0.489897,-0.002437,1.575158,2.478564,0.000663,-0.805082
9.420000,-0.993869,0.333506,-1.650084,0.539434,-0.002400,1.558258,2.475120,0.003004,-0.884877
9.440000,-0.982586,0.333459,-1.619101,0.588902,-0.002317,1.539763,2.471677,0.005346,-0.964672
9.460000,-0.970314,0.333413,-1.588504,0.638301,-0.002187,1.519671,2.468233,0.007687,-1.044466
9.480000,-0.957054,0.333371,-1.558325,0.687631,-0.002009,1.497984,2.464789,0.010029,-1.124261
9.500000,-0.942809,0.333333,-1.528595,0.736893,-0.001785,1.474701,2.461345,0.012370,-1.204056
9.520000,-0.927583,0.333300,-1.499346,0.785480,-0.001544,1.450060,2.397372,0.011743,-1.259974
9.540000,-0.911398,0.333271,-1.470601,0.832788,-0.001316,1.424302,2.333399,0.011115,-1.315892
9.560000,-0.894280,0.333247,-1.442381,0.878816,-0.001100,1.397425,2.269425,0.010488,-1.371810
9.580000,-0.876254,0.333227,-1.414711,0.923565,-0.000896,1.369429,2.205452,0.009861,-1.427728
9.600000,-0.857346,0.333211,-1.387612,0.967034,-0.000705,1.340316,2.141479,0.009233,-1.483646
9.620000,-0.837581,0.333199,-1.361106,1.009224,-0.000527,1.310084,2.077505,0.008606,-1.539564
9.640000,-0.816986,0.333190,-1.335216,1.050134,-0.000361,1.278733,2.013532,0.007978,-1.595482
9.660000,-0.795585,0.333185,-1.309964,1.089765,-0.000208,1.246264,1.949559,0.007351,-1.651400
9.680000,-0.773404,0.333182,-1.285373,1.128117,-0.000067,1.212677,1.885586,0.006724,-1.707318
9.700000,-0.750468,0.333182,-1.261464,1.165189,0.000061,1.177972,1.821612,0.006096,-1.763236
9.720000,-0.726805,0.333184,-1.238261,1.200981,0.000177,1.142148,1.757639,0.005469,-1.819154
9.740000,-0.702438,0.333189,-1.215786,1.235494,0.000280,1.105205,1.693666,0.004841,-1.875072
9.760000,-0.677393,0.333195,-1.194060,1.268728,0.000370,1.067145,1.629692,0.004214,-1.930990
9.780000,-0.651697,0.333204,-1.173108,1.300682,0.000448,1.027966,1.565719,0.003587,-1.986908
9.800000,-0.625375,0.333213,-1.152949,1.331356,0.000514,0.987668,1.501746,0.002959,-2.042826
9.820000,-0.598451,0.333224,-1.133608,1.360752,0.000567,0.946253,1.437772,0.002332,-2.098744
9.840000,-0.570953,0.333236,-1.115107,1.388867,0.000607,0.903719,1.373799,0.001705,-2.154662
9.860000,-0.542905,0.333248,-1.097467,1.415704,0.000635,0.860066,1.309826,0.001077,-2.210580
9.880000,-0.514334,0.333261,-1.080711,1.441260,0.000650,0.815296,1.245853,0.000450,-2.266498
9.900000,-0.485263,0.333274,-1.064863,1.465538,0.000653,0.769406,1.181879,-0.000178,-2.322416
9.920000,-0.455721,0.333287,-1.049943,1.488536,0.000643,0.722399,1.117906,-0.000805,-2.378334
9.940000,-0.425730,0.333300,-1.035974,1.510254,0.000621,0.674273,1.053933,-0.001432,-2.434252
9.960000,-0.395319,0.333312,-1.022979,1.530693,0.000586,0.625029,0.989959,-0.002060,-2.490170
9.980000,-0.364511,0.333323,-1.010980,1.549852,0.000538,0.574666,0.925986,-0.002687,-2.546088
10.000000,-0.333333,0.333333,-1.000000,1.567732,0.000478,0.523185,0.862013,-0.003315,-2.602006
10.020000,-0.301812,0.333342,-0.990056,1.584139,0.000414,0.471207,0.778608,-0.003146,-2.595798
10.040000,-0.269979,0.333350,-0.981151,1.598877,0.000353,0.419353,0.695203,-0.002978,-2.589589
10.060000,-0.237868,0.333356,-0.973281,1.611947,0.000295,0.367624,0.611799,-0.002810,-2.583381
10.080000,-0.205512,0.333362,-0.966445,1.623349,0.000240,0.316018,0.528394,-0.002642,-2.577172
10.100000,-0.172945,0.333366,-0.960640,1.633082,0.000189,0.264537,0.444989,-0.002474,-2.570964
10.120000,-0.140200,0.333369,-0.955863,1.641148,0.000141,0.213180,0.361585,-0.002306,-2.564755
10.140000,-0.107310,0.333372,-0.952112,1.647546,0.000097,0.161947,0.278180,-0.002138,-2.558547
10.160000,-0.074309,0.333373,-0.949384,1.652275,0.000056,0.110838,0.194775,-0.001970,-2.552338
10.180000,-0.041230,0.333374,-0.947677,1.655337,0.000018,0.059853,0.111370,-0.001802,-2.546130
10.200000,-0.008107,0.333374,-0.946989,1.656730,-0.000016,0.008993,0.027966,-0.001633,-2.539921
10.220000,0.025028,0.333373,-0.947317,1.656455,-0.000047,-0.041744,-0.055439,-0.001465,-2.533713
10.240000,0.058140,0.333372,-0.948658,1.654513,-0.000075,-0.092356,-0.138844,-0.001297,-2.527504
10.260000,0.091197,0.333370,-0.951010,1.650902,-0.000099,-0.142844,-0.222248,-0.001129,-2.521296
10.280000,0.124165,0.333368,-0.954371,1.645623,-0.000120,-0.193208,-0.305653,-0.000961,-2.515088
10.300000,0.157011,0.333366,-0.958738,1.638676,-0.000138,-0.243447,-0.389058,-0.000793,-2.508879
10.320000,0.189701,0.333363,-0.964108,1.630060,-0.000152,-0.293563,-0.472463,-0.000625,-2.502671
10.340000,0.222202,0.333359,-0.970479,1.619777,-0.000163,-0.343554,-0.555867,-0.000457,-2.496462
10.360000,0.254481,0.333356,-0.977849,1.607826,-0.000170,-0.393421,-0.639272,-0.000289,-2.490254
10.380000,0.286504,0.333353,-0.986216,1.594206,-0.000174,-0.443164,-0.722677,-0.000121,-2.484045
10.400000,0.318238,0.333349,-0.995575,1.578919,-0.000175,-0.492783,-0.806081,0.000048,-2.477837
10.420000,0.349650,0.333346,-1.005926,1.561963,-0.000172,-0.542278,-0.889486,0.000216,-2.471628
10.440000,0.380706,0.333342,-1.017265,1.543339,-0.000166,-0.591648,-0.972891,0.000384,-2.465420
10.460000,0.411372,0.333339,-1.029591,1.523047,-0.000157,-0.640895,-1.056295,0.000552,-2.459211
10.480000,0.441616,0.333336,-1.042900,1.501087,-0.000144,-0.690017,-1.139700,0.000720,-2.453003
10.500000,0.471405,0.333333,-1.057191,1.477459,-0.000128,-0.739015,-1.223105,0.000888,-2.446794
10.520000,0.500705,0.333331,-1.072456,1.452448,-0.000111,-0.787318,-1.278061,0.000843,-2.383549
10.540000,0.529495,0.333329,-1.088675,1.426337,-0.000094,-0.834357,-1.333017,0.000798,-2.320303
10.560000,0.557752,0.333327,-1.105822,1.399127,-0.000079,-0.880130,-1.387974,0.000753,-2.257057
10.580000,0.585453,0.333326,-1.123872,1.370818,-0.000064,-0.924639,-1.442930,0.000708,-2.193811
10.600000,0.612577,0.333325,-1.142799,1.341410,-0.000051,-0.967883,-1.497886,0.000663,-2.130566
10.620000,0.639102,0.333324,-1.162579,1.310902,-0.000038,-1.009862,-1.552842,0.000618,-2.067320
10.640000,0.665006,0.333323,-1.183185,1.279296,-0.000026,-1.050576,-1.607798,0.000573,-2.004074
10.660000,0.690266,0.333323,-1.204594,1.246591,-0.000015,-1.090025,-1.662755,0.000528,-1.940828
10.680000,0.714862,0.333322,-1.226778,1.212786,-0.000005,-1.128209,-1.717711,0.000483,-1.877583
10.700000,0.738771,0.333322,-1.249713,1.177882,0.000004,-1.165128,-1.772667,0.000438,-1.814337
10.720000,0.761970,0.333323,-1.273375,1.141879,0.000013,-1.200782,-1.827623,0.000393,-1.751091
10.740000,0.784438,0.333323,-1.297736,1.104777,0.000020,-1.235172,-1.882580,0.000348,-1.687845
10.760000,0.806154,0.333323,-1.322773,1.066576,0.000027,-1.268296,-1.937536,0.000303,-1.624599
10.780000,0.827094,0.333324,-1.348460,1.027276,0.000032,-1.300156,-1.992492,0.000258,-1.561354
10.800000,0.847237,0.333325,-1.374771,0.986876,0.000037,-1.330750,-2.047448,0.000212,-1.498108
10.820000,0.866562,0.333325,-1.401681,0.945378,0.000041,-1.360080,-2.102404,0.000167,-1.434862
10.840000,0.885045,0.333326,-1.429166,0.902780,0.000044,-1.388145,-2.157361,0.000122,-1.371616
10.860000,0.902666,0.333327,-1.457199,0.859083,0.000046,-1.414945,-2.212317,0.000077,-1.308371
10.880000,0.919401,0.333328,-1.485755,0.814287,0.000047,-1.440479,-2.267273,0.000032,-1.245125
10.900000,0.935230,0.333329,-1.514809,0.768392,0.000047,-1.464750,-2.322229,-0.000013,-1.181879
10.920000,0.950130,0.333330,-1.544337,0.721398,0.000046,-1.487755,-2.377186,-0.000058,-1.118633
10.940000,0.964078,0.333331,-1.574311,0.673305,0.000045,-1.509495,-2.432142,-0.000103,-1.055388
10.960000,0.977054,0.333332,-1.604708,0.624113,0.000042,-1.529970,-2.487098,-0.000148,-0.992142
10.980000,0.989036,0.333333,-1.635501,0.573821,0.000039,-1.549181,-2.542054,-0.000193,-0.928896
11.000000,1.000000,0.333333,-1.666667,0.522430,0.000034,-1.567126,-2.597010,-0.000238,-0.865650
11.020000,1.009930,0.333334,-1.698177,0.470550,0.000030,-1.583603,-2.591039,-0.000226,-0.782100
11.040000,1.018823,0.333335,-1.730000,0.418789,0.000025,-1.598410,-2.585068,-0.000214,-0.698550
11.060000,1.026682,0.333335,-1.762102,0.367147,0.000021,-1.611545,-2.579097,-0.000202,-0.615000
11.080000,1.033509,0.333335,-1.794450,0.315625,0.000017,-1.623010,-2.573125,-0.000190,-0.531450
11.100000,1.039308,0.333336,-1.827011,0.264222,0.000014,-1.632803,-2.567154,-0.000178,-0.447899
11.120000,1.044079,0.333336,-1.859751,0.212939,0.000010,-1.640926,-2.561183,-0.000166,-0.364349
11.140000,1.047826,0.333336,-1.892637,0.161775,0.000007,-1.647377,-2.555211,-0.000153,-0.280799
11.160000,1.050551,0.333336,-1.925635,0.110730,0.000004,-1.652158,-2.549240,-0.000141,-0.197249
11.180000,1.052256,0.333336,-1.958712,0.059805,0.000001,-1.655267,-2.543269,-0.000129,-0.113699
11.200000,1.052944,0.333336,-1.991835,0.009000,-0.000001,-1.656706,-2.537297,-0.000117,-0.030149
11.220000,1.052617,0.333336,-2.024969,-0.041687,-0.000003,-1.656473,-2.531326,-0.000105,0.053402
11.240000,1.051277,0.333336,-2.058083,-0.092253,-0.000005,-1.654570,-2.525355,-0.000093,0.136952
11.260000,1.048928,0.333336,-2.091141,-0.142701,-0.000007,-1.650995,-2.519384,-0.000081,0.220502
11.280000,1.045570,0.333336,-2.124111,-0.193029,-0.000009,-1.645750,-2.513412,-0.000069,0.304052
11.300000,1.041207,0.333336,-2.156960,-0.243237,-0.000010,-1.638833,-2.507441,-0.000057,0.387602
11.320000,1.035841,0.333335,-2.189654,-0.293326,-0.000011,-1.630246,-2.501470,-0.000045,0.471152
11.340000,1.029475,0.333335,-2.222159,-0.343296,-0.000012,-1.619987,-2.495498,-0.000033,0.554703
11.360000,1.022110,0.333335,-2.254442,-0.393146,-0.000012,-1.608058,-2.489527,-0.000021,0.638253
11.380000,1.013750,0.333335,-2.286470,-0.442877,-0.000013,-1.594457,-2.483556,-0.000009,0.721803
11.400000,1.004396,0.333334,-2.318209,-0.492488,-0.000013,-1.579185,-2.477585,0.000003,0.805353
11.420000,0.994051,0.333334,-2.349626,-0.541980,-0.000012,-1.562243,-2.471613,0.000015,0.888903
11.440000,0.982718,0.333334,-2.380688,-0.591353,-0.000012,-1.543629,-2.465642,0.000028,0.972453
11.460000,0.970398,0.333334,-2.411360,-0.640606,-0.000011,-1.523345,-2.459671,0.000040,1.056004
11.480000,0.957094,0.333334,-2.441610,-0.689740,-0.000010,-1.501389,-2.453699,0.000052,1.139554
11.500000,0.942809,0.333333,-2.471405,-0.738754,-0.000009,-1.477763,-2.447728,0.000064,1.223104
11.520000,0.927549,0.333333,-2.500711,-0.787076,-0.000008,-1.452749,-2.384495,0.000061,1.278206
11.540000,0.911334,0.333333,-2.529507,-0.834134,-0.000007,-1.426634,-2.321263,0.000057,1.333308
11.560000,0.894192,0.333333,-2.557770,-0.879927,-0.000006,-1.399417,-2.258030,0.000054,1.388410
11.580000,0.876146,0.333333,-2.585476,-0.924455,-0.000005,-1.371098,-2.194797,0.000051,1.443512
11.600000,0.857222,0.333333,-2.612606,-0.967719,-0.000004,-1.341677,-2.131565,0.000048,1.498613
11.620000,0.837445,0.333333,-2.639136,-1.009718,-0.000003,-1.311153,-2.068332,0.000044,1.553715
11.640000,0.816842,0.333333,-2.665045,-1.050452,-0.000002,-1.279528,-2.005099,0.000041,1.608817
11.660000,0.795436,0.333333,-2.690310,-1.089922,-0.000001,-1.246801,-1.941867,0.000038,1.663919
11.680000,0.773253,0.333333,-2.714910,-1.128127,-0.000000,-1.212971,-1.878634,0.000035,1.719021
11.700000,0.750319,0.333333,-2.738821,-1.165067,0.000000,-1.178040,-1.815401,0.000031,1.774123
11.720000,0.726659,0.333333,-2.762024,-1.200743,0.000001,-1.142006,-1.752169,0.000028,1.829225
11.740000,0.702298,0.333333,-2.784494,-1.235154,0.000001,-1.104871,-1.688936,0.000025,1.884327
11.760000,0.677261,0.333333,-2.806211,-1.268300,0.000002,-1.066633,-1.625703,0.000022,1.939429
11.780000,0.651574,0.333333,-2.827152,-1.300182,0.000002,-1.027294,-1.562471,0.000018,1.994531
11.800000,0.625262,0.333333,-2.847296,-1.330799,0.000003,-0.986852,-1.499238,0.000015,2.049632
11.820000,0.598351,0.333333,-2.866619,-1.360151,0.000003,-0.945308,-1.436005,0.000012,2.104734
11.840000,0.570865,0.333333,-2.885101,-1.388239,0.000003,-0.902663,-1.372773,0.000009,2.159836
11.860000,0.542830,0.333333,-2.902718,-1.415062,0.000003,-0.858915,-1.309540,0.000006,2.214938
11.880000,0.514271,0.333333,-2.919450,-1.440621,0.000003,-0.814065,-1.246307,0.000002,2.270040
11.900000,0.485213,0.333333,-2.935274,-1.464915,0.000003,-0.768113,-1.183075,-0.000001,2.325142
11.920000,0.455683,0.333333,-2.950167,-1.487944,0.000003,-0.721060,-1.119842,-0.000004,2.380244
11.940000,0.425704,0.333333,-2.964109,-1.509708,0.000003,-0.672904,-1.056609,-0.000007,2.435346
11.960000,0.395303,0.333333,-2.977076,-1.530208,0.000003,-0.623646,-0.993377,-0.000011,2.490448
11.980000,0.364504,0.333333,-2.989047,-1.549443,0.000003,-0.573286,-0.930144,-0.000014,2.545549
12.000000,0.333333,0.333333,-3.000000,-1.567414,0.000002,-0.521824,-0.866911,-0.000017,2.600651
12.020000,0.301817,0.333333,-3.009917,-1.583914,0.000002,-0.469878,-0.783072,-0.000016,2.593952
12.040000,0.269988,0.333333,-3.018796,-1.598737,0.000002,-0.418066,-0.699232,-0.000015,2.587252
12.060000,0.237879,0.333333,-3.026640,-1.611883,0.000002,-0.366388,-0.615392,-0.000014,2.580553
12.080000,0.205524,0.333333,-3.033452,-1.623353,0.000001,-0.314844,-0.531552,-0.000014,2.573854
12.100000,0.172956,0.333334,-3.039235,-1.633145,0.000001,-0.263433,-0.447713,-0.000013,2.567154
12.120000,0.140209,0.333334,-3.043991,-1.641261,0.000001,-0.212157,-0.363873,-0.000012,2.560455
12.140000,0.107317,0.333334,-3.047722,-1.647700,0.000000,-0.161015,-0.280033,-0.000011,2.553755
12.160000,0.074312,0.333334,-3.050432,-1.652462,0.000000,-0.110007,-0.196194,-0.000010,2.547056
12.180000,0.041229,0.333334,-3.052123,-1.655548,0.000000,-0.059133,-0.112354,-0.000009,2.540356
12.200000,0.008102,0.333334,-3.052798,-1.656956,-0.000000,-0.008393,-0.028514,-0.000008,2.533657
12.220000,-0.025038,0.333334,-3.052460,-1.656688,-0.000000,0.042213,0.055326,-0.000008,2.526957
12.240000,-0.058155,0.333334,-3.051111,-1.654743,-0.000000,0.092685,0.139165,-0.000007,2.520258
12.260000,-0.091216,0.333334,-3.048753,-1.651122,-0.000001,0.143024,0.223005,-0.000006,2.513558
12.280000,-0.124188,0.333334,-3.045391,-1.645823,-0.000001,0.193228,0.306845,-0.000005,2.506859
12.300000,-0.157038,0.333333,-3.041025,-1.638848,-0.000001,0.243298,0.390684,-0.000004,2.500160
12.320000,-0.189731,0.333333,-3.035660,-1.630196,-0.000001,0.293234,0.474524,-0.000003,2.493460
12.340000,-0.222235,0.333333,-3.029297,-1.619867,-0.000001,0.343036,0.558364,-0.000002,2.486761
12.360000,-0.254515,0.333333,-3.021939,-1.607861,-0.000001,0.392705,0.642204,-0.000001,2.480061
12.380000,-0.286538,0.333333,-3.013589,-1.594179,-0.000001,0.442239,0.726043,-0.000001,2.473362
12.400000,-0.318271,0.333333,-3.004250,-1.578820,-0.000001,0.491639,0.809883,0.000000,2.466662
12.420000,-0.349679,0.333333,-2.993925,-1.561784,-0.000001,0.540905,0.893723,0.000001,2.459963
12.440000,-0.380731,0.333333,-2.982615,-1.543071,-0.000001,0.590038,0.977562,0.000002,2.453263
12.460000,-0.411391,0.333333,-2.970324,-1.522681,-0.000001,0.639036,1.061402,0.000003,2.446564
12.480000,-0.441627,0.333333,-2.957055,-1.500615,-0.000001,0.687900,1.145242,0.000004,2.439865
12.500000,-0.471405,0.333333,-2.942809,-1.476871,-0.000001,0.736630,1.229081,0.000005,2.433165
12.520000,-0.500693,0.333333,-2.927594,-1.451750,-0.000001,0.784689,1.283038,0.000004,2.372699
12.540000,-0.529467,0.333333,-2.911430,-1.425550,-0.000000,0.831538,1.336995,0.000004,2.312234
12.560000,-0.557707,0.333333,-2.894340,-1.398270,-0.000000,0.877178,1.390952,0.000004,2.251768
12.580000,-0.585391,0.333333,-2.876350,-1.369912,-0.000000,0.921609,1.444909,0.000004,2.191302
12.600000,-0.612497,0.333333,-2.857484,-1.340474,-0.000000,0.964830,1.498866,0.000003,2.130837
12.620000,-0.639003,0.333333,-2.837765,-1.309957,-0.000000,1.006843,1.552822,0.000003,2.070371
12.640000,-0.664888,0.333333,-2.817218,-1.278361,-0.000000,1.047645,1.606779,0.000003,2.009905
12.660000,-0.690130,0.333333,-2.795868,-1.245686,-0.000000,1.087239,1.660736,0.000003,1.949439
12.680000,-0.714708,0.333333,-2.773737,-1.211932,-0.000000,1.125623,1.714693,0.000002,1.888974
12.700000,-0.738600,0.333333,-2.750851,-1.177098,0.000000,1.162798,1.768650,0.000002,1.828508
12.720000,-0.761785,0.333333,-2.727233,-1.141186,0.000000,1.198763,1.822607,0.000002,1.768042
12.740000,-0.784240,0.333333,-2.702908,-1.104194,0.000000,1.233519,1.876563,0.000002,1.707577
12.760000,-0.805945,0.333333,-2.677900,-1.066123,0.000000,1.267066,1.930520,0.000002,1.647111
12.780000,-0.826878,0.333333,-2.652234,-1.026973,0.000000,1.299404,1.984477,0.000001,1.586645
12.800000,-0.847017,0.333333,-2.625932,-0.986744,0.000000,1.330532,2.038434,0.000001,1.526179
12.820000,-0.866341,0.333333,-2.599020,-0.945436,0.000000,1.360451,2.092391,0.000001,1.465714
12.840000,-0.884827,0.333333,-2.571522,-0.903048,0.000000,1.389161,2.146348,0.000001,1.405248
12.860000,-0.902455,0.333333,-2.543462,-0.859582,0.000000,1.416661,2.200304,0.000000,1.344782
12.880000,-0.919203,0.333333,-2.514864,-0.815036,0.000000,1.442952,2.254261,0.000000,1.284317
12.900000,-0.935050,0.333333,-2.485752,-0.769411,0.000000,1.468034,2.308218,-0.000000,1.223851
12.920000,-0.949973,0.333333,-2.456151,-0.722708,0.000000,1.491906,2.362175,-0.000000,1.163385
12.940000,-0.963951,0.333333,-2.426084,-0.674924,0.000000,1.514569,2.416132,-0.000001,1.102919
12.960000,-0.976962,0.333333,-2.395576,-0.626062,0.000000,1.536023,2.470089,-0.000001,1.042454
12.980000,-0.988986,0.333333,-2.364651,-0.576121,0.000000,1.556267,2.524045,-0.000001,0.981988
13.000000,-1.000000,0.333333,-2.333333,-0.525100,0.000000,1.575302,2.578002,-0.000001,0.921522
13.020000,-1.009987,0.333333,-2.301649,-0.473564,0.000000,1.592791,2.575594,-0.000001,0.827343
13.040000,-1.018943,0.333333,-2.269634,-0.422077,0.000000,1.608396,2.573185,-0.000001,0.733163
13.060000,-1.026870,0.333333,-2.237326,-0.370637,0.000000,1.622117,2.570776,-0.000001,0.638984
13.080000,-1.033769,0.333333,-2.204762,-0.319246,0.000000,1.633955,2.568367,-0.000001,0.544805
13.100000,-1.039640,0.333333,-2.171980,-0.267902,0.000000,1.643910,2.565959,-0.000001,0.450625
13.120000,-1.044485,0.333333,-2.139018,-0.216607,0.000000,1.651980,2.563550,-0.000001,0.356446
13.140000,-1.048305,0.333333,-2.105914,-0.165360,0.000000,1.658167,2.561141,-0.000001,0.262266
13.160000,-1.051100,0.333333,-2.072704,-0.114162,0.000000,1.662471,2.558732,-0.000001,0.168087
13.180000,-1.052872,0.333333,-2.039427,-0.063011,0.000000,1.664891,2.556324,-0.000001,0.073908
13.200000,-1.053621,0.333333,-2.006121,-0.011909,-0.000000,1.665427,2.553915,-0.000001,-0.020272
13.220000,-1.053348,0.333333,-1.972823,0.039145,-0.000000,1.664080,2.551506,-0.000001,-0.114451
13.240000,-1.052055,0.333333,-1.939570,0.090152,-0.000000,1.660849,2.549097,-0.000000,-0.208631
13.260000,-1.049742,0.333333,-1.906401,0.141109,-0.000000,1.655735,2.546689,-0.000000,-0.302810
13.280000,-1.046411,0.333333,-1.873354,0.192019,-0.000000,1.648737,2.544280,-0.000000,-0.396989
13.300000,-1.042062,0.333333,-1.840465,0.242881,-0.000000,1.639855,2.541871,-0.000000,-0.491169
13.320000,-1.036696,0.333333,-1.807772,0.293694,-0.000000,1.629090,2.539463,-0.000000,-0.585348
13.340000,-1.030315,0.333333,-1.775313,0.344459,-0.000000,1.616441,2.537054,-0.000000,-0.679528
13.360000,-1.022918,0.333333,-1.743127,0.395176,-0.000000,1.601909,2.534645,-0.000000,-0.773707
13.380000,-1.014508,0.333333,-1.711250,0.445845,-0.000000,1.585493,2.532236,-0.000000,-0.867886
13.400000,-1.005085,0.333333,-1.679720,0.496466,-0.000000,1.567194,2.529828,0.000000,-0.962066
13.420000,-0.994650,0.333333,-1.648574,0.547038,-0.000000,1.547010,2.527419,0.000000,-1.056245
13.440000,-0.983203,0.333333,-1.617852,0.597562,-0.000000,1.524944,2.525010,0.000000,-1.150425
13.460000,-0.970747,0.333333,-1.587589,0.648038,-0.000000,1.500993,2.522601,0.000000,-1.244604
13.480000,-0.957282,0.333333,-1.557825,0.698466,-0.000000,1.475160,2.520193,0.000000,-1.338783
13.500000,-0.942809,0.333333,-1.528595,0.748846,-0.000000,1.447442,2.517784,0.000000,-1.432963
13.520000,-0.927334,0.333333,-1.499934,0.798437,-0.000000,1.418629,2.441300,0.000000,-1.448328
13.540000,-0.910882,0.333333,-1.471852,0.846498,-0.000000,1.389509,2.364817,0.000000,-1.463693
13.560000,-0.893484,0.333333,-1.444356,0.893030,-0.000000,1.360081,2.288333,0.000000,-1.479058
13.580000,-0.875171,0.333333,-1.417451,0.938031,-0.000000,1.330347,2.211850,0.000000,-1.494423
13.600000,-0.855973,0.333333,-1.391144,0.981504,-0.000000,1.300305,2.135366,0.000000,-1.509788
13.620000,-0.835921,0.333333,-1.365441,1.023446,-0.000000,1.269955,2.058883,0.000000,-1.525153
13.640000,-0.815045,0.333333,-1.340348,1.063859,-0.000000,1.239298,1.982399,0.000000,-1.540518
13.660000,-0.793377,0.333333,-1.315871,1.102742,-0.000000,1.208334,1.905916,0.000000,-1.555883
13.680000,-0.770946,0.333333,-1.292017,1.140096,-0.000000,1.177063,1.829432,0.000000,-1.571248
13.700000,-0.747783,0.333333,-1.268791,1.175919,0.000000,1.145485,1.752949,0.000000,-1.586613
13.720000,-0.723919,0.333333,-1.246199,1.210214,0.000000,1.113599,1.676465,0.000000,-1.601978
13.740000,-0.699385,0.333333,-1.224249,1.242978,0.000000,1.081405,1.599982,0.000000,-1.617343
13.760000,-0.674210,0.333333,-1.202945,1.274213,0.000000,1.048905,1.523498,0.000000,-1.632708
13.780000,-0.648426,0.333333,-1.182295,1.303918,0.000000,1.016097,1.447015,0.000000,-1.648073
13.800000,-0.622064,0.333333,-1.162303,1.332093,0.000000,0.982982,1.370531,0.000000,-1.663438
13.820000,-0.595153,0.333333,-1.142977,1.358739,0.000000,0.949560,1.294048,0.000000,-1.678803
13.840000,-0.567724,0.333333,-1.124323,1.383855,0.000000,0.915830,1.217564,0.000000,-1.694168
13.860000,-0.539809,0.333333,-1.106346,1.407442,0.000000,0.881793,1.141081,0.000000,-1.709533
13.880000,-0.511437,0.333333,-1.089053,1.429498,0.000000,0.847449,1.064597,0.000000,-1.724898
13.900000,-0.482639,0.333333,-1.072450,1.450026,0.000000,0.812797,0.988114,-0.000000,-1.740263
13.920000,-0.453446,0.333333,-1.056543,1.469023,0.000000,0.777838,0.911630,-0.000000,-1.755628
13.940000,-0.423888,0.333333,-1.041339,1.486491,0.000000,0.742572,0.835147,-0.000000,-1.770993
13.960000,-0.393997,0.333333,-1.026843,1.502429,0.000000,0.706998,0.758663,-0.000000,-1.786358
13.980000,-0.363801,0.333333,-1.013061,1.516837,0.000000,0.671117,0.682179,-0.000000,-1.801723
14.000000,-0.333333,0.333333,-1.000000,1.529716,0.000000,0.634929,0.605696,-0.000000,-1.817088
14.020000,-0.302620,0.333333,-0.987674,1.541486,0.000000,0.597171,0.571297,-0.000000,-1.958707
14.040000,-0.271678,0.333333,-0.976132,1.552568,0.000000,0.556581,0.536898,-0.000000,-2.100326
14.060000,-0.240522,0.333333,-0.965430,1.562962,0.000000,0.513158,0.502499,-0.000000,-2.241945
14.080000,-0.209165,0.333333,-0.955625,1.572668,0.000000,0.466903,0.468100,-0.000000,-2.383564
14.100000,-0.177620,0.333333,-0.946773,1.581686,0.000000,0.417816,0.433702,-0.000000,-2.525182
14.120000,-0.145902,0.333333,-0.938931,1.590016,0.000000,0.365896,0.399303,-0.000000,-2.666801
14.140000,-0.114024,0.333333,-0.932156,1.597658,0.000000,0.311144,0.364904,-0.000000,-2.808420
14.160000,-0.082000,0.333333,-0.926504,1.604612,0.000000,0.253559,0.330505,-0.000000,-2.950039
14.180000,-0.049844,0.333333,-0.922032,1.610878,0.000000,0.193142,0.296106,-0.000000,-3.091658
14.200000,-0.017569,0.333333,-0.918797,1.616456,-0.000000,0.129893,0.261707,-0.000000,-3.233276
14.220000,0.014810,0.333333,-0.916855,1.621347,-0.000000,0.063811,0.227308,-0.000000,-3.374895
14.240000,0.047280,0.333333,-0.916264,1.625549,-0.000000,-0.005103,0.192909,-0.000000,-3.516514
14.260000,0.079827,0.333333,-0.917078,1.629063,-0.000000,-0.076849,0.158510,-0.000000,-3.658133
14.280000,0.112438,0.333333,-0.919356,1.631889,-0.000000,-0.151428,0.124111,-0.000000,-3.799752
14.300000,0.145098,0.333333,-0.923154,1.634027,-0.000000,-0.228839,0.089713,-0.000000,-3.941370
14.320000,0.177794,0.333333,-0.928529,1.635478,-0.000000,-0.309083,0.055314,-0.000000,-4.082989
14.340000,0.210513,0.333333,-0.935537,1.636240,-0.000000,-0.392159,0.020915,-0.000000,-4.224608
14.360000,0.243239,0.333333,-0.944234,1.636314,-0.000000,-0.478067,-0.013484,-0.000000,-4.366227
14.380000,0.275961,0.333333,-0.954678,1.635701,-0.000000,-0.566808,-0.047883,-0.000000,-4.507846
14.400000,0.308663,0.333333,-0.966925,1.634399,-0.000000,-0.658381,-0.082282,0.000000,-4.649464
14.420000,0.341332,0.333333,-0.981032,1.632409,-0.000000,-0.752787,-0.116681,0.000000,-4.791083
14.440000,0.373954,0.333333,-0.997056,1.629732,-0.000000,-0.850025,-0.151080,0.000000,-4.932702
14.460000,0.406517,0.333333,-1.015052,1.626366,-0.000000,-0.950095,-0.185479,0.000000,-5.074321
14.480000,0.439005,0.333333,-1.035078,1.622313,-0.000000,-1.052997,-0.219877,0.000000,-5.215940
14.500000,0.471405,0.333333,-1.057191,1.617571,-0.000000,-1.158732,-0.254276,0.000000,-5.357558
14.520000,0.503689,0.333333,-1.081396,1.610101,-0.000000,-1.259743,-0.492746,0.000000,-4.743556
14.540000,0.535777,0.333333,-1.107499,1.597861,-0.000000,-1.348475,-0.731215,0.000000,-4.129555
14.560000,0.567572,0.333333,-1.135253,1.580852,-0.000000,-1.424926,-0.969684,0.000000,-3.515553
14.580000,0.598979,0.333333,-1.164414,1.559074,-0.000000,-1.489097,-1.208153,0.000000,-2.901551
14.600000,0.629903,0.333333,-1.194735,1.532526,-0.000000,-1.540988,-1.446623,0.000000,-2.287549
14.620000,0.660248,0.333333,-1.225972,1.501209,-0.000000,-1.580599,-1.685092,0.000000,-1.673547
14.640000,0.689920,0.333333,-1.257877,1.465122,-0.000000,-1.607930,-1.923561,0.000000,-1.059545
14.660000,0.718821,0.333333,-1.290207,1.424266,-0.000000,-1.622980,-2.162030,0.000000,-0.445544
14.680000,0.746858,0.333333,-1.322715,1.378641,0.000000,-1.625751,-2.400500,0.000000,0.168458
14.700000,0.773935,0.333333,-1.355155,1.328246,0.000000,-1.616242,-2.638969,0.000000,0.782460
14.720000,0.799956,0.333333,-1.387283,1.273082,0.000000,-1.594453,-2.877438,0.000000,1.396462
14.740000,0.824827,0.333333,-1.418851,1.213149,0.000000,-1.560384,-3.115907,0.000000,2.010464
14.760000,0.848451,0.333333,-1.449616,1.148446,0.000000,-1.514034,-3.354377,0.000000,2.624466
14.780000,0.870733,0.333333,-1.479331,1.078974,0.000000,-1.455405,-3.592846,0.000000,3.238467
14.800000,0.891578,0.333333,-1.507750,1.004732,0.000000,-1.384496,-3.831315,0.000000,3.852469
14.820000,0.910890,0.333333,-1.534629,0.925721,0.000000,-1.301306,-4.069784,0.000000,4.466471
14.840000,0.928575,0.333333,-1.559721,0.841941,0.000000,-1.205837,-4.308254,-0.000000,5.080473
14.860000,0.944536,0.333333,-1.582780,0.753391,0.000000,-1.098087,-4.546723,-0.000000,5.694475
14.880000,0.958679,0.333333,-1.603562,0.660072,0.000000,-0.978058,-4.785192,-0.000000,6.308477
14.900000,0.970907,0.333333,-1.621821,0.561983,0.000000,-0.845748,-5.023661,-0.000000,6.922478
14.920000,0.981126,0.333333,-1.637310,0.459126,0.000000,-0.701159,-5.262131,-0.000000,7.536480
14.940000,0.989240,0.333333,-1.649785,0.351498,0.000000,-0.544289,-5.500600,-0.000000,8.150482
14.960000,0.995154,0.333333,-1.659000,0.239102,0.000000,-0.375139,-5.739069,-0.000000,8.764484
14.980000,0.998773,0.333333,-1.664709,0.121935,0.000000,-0.193710,-5.977538,-0.000000,9.378486
