0.000000,0.000000,0.000000,0.000000,0.000000,0.000000,0.000000,0.339143,-0.726597,-2.342985
0.020000,0.000067,-0.000145,-0.000466,0.006681,-0.014464,-0.046457,0.328969,-0.719799,-2.302696
0.040000,0.000266,-0.000578,-0.001853,0.013159,-0.028792,-0.092108,0.318795,-0.713001,-2.262406
0.060000,0.000592,-0.001296,-0.004145,0.019433,-0.042984,-0.136953,0.308620,-0.706203,-2.222117
0.080000,0.001042,-0.002296,-0.007326,0.025504,-0.057040,-0.180992,0.298446,-0.699405,-2.181827
0.100000,0.001611,-0.003576,-0.011379,0.031371,-0.070960,-0.224226,0.288272,-0.692607,-2.141537
0.120000,0.002295,-0.005134,-0.016289,0.037034,-0.084744,-0.266654,0.278097,-0.685809,-2.101248
0.140000,0.003091,-0.006965,-0.022040,0.042495,-0.098393,-0.308276,0.267923,-0.679011,-2.060958
0.160000,0.003994,-0.009068,-0.028615,0.047751,-0.111905,-0.349092,0.257749,-0.672213,-2.020669
0.180000,0.005000,-0.011440,-0.035998,0.052805,-0.125281,-0.389103,0.247575,-0.665416,-1.980379
0.200000,0.006105,-0.014079,-0.044174,0.057654,-0.138521,-0.428307,0.237400,-0.658618,-1.940090
0.220000,0.007304,-0.016980,-0.053125,0.062301,-0.151626,-0.466706,0.227226,-0.651820,-1.899800
0.240000,0.008595,-0.020143,-0.062837,0.066743,-0.164594,-0.504299,0.217052,-0.645022,-1.859511
0.260000,0.009973,-0.023563,-0.073292,0.070983,-0.177427,-0.541087,0.206877,-0.638224,-1.819221
0.280000,0.011433,-0.027239,-0.084475,0.075018,-0.190123,-0.577068,0.196703,-0.631426,-1.778931
0.300000,0.012972,-0.031167,-0.096369,0.078851,-0.202684,-0.612244,0.186529,-0.624628,-1.738642
0.320000,0.014586,-0.035345,-0.108959,0.082480,-0.215108,-0.646614,0.176354,-0.617830,-1.698352
0.340000,0.016270,-0.039771,-0.122228,0.085905,-0.227397,-0.680178,0.166180,-0.611032,-1.658063
0.360000,0.018021,-0.044440,-0.136161,0.089127,-0.239550,-0.712937,0.156006,-0.604234,-1.617773
0.380000,0.019834,-0.049352,-0.150740,0.092145,-0.251566,-0.744889,0.145832,-0.597437,-1.577484
0.400000,0.021705,-0.054502,-0.165951,0.094960,-0.263447,-0.776036,0.135657,-0.590639,-1.537194
0.420000,0.023631,-0.059889,-0.181777,0.097572,-0.275192,-0.806377,0.125483,-0.583841,-1.496905
0.440000,0.025607,-0.065509,-0.198201,0.099979,-0.286801,-0.835912,0.115309,-0.577043,-1.456615
0.460000,0.027629,-0.071360,-0.215208,0.102184,-0.298274,-0.864641,0.105134,-0.570245,-1.416325
0.480000,0.029693,-0.077439,-0.232781,0.104185,-0.309610,-0.892565,0.094960,-0.563447,-1.376036
0.500000,0.031795,-0.083743,-0.250905,0.105982,-0.320811,-0.919683,0.084786,-0.556649,-1.335746
0.520000,0.033931,-0.090271,-0.269563,0.107576,-0.331876,-0.945995,0.074612,-0.549851,-1.295457
0.540000,0.036096,-0.097018,-0.288739,0.108967,-0.342805,-0.971501,0.064437,-0.543053,-1.255167
0.560000,0.038288,-0.103982,-0.308418,0.110154,-0.353599,-0.996202,0.054263,-0.536255,-1.214878
0.580000,0.040501,-0.111161,-0.328582,0.111137,-0.364256,-1.020096,0.044089,-0.529458,-1.174588
0.600000,0.042732,-0.118551,-0.349216,0.111917,-0.374777,-1.043185,0.033914,-0.522660,-1.134299
0.620000,0.044977,-0.126151,-0.370304,0.112494,-0.385162,-1.065468,0.023740,-0.515862,-1.094009
0.640000,0.047230,-0.133957,-0.391829,0.112867,-0.395411,-1.086945,0.013566,-0.509064,-1.053719
0.660000,0.049490,-0.141966,-0.413776,0.113036,-0.405525,-1.107617,0.003391,-0.502266,-1.013430
0.680000,0.051751,-0.150177,-0.436129,0.113003,-0.415502,-1.127483,-0.006783,-0.495468,-0.973140
0.700000,0.054009,-0.158586,-0.458870,0.112765,-0.425343,-1.146543,-0.016957,-0.488670,-0.932851
0.720000,0.056260,-0.167190,-0.481985,0.112324,-0.435049,-1.164797,-0.027131,-0.481872,-0.892561
0.740000,0.058500,-0.175987,-0.505457,0.111680,-0.444618,-1.182245,-0.037306,-0.475074,-0.852272
0.760000,0.060726,-0.184973,-0.529270,0.110832,-0.454052,-1.198888,-0.047480,-0.468276,-0.811982
0.780000,0.062932,-0.194148,-0.553407,0.109781,-0.463349,-1.214724,-0.057654,-0.461479,-0.771693
0.800000,0.065116,-0.203507,-0.577853,0.108526,-0.472511,-1.229755,-0.067829,-0.454681,-0.731403
0.820000,0.067272,-0.213047,-0.602592,0.107068,-0.481537,-1.243980,-0.078003,-0.447883,-0.691113
0.840000,0.069397,-0.222767,-0.627607,0.105406,-0.490426,-1.257400,-0.088177,-0.441085,-0.650824
0.860000,0.071487,-0.232663,-0.652882,0.103540,-0.499180,-1.270013,-0.098352,-0.434287,-0.610534
0.880000,0.073537,-0.242733,-0.678402,0.101472,-0.507798,-1.281821,-0.108526,-0.427489,-0.570245
0.900000,0.075544,-0.252974,-0.704150,0.099199,-0.516280,-1.292823,-0.118700,-0.420691,-0.529955
0.920000,0.077504,-0.263384,-0.730110,0.096724,-0.524625,-1.303019,-0.128874,-0.413893,-0.489666
0.940000,0.079412,-0.273959,-0.756265,0.094044,-0.532835,-1.312410,-0.139049,-0.407095,-0.449376
0.960000,0.081264,-0.284696,-0.782601,0.091162,-0.540909,-1.320994,-0.149223,-0.400297,-0.409086
0.980000,0.083057,-0.295594,-0.809100,0.088076,-0.548847,-1.328773,-0.159397,-0.393500,-0.368797
1.000000,0.084786,-0.306649,-0.835746,0.084786,-0.556649,-1.335746,-0.169572,-0.386702,-0.328507
1.020000,0.086447,-0.317859,-0.862524,0.081293,-0.564315,-1.341914,-0.179746,-0.379904,-0.288218
1.040000,0.088036,-0.329221,-0.889417,0.077596,-0.571845,-1.347275,-0.189920,-0.373106,-0.247928
1.060000,0.089549,-0.340732,-0.916410,0.073696,-0.579239,-1.351831,-0.200095,-0.366308,-0.207639
1.080000,0.090983,-0.352390,-0.943485,0.069592,-0.586498,-1.355581,-0.210269,-0.359510,-0.167349
1.100000,0.092332,-0.364191,-0.970628,0.065285,-0.593620,-1.358525,-0.220443,-0.352712,-0.127060
1.120000,0.093593,-0.376133,-0.997821,0.060774,-0.600606,-1.360663,-0.230617,-0.345914,-0.086770
1.140000,0.094761,-0.388214,-1.025049,0.056060,-0.607456,-1.361995,-0.240792,-0.339116,-0.046480
1.160000,0.095834,-0.400431,-1.052295,0.051143,-0.614171,-1.362522,-0.250966,-0.332318,-0.006191
1.180000,0.096806,-0.412780,-1.079544,0.046022,-0.620749,-1.362243,-0.261140,-0.325521,0.034099
1.200000,0.097673,-0.425260,-1.106780,0.040697,-0.627192,-1.361158,-0.271315,-0.318723,0.074388
1.220000,0.098432,-0.437867,-1.133985,0.035169,-0.633498,-1.359268,-0.281489,-0.311925,0.114678
1.240000,0.099079,-0.450599,-1.161145,0.029438,-0.639669,-1.356571,-0.291663,-0.305127,0.154967
1.260000,0.099608,-0.463453,-1.188243,0.023503,-0.645703,-1.353069,-0.301838,-0.298329,0.195257
1.280000,0.100017,-0.476426,-1.215262,0.017364,-0.651602,-1.348761,-0.312012,-0.291531,0.235546
1.300000,0.100302,-0.489516,-1.242188,0.011022,-0.657364,-1.343647,-0.322186,-0.284733,0.275836
1.320000,0.100457,-0.502720,-1.269003,0.004477,-0.662991,-1.337727,-0.332360,-0.277935,0.316126
1.340000,0.100479,-0.516035,-1.295692,-0.002272,-0.668482,-1.331002,-0.342535,-0.271137,0.356415
1.360000,0.100365,-0.529458,-1.322238,-0.009225,-0.673837,-1.323471,-0.352709,-0.264340,0.396705
1.380000,0.100109,-0.542987,-1.348625,-0.016381,-0.679055,-1.315134,-0.362883,-0.257542,0.436994
1.400000,0.099708,-0.556619,-1.374838,-0.023740,-0.684138,-1.305991,-0.373058,-0.250744,0.477284
1.420000,0.099158,-0.570352,-1.400859,-0.031303,-0.689085,-1.296042,-0.383232,-0.243946,0.517573
1.440000,0.098455,-0.584182,-1.426674,-0.039069,-0.693896,-1.285288,-0.393406,-0.237148,0.557863
1.460000,0.097594,-0.598107,-1.452265,-0.047039,-0.698571,-1.273728,-0.403580,-0.230350,0.598152
1.480000,0.096572,-0.612124,-1.477618,-0.055213,-0.703110,-1.261362,-0.413755,-0.223552,0.638442
1.500000,0.095384,-0.626230,-1.502715,-0.063589,-0.707513,-1.248190,-0.423929,-0.216754,0.678732
1.520000,0.094027,-0.640423,-1.527540,-0.072170,-0.711780,-1.234213,-0.434103,-0.209956,0.719021
1.540000,0.092496,-0.654701,-1.552078,-0.080953,-0.715911,-1.219429,-0.444278,-0.203158,0.759311
1.560000,0.090787,-0.669059,-1.576312,-0.089941,-0.719907,-1.203840,-0.454452,-0.196361,0.799600
1.580000,0.088897,-0.683496,-1.600226,-0.099132,-0.723766,-1.187445,-0.464626,-0.189563,0.839890
1.600000,0.086821,-0.698009,-1.623804,-0.108526,-0.727489,-1.170245,-0.474801,-0.182765,0.880179
1.620000,0.084555,-0.712595,-1.647030,-0.118124,-0.731076,-1.152238,-0.484975,-0.175967,0.920469
1.640000,0.082094,-0.727251,-1.669888,-0.127925,-0.734528,-1.133426,-0.495149,-0.169169,0.960758
1.660000,0.079436,-0.741975,-1.692362,-0.137930,-0.737843,-1.113808,-0.505323,-0.162371,1.001048
1.680000,0.076576,-0.756764,-1.714435,-0.148138,-0.741023,-1.093384,-0.515498,-0.155573,1.041338
1.700000,0.073509,-0.771615,-1.736092,-0.158549,-0.744066,-1.072154,-0.525672,-0.148775,1.081627
1.720000,0.070233,-0.786525,-1.757316,-0.169165,-0.746974,-1.050119,-0.535846,-0.141977,1.121917
1.740000,0.066741,-0.801493,-1.778091,-0.179983,-0.749745,-1.027278,-0.546021,-0.135179,1.162206
1.760000,0.063032,-0.816514,-1.798402,-0.191005,-0.752381,-1.003631,-0.556195,-0.128382,1.202496
1.780000,0.059100,-0.831587,-1.818231,-0.202231,-0.754880,-0.979178,-0.566369,-0.121584,1.242785
1.800000,0.054941,-0.846709,-1.837564,-0.213660,-0.757244,-0.953919,-0.576544,-0.114786,1.283075
1.820000,0.050552,-0.861876,-1.856383,-0.225293,-0.759472,-0.927855,-0.586718,-0.107988,1.323364
1.840000,0.045928,-0.877087,-1.874672,-0.237129,-0.761564,-0.900985,-0.596892,-0.101190,1.363654
1.860000,0.041066,-0.892338,-1.892417,-0.249169,-0.763519,-0.873309,-0.607066,-0.094392,1.403944
1.880000,0.035960,-0.907626,-1.909599,-0.261412,-0.765339,-0.844827,-0.617241,-0.087594,1.444233
1.900000,0.030608,-0.922950,-1.926204,-0.273858,-0.767023,-0.815539,-0.627415,-0.080796,1.484523
1.920000,0.025004,-0.938307,-1.942216,-0.286508,-0.768571,-0.785446,-0.637589,-0.073998,1.524812
1.940000,0.019146,-0.953692,-1.957617,-0.299362,-0.769983,-0.754547,-0.647764,-0.067200,1.565102
1.960000,0.013029,-0.969105,-1.972392,-0.312419,-0.771259,-0.722842,-0.657938,-0.060403,1.605391
1.980000,0.006648,-0.984542,-1.986525,-0.325679,-0.772399,-0.690331,-0.668112,-0.053605,1.645681
2.000000,0.000000,-1.000000,-2.000000,-0.339143,-0.773403,-0.657015,-0.678287,-0.046807,1.685970
2.020000,-0.006917,-1.015476,-2.012804,-0.352554,-0.774093,-0.623454,-0.662764,-0.022200,1.670102
2.040000,-0.014100,-1.030960,-2.024940,-0.365654,-0.774291,-0.590211,-0.647241,0.002406,1.654233
2.060000,-0.021542,-1.046444,-2.036415,-0.378443,-0.773997,-0.557285,-0.631718,0.027012,1.638364
2.080000,-0.029236,-1.061917,-2.047234,-0.390923,-0.773211,-0.524676,-0.616195,0.051618,1.622496
2.100000,-0.037176,-1.077369,-2.057404,-0.403091,-0.771932,-0.492385,-0.600672,0.076225,1.606627
2.120000,-0.045357,-1.092791,-2.066931,-0.414949,-0.770162,-0.460411,-0.585149,0.100831,1.590758
2.140000,-0.053772,-1.108173,-2.075822,-0.426497,-0.767899,-0.428755,-0.569626,0.125437,1.574890
2.160000,-0.062415,-1.123504,-2.084084,-0.437734,-0.765144,-0.397415,-0.554103,0.150044,1.559021
2.180000,-0.071280,-1.138775,-2.091721,-0.448661,-0.761897,-0.366394,-0.538580,0.174650,1.543152
2.200000,-0.080360,-1.153976,-2.098741,-0.459278,-0.758158,-0.335689,-0.523058,0.199256,1.527284
2.220000,-0.089649,-1.169098,-2.105151,-0.469584,-0.753927,-0.305302,-0.507535,0.223863,1.511415
2.240000,-0.099141,-1.184130,-2.110956,-0.479579,-0.749204,-0.275233,-0.492012,0.248469,1.495546
2.260000,-0.108830,-1.199063,-2.116162,-0.489264,-0.743988,-0.245480,-0.476489,0.273075,1.479678
2.280000,-0.118709,-1.213886,-2.120777,-0.498639,-0.738281,-0.216046,-0.460966,0.297682,1.463809
2.300000,-0.128773,-1.228591,-2.124806,-0.507703,-0.732081,-0.186928,-0.445443,0.322288,1.447940
2.320000,-0.139015,-1.243166,-2.128256,-0.516456,-0.725389,-0.158128,-0.429920,0.346894,1.432072
2.340000,-0.149429,-1.257603,-2.131133,-0.524900,-0.718205,-0.129645,-0.414397,0.371500,1.416203
2.360000,-0.160009,-1.271891,-2.133444,-0.533032,-0.710529,-0.101480,-0.398874,0.396107,1.400334
2.380000,-0.170749,-1.286021,-2.135195,-0.540855,-0.702361,-0.073632,-0.383352,0.420713,1.384466
2.400000,-0.181641,-1.299983,-2.136392,-0.548366,-0.693701,-0.046101,-0.367829,0.445319,1.368597
2.420000,-0.192681,-1.313766,-2.137041,-0.555568,-0.684548,-0.018888,-0.352306,0.469926,1.352728
2.440000,-0.203862,-1.327361,-2.137149,-0.562459,-0.674904,0.008008,-0.336783,0.494532,1.336860
2.460000,-0.215177,-1.340759,-2.136723,-0.569039,-0.664767,0.034586,-0.321260,0.519138,1.320991
2.480000,-0.226621,-1.353949,-2.135768,-0.575309,-0.654138,0.060848,-0.305737,0.543745,1.305122
2.500000,-0.238188,-1.366921,-2.134291,-0.581268,-0.643017,0.086791,-0.290214,0.568351,1.289254
2.520000,-0.249870,-1.379666,-2.132298,-0.586918,-0.631404,0.112418,-0.274691,0.592957,1.273385
2.540000,-0.261662,-1.392174,-2.129796,-0.592256,-0.619299,0.137727,-0.259168,0.617563,1.257516
2.560000,-0.273558,-1.404435,-2.126791,-0.597284,-0.606702,0.162718,-0.243646,0.642170,1.241648
2.580000,-0.285552,-1.416439,-2.123290,-0.602002,-0.593612,0.187393,-0.228123,0.666776,1.225779
2.600000,-0.297636,-1.428176,-2.119298,-0.606409,-0.580031,0.211749,-0.212600,0.691382,1.209910
2.620000,-0.309806,-1.439637,-2.114822,-0.610506,-0.565957,0.235789,-0.197077,0.715989,1.194042
2.640000,-0.322054,-1.450811,-2.109868,-0.614292,-0.551391,0.259511,-0.181554,0.740595,1.178173
2.660000,-0.334376,-1.461689,-2.104444,-0.617768,-0.536333,0.282916,-0.166031,0.765201,1.162304
2.680000,-0.346763,-1.472261,-2.098554,-0.620933,-0.520783,0.306003,-0.150508,0.789808,1.146436
2.700000,-0.359211,-1.482517,-2.092206,-0.623788,-0.504741,0.328773,-0.134985,0.814414,1.130567
2.720000,-0.371713,-1.492447,-2.085405,-0.626333,-0.488207,0.351226,-0.119462,0.839020,1.114698
2.740000,-0.384262,-1.502042,-2.078159,-0.628567,-0.471180,0.373361,-0.103939,0.863626,1.098830
2.760000,-0.396853,-1.511291,-2.070473,-0.630490,-0.453661,0.395179,-0.088417,0.888233,1.082961
2.780000,-0.409480,-1.520185,-2.062354,-0.632104,-0.435651,0.416680,-0.072894,0.912839,1.067092
2.800000,-0.422135,-1.528714,-2.053808,-0.633406,-0.417148,0.437863,-0.057371,0.937445,1.051224
2.820000,-0.434814,-1.536868,-2.044841,-0.634398,-0.398153,0.458729,-0.041848,0.962052,1.035355
2.840000,-0.447509,-1.544637,-2.035461,-0.635080,-0.378666,0.479277,-0.026325,0.986658,1.019486
2.860000,-0.460215,-1.552011,-2.025672,-0.635451,-0.358687,0.499508,-0.010802,1.011264,1.003618
2.880000,-0.472925,-1.558981,-2.015482,-0.635512,-0.338215,0.519422,0.004721,1.035871,0.987749
2.900000,-0.485633,-1.565536,-2.004897,-0.635263,-0.317252,0.539018,0.020244,1.060477,0.971880
2.920000,-0.498334,-1.571668,-1.993924,-0.634702,-0.295796,0.558297,0.035767,1.085083,0.956012
2.940000,-0.511019,-1.577365,-1.982568,-0.633832,-0.273848,0.577259,0.051289,1.109690,0.940143
2.960000,-0.523685,-1.582618,-1.970836,-0.632651,-0.251409,0.595903,0.066812,1.134296,0.924274
2.980000,-0.536323,-1.587418,-1.958734,-0.631159,-0.228477,0.614230,0.082335,1.158902,0.908406
3.000000,-0.548929,-1.591754,-1.946268,-0.629357,-0.205053,0.632239,0.097858,1.183508,0.892537
3.020000,-0.561496,-1.595617,-1.933446,-0.627245,-0.181136,0.649931,0.113381,1.208115,0.876668
3.040000,-0.574017,-1.598996,-1.920273,-0.624822,-0.156728,0.667306,0.128904,1.232721,0.860800
3.060000,-0.586486,-1.601883,-1.906756,-0.622089,-0.131827,0.684363,0.144427,1.257327,0.844931
3.080000,-0.598898,-1.604266,-1.892901,-0.619045,-0.106435,0.701103,0.159950,1.281934,0.829062
3.100000,-0.611246,-1.606137,-1.878714,-0.615691,-0.080550,0.717525,0.175473,1.306540,0.813194
3.120000,-0.623524,-1.607485,-1.864202,-0.612026,-0.054173,0.733631,0.190996,1.331146,0.797325
3.140000,-0.635725,-1.608301,-1.849371,-0.608051,-0.027304,0.749418,0.206518,1.355753,0.781456
3.160000,-0.647844,-1.608574,-1.834227,-0.603765,0.000057,0.764889,0.222041,1.380359,0.765588
3.180000,-0.659874,-1.608295,-1.818778,-0.599169,0.027910,0.780042,0.237564,1.404965,0.749719
3.200000,-0.671809,-1.607454,-1.803028,-0.594263,0.056255,0.794878,0.253087,1.429571,0.733850
3.220000,-0.683642,-1.606041,-1.786985,-0.589046,0.085093,0.809396,0.268610,1.454178,0.717982
3.240000,-0.695368,-1.604047,-1.770654,-0.583519,0.114423,0.823597,0.284133,1.478784,0.702113
3.260000,-0.706981,-1.601461,-1.754043,-0.577681,0.144244,0.837480,0.299656,1.503390,0.686244
3.280000,-0.718473,-1.598274,-1.737157,-0.571532,0.174558,0.851047,0.315179,1.527997,0.670376
3.300000,-0.729840,-1.594476,-1.720003,-0.565073,0.205364,0.864295,0.330702,1.552603,0.654507
3.320000,-0.741074,-1.590056,-1.702587,-0.558304,0.236662,0.877227,0.346224,1.577209,0.638638
3.340000,-0.752170,-1.585006,-1.684916,-0.551225,0.268453,0.889841,0.361747,1.601816,0.622769
3.360000,-0.763121,-1.579315,-1.666996,-0.543834,0.300735,0.902138,0.377270,1.626422,0.606901
3.380000,-0.773921,-1.572973,-1.648833,-0.536134,0.333509,0.914117,0.392793,1.651028,0.591032
3.400000,-0.784565,-1.565971,-1.630433,-0.528123,0.366776,0.925779,0.408316,1.675634,0.575163
3.420000,-0.795044,-1.558299,-1.611804,-0.519801,0.400535,0.937124,0.423839,1.700241,0.559295
3.440000,-0.805355,-1.549947,-1.592950,-0.511169,0.434786,0.948151,0.439362,1.724847,0.543426
3.460000,-0.815489,-1.540904,-1.573880,-0.502227,0.469529,0.958861,0.454885,1.749453,0.527557
3.480000,-0.825441,-1.531162,-1.554598,-0.492974,0.504764,0.969253,0.470408,1.774060,0.511689
3.500000,-0.835206,-1.520710,-1.535112,-0.483410,0.540491,0.979328,0.485931,1.798666,0.495820
3.520000,-0.844776,-1.509539,-1.515427,-0.473536,0.576710,0.989086,0.501453,1.823272,0.479951
3.540000,-0.854145,-1.497639,-1.495550,-0.463352,0.613422,0.998526,0.516976,1.847879,0.464083
3.560000,-0.863308,-1.484999,-1.475488,-0.452857,0.650626,1.007649,0.532499,1.872485,0.448214
3.580000,-0.872257,-1.471610,-1.455247,-0.442052,0.688321,1.016455,0.548022,1.897091,0.432345
3.600000,-0.880988,-1.457463,-1.434832,-0.430937,0.726509,1.024943,0.563545,1.921698,0.416477
3.620000,-0.889493,-1.442547,-1.414251,-0.419510,0.765189,1.033114,0.579068,1.946304,0.400608
3.640000,-0.897766,-1.426852,-1.393510,-0.407774,0.804361,1.040967,0.594591,1.970910,0.384739
3.660000,-0.905802,-1.410369,-1.372614,-0.395727,0.844026,1.048503,0.610114,1.995516,0.368871
3.680000,-0.913593,-1.393088,-1.351572,-0.383369,0.884182,1.055722,0.625637,2.020123,0.353002
3.700000,-0.921134,-1.374998,-1.330388,-0.370701,0.924831,1.062624,0.641159,2.044729,0.337133
3.720000,-0.928419,-1.356091,-1.309069,-0.357723,0.965971,1.069208,0.656682,2.069335,0.321265
3.740000,-0.935441,-1.336356,-1.287621,-0.344434,1.007604,1.075474,0.672205,2.093942,0.305396
3.760000,-0.942194,-1.315784,-1.266052,-0.330835,1.049729,1.081423,0.687728,2.118548,0.289527
3.780000,-0.948673,-1.294364,-1.244367,-0.316925,1.092346,1.087055,0.703251,2.143154,0.273659
3.800000,-0.954869,-1.272087,-1.222572,-0.302705,1.135455,1.092370,0.718774,2.167761,0.257790
3.820000,-0.960779,-1.248942,-1.200674,-0.288174,1.179056,1.097367,0.734297,2.192367,0.241921
3.840000,-0.966394,-1.224921,-1.178679,-0.273333,1.223150,1.102047,0.749820,2.216973,0.226053
3.860000,-0.971710,-1.200013,-1.156594,-0.258181,1.267735,1.106409,0.765343,2.241579,0.210184
3.880000,-0.976719,-1.174208,-1.134425,-0.242719,1.312813,1.110454,0.780866,2.266186,0.194315
3.900000,-0.981417,-1.147497,-1.112178,-0.226946,1.358383,1.114182,0.796388,2.290792,0.178447
3.920000,-0.985795,-1.119870,-1.089860,-0.210863,1.404445,1.117592,0.811911,2.315398,0.162578
3.940000,-0.989849,-1.091316,-1.067477,-0.194470,1.450999,1.120685,0.827434,2.340005,0.146709
3.960000,-0.993572,-1.061827,-1.045035,-0.177766,1.498045,1.123460,0.842957,2.364611,0.130841
3.980000,-0.996958,-1.031391,-1.022540,-0.160752,1.545583,1.125918,0.858480,2.389217,0.114972
4.000000,-1.000000,-1.000000,-1.000000,-0.143427,1.593613,1.128059,0.874003,2.413824,0.099103
4.020000,-1.002696,-0.967651,-0.977429,-0.126307,1.640944,1.128484,0.837967,2.319230,-0.056612
4.040000,-1.005057,-0.934375,-0.954881,-0.109908,1.686383,1.125795,0.801932,2.224637,-0.212328
4.060000,-1.007097,-0.900209,-0.932418,-0.094230,1.729930,1.119991,0.765897,2.130044,-0.368044
4.080000,-1.008831,-0.865190,-0.910103,-0.079272,1.771584,1.111073,0.729861,2.035450,-0.523760
4.100000,-1.010273,-0.829358,-0.887996,-0.065035,1.811348,1.099040,0.693826,1.940857,-0.679475
4.120000,-1.011437,-0.792749,-0.866162,-0.051519,1.849219,1.083894,0.657790,1.846264,-0.835191
4.140000,-1.012339,-0.755402,-0.844661,-0.038724,1.885198,1.065633,0.621755,1.751670,-0.990907
4.160000,-1.012991,-0.717354,-0.823557,-0.026649,1.919286,1.044258,0.585720,1.657077,-1.146622
4.180000,-1.013409,-0.678643,-0.802912,-0.015295,1.951481,1.019768,0.549684,1.562484,-1.302338
4.200000,-1.013608,-0.639307,-0.782787,-0.004662,1.981785,0.992164,0.513649,1.467891,-1.458054
4.220000,-1.013601,-0.599384,-0.763246,0.005251,2.010197,0.961446,0.477613,1.373297,-1.613770
4.240000,-1.013402,-0.558912,-0.744350,0.014443,2.036717,0.927613,0.441578,1.278704,-1.769485
4.260000,-1.013028,-0.517928,-0.726162,0.022914,2.061345,0.890666,0.405542,1.184111,-1.925201
4.280000,-1.012491,-0.476471,-0.708744,0.030664,2.084081,0.850605,0.369507,1.089517,-2.080917
4.300000,-1.011806,-0.434577,-0.692159,0.037694,2.104926,0.807430,0.333472,0.994924,-2.236632
4.320000,-1.010988,-0.392286,-0.676468,0.044003,2.123878,0.761140,0.297436,0.900331,-2.392348
4.340000,-1.010051,-0.349635,-0.661734,0.049592,2.140939,0.711736,0.261401,0.805737,-2.548064
4.360000,-1.009009,-0.306661,-0.648019,0.054459,2.156108,0.659217,0.225365,0.711144,-2.703780
4.380000,-1.007877,-0.263403,-0.635386,0.058606,2.169385,0.603585,0.189330,0.616551,-2.859495
4.400000,-1.006669,-0.219898,-0.623897,0.062033,2.180770,0.544837,0.153295,0.521958,-3.015211
4.420000,-1.005401,-0.176185,-0.613613,0.064738,2.190263,0.482976,0.117259,0.427364,-3.170927
4.440000,-1.004085,-0.132301,-0.604598,0.066723,2.197864,0.418000,0.081224,0.332771,-3.326643
4.460000,-1.002736,-0.088283,-0.596914,0.067987,2.203574,0.349910,0.045188,0.238178,-3.482358
4.480000,-1.001370,-0.044170,-0.590623,0.068530,2.207391,0.278706,0.009153,0.143584,-3.638074
4.500000,-1.000000,0.000000,-0.585786,0.068353,2.209317,0.204387,-0.026883,0.048991,-3.793790
4.520000,-0.998640,0.044189,-0.582460,0.067520,2.209233,0.128107,-0.056466,-0.057360,-3.834286
4.540000,-0.997303,0.088355,-0.580668,0.066094,2.207023,0.051016,-0.086050,-0.163711,-3.874782
4.560000,-0.996000,0.132456,-0.580425,0.064078,2.202685,-0.026885,-0.115633,-0.270062,-3.915278
4.580000,-0.994744,0.176448,-0.581748,0.061469,2.196220,-0.105595,-0.145217,-0.376414,-3.955775
4.600000,-0.993546,0.220290,-0.584654,0.058269,2.187628,-0.185116,-0.174801,-0.482765,-3.996271
4.620000,-0.992417,0.263939,-0.589158,0.054477,2.176910,-0.265446,-0.204384,-0.589116,-4.036767
4.640000,-0.991370,0.307353,-0.595277,0.050094,2.164064,-0.346586,-0.233968,-0.695467,-4.077263
4.660000,-0.990417,0.350488,-0.603027,0.045118,2.149091,-0.428536,-0.263551,-0.801818,-4.117760
4.680000,-0.989570,0.393302,-0.612424,0.039552,2.131991,-0.511297,-0.293135,-0.908169,-4.158256
4.700000,-0.988839,0.435753,-0.623484,0.033393,2.112764,-0.594867,-0.322719,-1.014520,-4.198752
4.720000,-0.988238,0.477798,-0.636224,0.026643,2.091410,-0.679247,-0.352302,-1.120872,-4.239248
4.740000,-0.987777,0.519395,-0.650660,0.019301,2.067929,-0.764437,-0.381886,-1.227223,-4.279745
4.760000,-0.987470,0.560501,-0.666807,0.011367,2.042321,-0.850437,-0.411469,-1.333574,-4.320241
4.780000,-0.987327,0.601074,-0.684683,0.002842,2.014586,-0.937246,-0.441053,-1.439925,-4.360737
4.800000,-0.987360,0.641071,-0.704302,-0.006275,1.984724,-1.024866,-0.470637,-1.546276,-4.401233
4.820000,-0.987582,0.680449,-0.725683,-0.015983,1.952735,-1.113296,-0.500220,-1.652627,-4.441729
4.840000,-0.988003,0.719166,-0.748840,-0.026284,1.918619,-1.202535,-0.529804,-1.758978,-4.482226
4.860000,-0.988637,0.757179,-0.773789,-0.037175,1.882376,-1.292585,-0.559387,-1.865330,-4.522722
4.880000,-0.989494,0.794447,-0.800548,-0.048659,1.844006,-1.383444,-0.588971,-1.971681,-4.563218
4.900000,-0.990587,0.830926,-0.829133,-0.060734,1.803509,-1.475113,-0.618555,-2.078032,-4.603714
4.920000,-0.991928,0.866573,-0.859558,-0.073401,1.760885,-1.567593,-0.648138,-2.184383,-4.644211
4.940000,-0.993527,0.901347,-0.891842,-0.086660,1.716134,-1.660882,-0.677722,-2.290734,-4.684707
4.960000,-0.995398,0.935204,-0.925999,-0.100510,1.669255,-1.754981,-0.707305,-2.397085,-4.725203
4.980000,-0.997552,0.968103,-0.962046,-0.114952,1.620250,-1.849890,-0.736889,-2.503436,-4.765699
5.000000,-1.000000,1.000000,-1.000000,-0.129986,1.569118,-1.945609,-0.766473,-2.609788,-4.806196
5.020000,-1.002740,1.030858,-1.039856,-0.143302,1.516499,-2.039193,-0.565117,-2.652145,-4.552216
5.040000,-1.005705,1.060654,-1.081534,-0.152590,1.463032,-2.127698,-0.363761,-2.694502,-4.298237
5.060000,-1.008816,1.089373,-1.124931,-0.157852,1.408719,-2.211122,-0.162406,-2.736859,-4.044257
5.080000,-1.011992,1.116997,-1.169945,-0.159087,1.353558,-2.289468,0.038950,-2.779216,-3.790278
5.100000,-1.015153,1.143510,-1.216475,-0.156294,1.297550,-2.362734,0.240305,-2.821573,-3.536299
5.120000,-1.018217,1.168894,-1.264420,-0.149474,1.240695,-2.430920,0.441661,-2.863930,-3.282319
5.140000,-1.021105,1.193132,-1.313678,-0.138628,1.182993,-2.494026,0.643016,-2.906287,-3.028340
5.160000,-1.023736,1.216208,-1.364148,-0.123754,1.124443,-2.552053,0.844372,-2.948644,-2.774360
5.180000,-1.026028,1.238104,-1.415727,-0.104853,1.065047,-2.605001,1.045728,-2.991002,-2.520381
5.200000,-1.027903,1.258804,-1.468314,-0.081925,1.004803,-2.652869,1.247083,-3.033359,-2.266401
5.220000,-1.029279,1.278291,-1.521807,-0.054969,0.943713,-2.695657,1.448439,-3.075716,-2.012422
5.240000,-1.030075,1.296547,-1.576106,-0.023987,0.881775,-2.733365,1.649794,-3.118073,-1.758443
5.260000,-1.030211,1.313556,-1.631108,0.011022,0.818990,-2.765995,1.851150,-3.160430,-1.504463
5.280000,-1.029607,1.329301,-1.686712,0.050059,0.755358,-2.793544,2.052505,-3.202787,-1.250484
5.300000,-1.028182,1.343765,-1.742816,0.093123,0.690878,-2.816014,2.253861,-3.245144,-0.996504
5.320000,-1.025855,1.356930,-1.799319,0.140213,0.625552,-2.833404,2.455217,-3.287501,-0.742525
5.340000,-1.022547,1.368781,-1.856118,0.191331,0.559378,-2.845715,2.656572,-3.329858,-0.488545
5.360000,-1.018175,1.379300,-1.913113,0.246476,0.492357,-2.852946,2.857928,-3.372215,-0.234566
5.380000,-1.012661,1.388470,-1.970202,0.305648,0.424490,-2.855098,3.059283,-3.414573,0.019413
5.400000,-1.005922,1.396274,-2.027284,0.368848,0.355775,-2.852169,3.260639,-3.456930,0.273393
5.420000,-0.997880,1.402695,-2.084255,0.436074,0.286212,-2.844162,3.461994,-3.499287,0.527372
5.440000,-0.988453,1.407717,-2.141016,0.507327,0.215803,-2.831075,3.663350,-3.541644,0.781352
5.460000,-0.977560,1.411321,-2.197464,0.582608,0.144547,-2.812908,3.864706,-3.584001,1.035331
5.480000,-0.965121,1.413493,-2.253499,0.661916,0.072443,-2.789661,4.066061,-3.626358,1.289310
5.500000,-0.951057,1.414214,-2.309017,0.745250,-0.000508,-2.761335,4.267417,-3.668715,1.543290
5.520000,-0.935309,1.413473,-2.363929,0.828907,-0.073454,-2.729510,4.098238,-3.625871,1.639262
5.540000,-0.917923,1.411281,-2.418185,0.909180,-0.145543,-2.695765,3.929060,-3.583026,1.735235
5.560000,-0.898965,1.407657,-2.471746,0.986069,-0.216775,-2.660100,3.759882,-3.540182,1.831207
5.580000,-0.878503,1.402616,-2.524576,1.059575,-0.287150,-2.622517,3.590703,-3.497337,1.927179
5.600000,-0.856604,1.396176,-2.576634,1.129697,-0.356668,-2.583013,3.421525,-3.454493,2.023151
5.620000,-0.833337,1.388355,-2.627884,1.196436,-0.425329,-2.541590,3.252346,-3.411648,2.119124
5.640000,-0.808769,1.379169,-2.678285,1.259791,-0.493134,-2.498248,3.083168,-3.368804,2.215096
5.660000,-0.782968,1.368635,-2.727801,1.319763,-0.560082,-2.452987,2.913990,-3.325959,2.311068
5.680000,-0.756001,1.356771,-2.776392,1.376351,-0.626172,-2.405806,2.744811,-3.283115,2.407041
5.700000,-0.727937,1.343594,-2.824020,1.429555,-0.691406,-2.356705,2.575633,-3.240270,2.503013
5.720000,-0.698842,1.329121,-2.870647,1.479376,-0.755783,-2.305685,2.406454,-3.197426,2.598985
5.740000,-0.668784,1.313368,-2.916235,1.525813,-0.819303,-2.252746,2.237276,-3.154581,2.694958
5.760000,-0.637832,1.296354,-2.960744,1.568867,-0.881966,-2.197887,2.068097,-3.111737,2.790930
5.780000,-0.606052,1.278095,-3.004137,1.608537,-0.943773,-2.141108,1.898919,-3.068892,2.886902
5.800000,-0.573513,1.258609,-3.046376,1.644824,-1.004722,-2.082411,1.729741,-3.026048,2.982875
5.820000,-0.540282,1.237912,-3.087421,1.677727,-1.064815,-2.021793,1.560562,-2.983203,3.078847
5.840000,-0.506426,1.216022,-3.127235,1.707246,-1.124050,-1.959257,1.391384,-2.940359,3.174819
5.860000,-0.472014,1.192956,-3.165778,1.733382,-1.182429,-1.894801,1.222205,-2.897514,3.270792
5.880000,-0.437114,1.168731,-3.203014,1.756135,-1.239951,-1.828425,1.053027,-2.854670,3.366764
5.900000,-0.401792,1.143364,-3.238903,1.775503,-1.296616,-1.760130,0.883849,-2.811825,3.462736
5.920000,-0.366116,1.116872,-3.273406,1.791489,-1.352424,-1.689916,0.714670,-2.768981,3.558709
5.940000,-0.330155,1.089272,-3.306487,1.804090,-1.407375,-1.617782,0.545492,-2.726136,3.654681
5.960000,-0.293975,1.060583,-3.338105,1.813308,-1.461469,-1.543728,0.376313,-2.683292,3.750653
5.980000,-0.257645,1.030819,-3.368223,1.819143,-1.514707,-1.467756,0.207135,-2.640447,3.846626
6.000000,-0.221232,1.000000,-3.396802,1.821594,-1.567087,-1.389863,0.037957,-2.597603,3.942598
6.020000,-0.184801,0.968146,-3.423814,1.821028,-1.618000,-1.311408,-0.094497,-2.493689,3.902891
6.040000,-0.148408,0.935294,-3.449264,1.817814,-1.666835,-1.233748,-0.226950,-2.389775,3.863184
6.060000,-0.112106,0.901486,-3.473169,1.811950,-1.713591,-1.156881,-0.359403,-2.285860,3.823476
6.080000,-0.075948,0.866764,-3.495544,1.803438,-1.758269,-1.080809,-0.491856,-2.181946,3.783769
6.100000,-0.039986,0.831169,-3.516406,1.792276,-1.800869,-1.005530,-0.624310,-2.078032,3.744062
6.120000,-0.004275,0.794743,-3.535771,1.778465,-1.841390,-0.931046,-0.756763,-1.974118,3.704355
6.140000,0.031135,0.757527,-3.553654,1.762006,-1.879834,-0.857356,-0.889216,-1.870203,3.664647
6.160000,0.066188,0.719564,-3.570070,1.742897,-1.916199,-0.784460,-1.021669,-1.766289,3.624940
6.180000,0.100833,0.680893,-3.585037,1.721139,-1.950485,-0.712359,-1.154123,-1.662375,3.585233
6.200000,0.135016,0.641558,-3.598570,1.696732,-1.982694,-0.641051,-1.286576,-1.558461,3.545526
6.220000,0.168684,0.601599,-3.610685,1.669676,-2.012824,-0.570538,-1.419029,-1.454547,3.505819
6.240000,0.201785,0.561059,-3.621397,1.639971,-2.040875,-0.500818,-1.551482,-1.350632,3.466111
6.260000,0.234266,0.519978,-3.630723,1.607616,-2.066849,-0.431893,-1.683936,-1.246718,3.426404
6.280000,0.266072,0.478399,-3.638678,1.572613,-2.090744,-0.363762,-1.816389,-1.142804,3.386697
6.300000,0.297152,0.436362,-3.645278,1.534961,-2.112561,-0.296425,-1.948842,-1.038890,3.346990
6.320000,0.327453,0.393910,-3.650540,1.494660,-2.132300,-0.229882,-2.081296,-0.934975,3.307282
6.340000,0.356921,0.351084,-3.654479,1.451709,-2.149960,-0.164134,-2.213749,-0.831061,3.267575
6.360000,0.385504,0.307926,-3.657111,1.406110,-2.165542,-0.099179,-2.346202,-0.727147,3.227868
6.380000,0.413148,0.264476,-3.658452,1.357861,-2.179046,-0.035019,-2.478655,-0.623233,3.188161
6.400000,0.439801,0.220778,-3.658517,1.306963,-2.190472,0.028347,-2.611109,-0.519319,3.148453
6.420000,0.465409,0.176871,-3.657323,1.253417,-2.199819,0.090919,-2.743562,-0.415404,3.108746
6.440000,0.489920,0.132799,-3.654885,1.197221,-2.207088,0.152697,-2.876015,-0.311490,3.069039
6.460000,0.513280,0.088602,-3.651220,1.138376,-2.212278,0.213680,-3.008468,-0.207576,3.029332
6.480000,0.535437,0.044322,-3.646344,1.076882,-2.215391,0.273870,-3.140922,-0.103662,2.989625
6.500000,0.556338,-0.000000,-3.640271,1.012739,-2.216425,0.333265,-3.273375,0.000253,2.949917
6.520000,0.575937,-0.044322,-3.633026,0.947161,-2.215381,0.390774,-3.284411,0.104106,2.800949
6.540000,0.594223,-0.088601,-3.624660,0.881363,-2.212261,0.445303,-3.295447,0.207960,2.651981
6.560000,0.611190,-0.132798,-3.615233,0.815343,-2.207063,0.496853,-3.306483,0.311813,2.503013
6.580000,0.626835,-0.176870,-3.604805,0.749103,-2.199788,0.545424,-3.317519,0.415667,2.354045
6.600000,0.641153,-0.220776,-3.593436,0.682643,-2.190436,0.591015,-3.328555,0.519521,2.205077
6.620000,0.654139,-0.264474,-3.581185,0.615961,-2.179007,0.633627,-3.339590,0.623374,2.056109
6.640000,0.665790,-0.307922,-3.568111,0.549059,-2.165501,0.673260,-3.350626,0.727228,1.907141
6.660000,0.676100,-0.351080,-3.554274,0.481936,-2.149918,0.709913,-3.361662,0.831081,1.758173
6.680000,0.685066,-0.393905,-3.539734,0.414593,-2.132258,0.743586,-3.372698,0.934935,1.609205
6.700000,0.692682,-0.436356,-3.524551,0.347028,-2.112521,0.774281,-3.383734,1.038789,1.460237
6.720000,0.698945,-0.478392,-3.508783,0.279243,-2.090706,0.801996,-3.394770,1.142642,1.311269
6.740000,0.703850,-0.519971,-3.492491,0.211237,-2.066815,0.826732,-3.405806,1.246496,1.162301
6.760000,0.707393,-0.561051,-3.475733,0.143011,-2.040847,0.848488,-3.416842,1.350349,1.013333
6.780000,0.709569,-0.601591,-3.458571,0.074564,-2.012801,0.867265,-3.427878,1.454203,0.864365
6.800000,0.710374,-0.641549,-3.441063,0.005896,-1.982678,0.883063,-3.438914,1.558057,0.715397
6.820000,0.709804,-0.680884,-3.423268,-0.062993,-1.950479,0.895881,-3.449950,1.661910,0.566429
6.840000,0.707853,-0.719554,-3.405247,-0.132102,-1.916202,0.905720,-3.460986,1.765764,0.417461
6.860000,0.704518,-0.757518,-3.387059,-0.201432,-1.879848,0.912579,-3.472022,1.869618,0.268492
6.880000,0.699794,-0.794734,-3.368764,-0.270983,-1.841417,0.916459,-3.483058,1.973471,0.119524
6.900000,0.693677,-0.831161,-3.350421,-0.340754,-1.800909,0.917360,-3.494093,2.077325,-0.029444
6.920000,0.686163,-0.866757,-3.332090,-0.410747,-1.758324,0.915282,-3.505129,2.181178,-0.178412
6.940000,0.677246,-0.901480,-3.313830,-0.480960,-1.713662,0.910224,-3.516165,2.285032,-0.327380
6.960000,0.666923,-0.935290,-3.295700,-0.551393,-1.666923,0.902186,-3.527201,2.388886,-0.476348
6.980000,0.655189,-0.968143,-3.277762,-0.622048,-1.618107,0.891170,-3.538237,2.492739,-0.625316
7.000000,0.642040,-1.000000,-3.260074,-0.692923,-1.567213,0.877174,-3.549273,2.596593,-0.774284
7.020000,0.627481,-1.030822,-3.242690,-0.762487,-1.514851,0.860904,-3.407115,2.639619,-0.852743
7.040000,0.611559,-1.060588,-3.225648,-0.829207,-1.461629,0.843064,-3.264958,2.682645,-0.931201
7.060000,0.594331,-1.089281,-3.208978,-0.893085,-1.407546,0.823656,-3.122800,2.725672,-1.009660
7.080000,0.575855,-1.116884,-3.192712,-0.954119,-1.352602,0.802678,-2.980642,2.768698,-1.088119
7.100000,0.556186,-1.143380,-3.176881,-1.012311,-1.296798,0.780131,-2.838484,2.811724,-1.166578
7.120000,0.535381,-1.168751,-3.161517,-1.067659,-1.240133,0.756015,-2.696326,2.854751,-1.245037
7.140000,0.513498,-1.192979,-3.146651,-1.120164,-1.182608,0.730329,-2.554169,2.897777,-1.323496
7.160000,0.490593,-1.216049,-3.132315,-1.169826,-1.124222,0.703075,-2.412011,2.940803,-1.401954
7.180000,0.466724,-1.237943,-3.118539,-1.216644,-1.064975,0.674251,-2.269853,2.983830,-1.480413
7.200000,0.441947,-1.258642,-3.105355,-1.260620,-1.004869,0.643858,-2.127695,3.026856,-1.558872
7.220000,0.416318,-1.278132,-3.092795,-1.301752,-0.943901,0.611896,-1.985538,3.069882,-1.637331
7.240000,0.389896,-1.296393,-3.080890,-1.340041,-0.882073,0.578365,-1.843380,3.112909,-1.715790
7.260000,0.362736,-1.313409,-3.069671,-1.375487,-0.819385,0.543265,-1.701222,3.155935,-1.794248
7.280000,0.334895,-1.329162,-3.059169,-1.408090,-0.755836,0.506595,-1.559064,3.198961,-1.872707
7.300000,0.306431,-1.343636,-3.049417,-1.437850,-0.691426,0.468356,-1.416906,3.241988,-1.951166
7.320000,0.277400,-1.356814,-3.040446,-1.464766,-0.626156,0.428548,-1.274749,3.285014,-2.029625
7.340000,0.247859,-1.368677,-3.032286,-1.488840,-0.560026,0.387171,-1.132591,3.328040,-2.108084
7.360000,0.217865,-1.379209,-3.024969,-1.510070,-0.493035,0.344225,-0.990433,3.371066,-2.186543
7.380000,0.187475,-1.388393,-3.018527,-1.528457,-0.425183,0.299710,-0.848275,3.414093,-2.265001
7.400000,0.156746,-1.396211,-3.012991,-1.544001,-0.356471,0.253625,-0.706117,3.457119,-2.343460
7.420000,0.125734,-1.402646,-3.008393,-1.556702,-0.286898,0.205971,-0.563960,3.500145,-2.421919
7.440000,0.094497,-1.407681,-3.004763,-1.566559,-0.216465,0.156748,-0.421802,3.543172,-2.500378
7.460000,0.063091,-1.411299,-3.002133,-1.573574,-0.145172,0.105956,-0.279644,3.586198,-2.578837
7.480000,0.031573,-1.413482,-3.000535,-1.577745,-0.073017,0.053595,-0.137486,3.629224,-2.657295
7.500000,-0.000000,-1.414214,-3.000000,-1.579073,-0.000003,-0.000336,0.004671,3.672251,-2.735754
7.520000,-0.031571,-1.413482,-3.000549,-1.577569,0.073012,-0.054263,0.145708,3.629227,-2.656973
7.540000,-0.063084,-1.411299,-3.002160,-1.573245,0.145166,-0.106615,0.286745,3.586203,-2.578192
7.560000,-0.094482,-1.407681,-3.004803,-1.566100,0.216460,-0.157391,0.427781,3.543179,-2.499411
7.580000,-0.125709,-1.402646,-3.008445,-1.556134,0.286894,-0.206591,0.568818,3.500155,-2.420630
7.600000,-0.156709,-1.396211,-3.013056,-1.543347,0.356466,-0.254216,0.709855,3.457132,-2.341849
7.620000,-0.187424,-1.388393,-3.018603,-1.527739,0.425179,-0.300265,0.850891,3.414108,-2.263068
7.640000,-0.217799,-1.379210,-3.025056,-1.509311,0.493031,-0.344739,0.991928,3.371084,-2.184287
7.660000,-0.247778,-1.368678,-3.032382,-1.488062,0.560022,-0.387636,1.132965,3.328060,-2.105506
7.680000,-0.277303,-1.356815,-3.040551,-1.463993,0.626153,-0.428959,1.274001,3.285036,-2.026725
7.700000,-0.306319,-1.343637,-3.049530,-1.437102,0.691424,-0.468705,1.415038,3.242013,-1.947944
7.720000,-0.334768,-1.329163,-3.059289,-1.407391,0.755834,-0.506877,1.556074,3.198989,-1.869162
7.740000,-0.362596,-1.313410,-3.069795,-1.374859,0.819383,-0.543472,1.697111,3.155965,-1.790381
7.760000,-0.389744,-1.296394,-3.081017,-1.339507,0.882072,-0.578492,1.838148,3.112941,-1.711600
7.780000,-0.416157,-1.278133,-3.092924,-1.301333,0.943901,-0.611936,1.979184,3.069917,-1.632819
7.800000,-0.441779,-1.258643,-3.105484,-1.260339,1.004869,-0.643805,2.120221,3.026894,-1.554038
7.820000,-0.466552,-1.237944,-3.118666,-1.216525,1.064977,-0.674098,2.261258,2.983870,-1.475257
7.840000,-0.490421,-1.216050,-3.132437,-1.169889,1.124224,-0.702815,2.402294,2.940846,-1.396476
7.860000,-0.513329,-1.192980,-3.146768,-1.120433,1.182610,-0.729957,2.543331,2.897822,-1.317695
7.880000,-0.535219,-1.168751,-3.161625,-1.068156,1.240137,-0.755523,2.684368,2.854798,-1.238914
7.900000,-0.556036,-1.143381,-3.176978,-1.013058,1.296802,-0.779513,2.825404,2.811775,-1.160133
7.920000,-0.575723,-1.116885,-3.192795,-0.955140,1.352608,-0.801928,2.966441,2.768751,-1.081352
7.940000,-0.594223,-1.089282,-3.209045,-0.894400,1.407552,-0.822767,3.107478,2.725727,-1.002571
7.960000,-0.611480,-1.060589,-3.225695,-0.830841,1.461637,-0.842031,3.248514,2.682703,-0.923790
7.980000,-0.627438,-1.030822,-3.242715,-0.764460,1.514861,-0.859719,3.389551,2.639679,-0.845008
8.000000,-0.642040,-1.000000,-3.260074,-0.695259,1.567224,-0.875831,3.530587,2.596656,-0.766227
8.020000,-0.655239,-0.968143,-3.277734,-0.624723,1.618118,-0.889682,3.522915,2.492789,-0.618871
8.040000,-0.667029,-0.935289,-3.295641,-0.554342,1.666936,-0.900586,3.515242,2.388923,-0.471514
8.060000,-0.677414,-0.901480,-3.313737,-0.484114,1.713675,-0.908543,3.507570,2.285057,-0.324157
8.080000,-0.686395,-0.866756,-3.331963,-0.414039,1.758338,-0.913552,3.499897,2.181191,-0.176800
8.100000,-0.693976,-0.831160,-3.350260,-0.344118,1.800923,-0.915615,3.492225,2.077325,-0.029444
8.120000,-0.700161,-0.794733,-3.368568,-0.274350,1.841431,-0.914730,3.484552,1.973459,0.117913
8.140000,-0.704951,-0.757516,-3.386829,-0.204736,1.879861,-0.910898,3.476880,1.869592,0.265270
8.160000,-0.708351,-0.719552,-3.404984,-0.135275,1.916215,-0.904119,3.469207,1.765726,0.412627
8.180000,-0.710363,-0.680882,-3.422974,-0.065968,1.950490,-0.894393,3.461535,1.661860,0.559983
8.200000,-0.710991,-0.641547,-3.440740,0.003186,1.982689,-0.881720,3.453862,1.557994,0.707340
8.220000,-0.710237,-0.601588,-3.458224,0.072187,2.012810,-0.866099,3.446190,1.454128,0.854697
8.240000,-0.708105,-0.561048,-3.475365,0.141034,2.040854,-0.847532,3.438517,1.350262,1.002054
8.260000,-0.704597,-0.519968,-3.492105,0.209728,2.066821,-0.826017,3.430845,1.246395,1.149410
8.280000,-0.699716,-0.478389,-3.508386,0.278268,2.090710,-0.801556,3.423172,1.142529,1.296767
8.300000,-0.693467,-0.436353,-3.524148,0.346655,2.112522,-0.774147,3.415500,1.038663,1.444124
8.320000,-0.685851,-0.393902,-3.539332,0.414888,2.132256,-0.743791,3.407827,0.934797,1.591481
8.340000,-0.676872,-0.351077,-3.553880,0.482968,2.149914,-0.710487,3.400155,0.830931,1.738837
8.360000,-0.666534,-0.307919,-3.567732,0.550894,2.165494,-0.674237,3.392482,0.727065,1.886194
8.380000,-0.654838,-0.264471,-3.580830,0.618667,2.178996,-0.635040,3.384810,0.623198,2.033551
8.400000,-0.641788,-0.220773,-3.593114,0.686286,2.190422,-0.592895,3.377137,0.519332,2.180908
8.420000,-0.627387,-0.176868,-3.604526,0.753752,2.199769,-0.547803,3.369465,0.415466,2.328265
8.440000,-0.611639,-0.132796,-3.615006,0.821065,2.207040,-0.499764,3.361792,0.311600,2.475621
8.460000,-0.594546,-0.088600,-3.624497,0.888224,2.212233,-0.448778,3.354120,0.207734,2.622978
8.480000,-0.576111,-0.044321,-3.632938,0.955230,2.215349,-0.394845,3.346447,0.103867,2.770335
8.500000,-0.556338,0.000000,-3.640271,1.022082,2.216388,-0.337965,3.338774,0.000001,2.917692
8.520000,-0.535238,0.044321,-3.646444,1.087410,2.215350,-0.279153,3.193989,-0.103865,2.963522
8.540000,-0.512860,0.088600,-3.651431,1.149842,2.212234,-0.219424,3.049203,-0.207732,3.009352
8.560000,-0.489263,0.132796,-3.655214,1.209378,2.207040,-0.158779,2.904417,-0.311598,3.055182
8.580000,-0.464505,0.176868,-3.657776,1.266018,2.199770,-0.097217,2.759631,-0.415465,3.101012
8.600000,-0.438642,0.220773,-3.659097,1.319763,2.190422,-0.034738,2.614846,-0.519331,3.146842
8.620000,-0.411733,0.264471,-3.659159,1.370612,2.178996,0.028657,2.470060,-0.623198,3.192672
8.640000,-0.383837,0.307919,-3.657945,1.418565,2.165494,0.092969,2.325274,-0.727064,3.238502
8.660000,-0.355010,0.351077,-3.655434,1.463623,2.149914,0.158197,2.180488,-0.830931,3.284333
8.680000,-0.325311,0.393902,-3.651611,1.505785,2.132257,0.224342,2.035703,-0.934797,3.330163
8.700000,-0.294798,0.436353,-3.646455,1.545051,2.112522,0.291403,1.890917,-1.038664,3.375993
8.720000,-0.263529,0.478389,-3.639948,1.581422,2.090710,0.359382,1.746131,-1.142530,3.421823
8.740000,-0.231560,0.519968,-3.632073,1.614896,2.066821,0.428276,1.601345,-1.246397,3.467653
8.760000,-0.198952,0.561048,-3.622811,1.645475,2.040854,0.498088,1.456560,-1.350263,3.513483
8.780000,-0.165761,0.601588,-3.612144,1.673159,2.012810,0.568816,1.311774,-1.454130,3.559313
8.800000,-0.132045,0.641547,-3.600052,1.697946,1.982689,0.640460,1.166988,-1.557996,3.605143
8.820000,-0.097862,0.680882,-3.586519,1.719838,1.950490,0.713021,1.022202,-1.661862,3.650974
8.840000,-0.063271,0.719552,-3.571526,1.738834,1.916214,0.786499,0.877417,-1.765729,3.696804
8.860000,-0.028328,0.757517,-3.555053,1.754935,1.879861,0.860893,0.732631,-1.869595,3.742634
8.880000,0.006907,0.794733,-3.537084,1.768140,1.841431,0.936204,0.587845,-1.973462,3.788464
8.900000,0.042378,0.831160,-3.517599,1.778449,1.800923,1.012432,0.443059,-2.077328,3.834294
8.920000,0.078026,0.866756,-3.496580,1.785862,1.758338,1.089576,0.298274,-2.181195,3.880124
8.940000,0.113793,0.901480,-3.474010,1.790380,1.713675,1.167637,0.153488,-2.285061,3.925954
8.960000,0.149622,0.935289,-3.449869,1.792002,1.666935,1.246614,0.008702,-2.388928,3.971784
8.980000,0.185454,0.968143,-3.424139,1.790728,1.618118,1.326508,-0.136084,-2.492794,4.017615
9.000000,0.221232,1.000000,-3.396802,1.786558,1.567223,1.407319,-0.280869,-2.596661,4.063445
9.020000,0.256899,1.030822,-3.367851,1.779709,1.514860,1.487399,-0.404081,-2.639684,3.944592
9.040000,0.292404,1.060589,-3.337322,1.770395,1.461636,1.565103,-0.527293,-2.682707,3.825739
9.060000,0.327698,1.089282,-3.305263,1.758617,1.407552,1.640429,-0.650505,-2.725729,3.706887
9.080000,0.362732,1.116885,-3.271721,1.744375,1.352607,1.713378,-0.773717,-2.768752,3.588034
9.100000,0.397456,1.143381,-3.236744,1.727668,1.296801,1.783950,-0.896929,-2.811775,3.469182
9.120000,0.431822,1.168751,-3.200379,1.708498,1.240136,1.852145,-1.020140,-2.854798,3.350329
9.140000,0.465780,1.192980,-3.162674,1.686863,1.182610,1.917963,-1.143352,-2.897821,3.231476
9.160000,0.499280,1.216050,-3.123676,1.662764,1.124223,1.981404,-1.266564,-2.940844,3.112624
9.180000,0.532274,1.237943,-3.083433,1.636200,1.064976,2.042468,-1.389776,-2.983867,2.993771
9.200000,0.564712,1.258643,-3.041993,1.607172,1.004868,2.101155,-1.512988,-3.026889,2.874918
9.220000,0.596545,1.278132,-2.999403,1.575681,0.943900,2.157465,-1.636200,-3.069912,2.756066
9.240000,0.627723,1.296394,-2.955710,1.541725,0.882072,2.211398,-1.759411,-3.112935,2.637213
9.260000,0.658197,1.313410,-2.910963,1.505304,0.819383,2.262954,-1.882623,-3.155958,2.518360
9.280000,0.687918,1.329163,-2.865208,1.466420,0.755833,2.312132,-2.005835,-3.198981,2.399508
9.300000,0.716837,1.343637,-2.818493,1.425071,0.691424,2.358934,-2.129047,-3.242004,2.280655
9.320000,0.744905,1.356814,-2.770866,1.381258,0.626153,2.403359,-2.252259,-3.285027,2.161802
9.340000,0.772071,1.368678,-2.722375,1.334980,0.560023,2.445406,-2.375470,-3.328049,2.042950
9.360000,0.798288,1.379209,-2.673066,1.286239,0.493031,2.485077,-2.498682,-3.371072,1.924097
9.380000,0.823504,1.388393,-2.622988,1.235033,0.425180,2.522370,-2.621894,-3.414095,1.805244
9.400000,0.847672,1.396211,-2.572187,1.181363,0.356468,2.557286,-2.745106,-3.457118,1.686392
9.420000,0.870743,1.402646,-2.520712,1.125229,0.286895,2.589826,-2.868318,-3.500141,1.567539
9.440000,0.892665,1.407681,-2.468610,1.066630,0.216462,2.619988,-2.991530,-3.543164,1.448686
9.460000,0.913391,1.411299,-2.415928,1.005568,0.145168,2.647773,-3.114741,-3.586187,1.329834
9.480000,0.932872,1.413482,-2.362715,0.942041,0.073014,2.673181,-3.237953,-3.629210,1.210981
9.500000,0.951057,1.414214,-2.309017,0.876050,-0.000000,2.696212,-3.361165,-3.672232,1.092129
9.520000,0.967907,1.413482,-2.254886,0.809124,-0.073014,2.716369,-3.331343,-3.629210,0.923548
9.540000,0.983425,1.411299,-2.200385,0.742796,-0.145168,2.733154,-3.301522,-3.586187,0.754966
9.560000,0.997623,1.407681,-2.145582,0.677064,-0.216462,2.746568,-3.271700,-3.543164,0.586385
9.580000,1.010512,1.402646,-2.090544,0.611928,-0.286895,2.756610,-3.241878,-3.500141,0.417804
9.600000,1.022104,1.396211,-2.035340,0.547389,-0.356468,2.763280,-3.212056,-3.457118,0.249223
9.620000,1.032412,1.388393,-1.980036,0.483446,-0.425180,2.766579,-3.182235,-3.414095,0.080642
9.640000,1.041446,1.379209,-1.924699,0.420099,-0.493031,2.766506,-3.152413,-3.371072,-0.087939
9.660000,1.049219,1.368678,-1.869398,0.357349,-0.560023,2.763061,-3.122591,-3.328049,-0.256520
9.680000,1.055744,1.356814,-1.814199,0.295195,-0.626153,2.756245,-3.092769,-3.285027,-0.425101
9.700000,1.061031,1.343637,-1.759171,0.233638,-0.691424,2.746057,-3.062948,-3.242004,-0.593682
9.720000,1.065093,1.329163,-1.704380,0.172678,-0.755833,2.732498,-3.033126,-3.198981,-0.762263
9.740000,1.067942,1.313410,-1.649893,0.112313,-0.819383,2.715566,-3.003304,-3.155958,-0.930844
9.760000,1.069590,1.296394,-1.595779,0.052545,-0.882072,2.695264,-2.973482,-3.112935,-1.099425
9.780000,1.070048,1.278132,-1.542105,-0.006626,-0.943900,2.671590,-2.943661,-3.069912,-1.268006
9.800000,1.069329,1.258643,-1.488938,-0.065201,-1.004868,2.644544,-2.913839,-3.026889,-1.436587
9.820000,1.067444,1.237943,-1.436346,-0.123180,-1.064976,2.614126,-2.884017,-2.983866,-1.605168
9.840000,1.064406,1.216050,-1.384396,-0.180562,-1.124223,2.580337,-2.854195,-2.940844,-1.773749
9.860000,1.060226,1.192980,-1.333155,-0.237347,-1.182610,2.543176,-2.824374,-2.897821,-1.942330
9.880000,1.054916,1.168751,-1.282691,-0.293537,-1.240136,2.502644,-2.794552,-2.854798,-2.110911
9.900000,1.048488,1.143380,-1.233072,-0.349129,-1.296801,2.458740,-2.764730,-2.811775,-2.279492
9.920000,1.040955,1.116885,-1.184364,-0.404126,-1.352607,2.411464,-2.734908,-2.768752,-2.448073
9.940000,1.032327,1.089282,-1.136636,-0.458526,-1.407552,2.360817,-2.705087,-2.725729,-2.616654
9.960000,1.022617,1.060589,-1.089954,-0.512329,-1.461636,2.306798,-2.675265,-2.682706,-2.785235
9.980000,1.011838,1.030822,-1.044386,-0.565536,-1.514860,2.249407,-2.645443,-2.639684,-2.953816
10.000000,1.000000,1.000000,-1.000000,-0.618147,-1.567223,2.188645,-2.615621,-2.596661,-3.122397
10.020000,0.987124,0.968143,-0.956855,-0.669019,-1.618118,2.125717,-2.471557,-2.492794,-3.170406
10.040000,0.973258,0.935289,-0.914978,-0.717009,-1.666935,2.061829,-2.327493,-2.388928,-3.218414
10.060000,0.958462,0.901480,-0.874388,-0.762119,-1.713675,1.996981,-2.183429,-2.285061,-3.266423
10.080000,0.942793,0.866756,-0.835105,-0.804346,-1.758337,1.931172,-2.039365,-2.181195,-3.314431
10.100000,0.926308,0.831160,-0.797148,-0.843693,-1.800923,1.864403,-1.895301,-2.077328,-3.362440
10.120000,0.909064,0.794733,-0.760535,-0.880159,-1.841431,1.796674,-1.751237,-1.973462,-3.410449
10.140000,0.891121,0.757517,-0.725287,-0.913743,-1.879861,1.727985,-1.607173,-1.869596,-3.458457
10.160000,0.872534,0.719552,-0.691422,-0.944445,-1.916214,1.658336,-1.463109,-1.765729,-3.506466
10.180000,0.853362,0.680882,-0.658960,-0.972267,-1.950490,1.587727,-1.319045,-1.661863,-3.554474
10.200000,0.833662,0.641547,-0.627919,-0.997207,-1.982689,1.516157,-1.174981,-1.557996,-3.602483
10.220000,0.813493,0.601588,-0.598320,-1.019266,-2.012810,1.443627,-1.030917,-1.454130,-3.650491
10.240000,0.792911,0.561048,-0.570181,-1.038444,-2.040854,1.370138,-0.886853,-1.350263,-3.698500
10.260000,0.771974,0.519968,-0.543521,-1.054740,-2.066821,1.295687,-0.742790,-1.246397,-3.746509
10.280000,0.750741,0.478389,-0.518360,-1.068156,-2.090710,1.220277,-0.598726,-1.142530,-3.794517
10.300000,0.729267,0.436353,-0.494716,-1.078689,-2.112522,1.143907,-0.454662,-1.038664,-3.842526
10.320000,0.707612,0.393902,-0.472610,-1.086342,-2.132257,1.066576,-0.310598,-0.934798,-3.890534
10.340000,0.685833,0.351077,-0.452060,-1.091113,-2.149914,0.988285,-0.166534,-0.830931,-3.938543
10.360000,0.663987,0.307919,-0.433085,-1.093003,-2.165494,0.909034,-0.022470,-0.727065,-3.986552
10.380000,0.642132,0.264471,-0.415705,-1.092012,-2.178996,0.828823,0.121594,-0.623198,-4.034560
10.400000,0.620326,0.220773,-0.399938,-1.088140,-2.190422,0.747652,0.265658,-0.519332,-4.082569
10.420000,0.598626,0.176868,-0.385805,-1.081386,-2.199770,0.665521,0.409722,-0.415465,-4.130577
10.440000,0.577089,0.132796,-0.373324,-1.071751,-2.207040,0.582429,0.553786,-0.311599,-4.178586
10.460000,0.555775,0.088600,-0.362514,-1.059234,-2.212234,0.498377,0.697850,-0.207732,-4.226595
10.480000,0.534739,0.044321,-0.353395,-1.043837,-2.215350,0.413365,0.841914,-0.103866,-4.274603
10.500000,0.514040,-0.000000,-0.345986,-1.025558,-2.216388,0.327393,0.985978,0.000000,-4.322612
10.520000,0.493733,-0.044321,-0.340295,-1.004910,-2.215350,0.242087,1.078832,0.103867,-4.207970
10.540000,0.473856,-0.088600,-0.336287,-0.982404,-2.212234,0.159074,1.171686,0.207733,-4.093329
10.560000,0.454449,-0.132796,-0.333917,-0.958042,-2.207040,0.078354,1.264540,0.311599,-3.978687
10.580000,0.435547,-0.176868,-0.333138,-0.931823,-2.199770,-0.000073,1.357394,0.415466,-3.864046
10.600000,0.417188,-0.220773,-0.333904,-0.903746,-2.190422,-0.076208,1.450248,0.519332,-3.749404
10.620000,0.399410,-0.264471,-0.336171,-0.873813,-2.178996,-0.150049,1.543102,0.623198,-3.634763
10.640000,0.382248,-0.307919,-0.339891,-0.842022,-2.165494,-0.221598,1.635956,0.727065,-3.520121
10.660000,0.365741,-0.351077,-0.345019,-0.808375,-2.149914,-0.290854,1.728810,0.830931,-3.405480
10.680000,0.349926,-0.393902,-0.351510,-0.772870,-2.132257,-0.357818,1.821664,0.934798,-3.290839
10.700000,0.334839,-0.436353,-0.359317,-0.735508,-2.112522,-0.422488,1.914518,1.038664,-3.176197
10.720000,0.320518,-0.478389,-0.368394,-0.696289,-2.090710,-0.484865,2.007371,1.142530,-3.061556
10.740000,0.307000,-0.519968,-0.378696,-0.655213,-2.066821,-0.544950,2.100225,1.246397,-2.946914
10.760000,0.294322,-0.561048,-0.390177,-0.612280,-2.040854,-0.602742,2.193079,1.350263,-2.832273
10.780000,0.282521,-0.601588,-0.402791,-0.567490,-2.012810,-0.658241,2.285933,1.454129,-2.717631
10.800000,0.271634,-0.641547,-0.416491,-0.520843,-1.982689,-0.711447,2.378787,1.557996,-2.602990
10.820000,0.261699,-0.680882,-0.431233,-0.472339,-1.950490,-0.762361,2.471641,1.661862,-2.488348
10.840000,0.252753,-0.719552,-0.446970,-0.421977,-1.916214,-0.810981,2.564495,1.765728,-2.373707
10.860000,0.244833,-0.757517,-0.463657,-0.369759,-1.879861,-0.857309,2.657349,1.869595,-2.259065
10.880000,0.237975,-0.794733,-0.481247,-0.315683,-1.841431,-0.901344,2.750203,1.973461,-2.144424
10.900000,0.232218,-0.831160,-0.499696,-0.259751,-1.800923,-0.943086,2.843057,2.077327,-2.029782
10.920000,0.227598,-0.866756,-0.518956,-0.201961,-1.758338,-0.982535,2.935911,2.181194,-1.915141
10.940000,0.224152,-0.901480,-0.538982,-0.142314,-1.713675,-1.019691,3.028765,2.285060,-1.800500
10.960000,0.221917,-0.935289,-0.559728,-0.080810,-1.666935,-1.054555,3.121619,2.388926,-1.685858
10.980000,0.220932,-0.968143,-0.581149,-0.017450,-1.618118,-1.087126,3.214473,2.492793,-1.571217
11.000000,0.221232,-1.000000,-0.603198,0.047768,-1.567223,-1.117404,3.307327,2.596659,-1.456575
11.020000,0.222844,-1.030822,-0.625827,0.113236,-1.514860,-1.145067,3.239410,2.639682,-1.309706
11.040000,0.225752,-1.060589,-0.648981,0.177345,-1.461636,-1.169792,3.171493,2.682705,-1.162837
11.060000,0.229929,-1.089282,-0.672599,0.240096,-1.407552,-1.191580,3.103577,2.725728,-1.015968
11.080000,0.235347,-1.116885,-0.696624,0.301488,-1.352607,-1.210431,3.035660,2.768752,-0.869099
11.100000,0.241979,-1.143381,-0.720997,0.361522,-1.296802,-1.226344,2.967743,2.811775,-0.722230
11.120000,0.249799,-1.168751,-0.745659,0.420198,-1.240136,-1.239320,2.899827,2.854798,-0.575361
11.140000,0.258778,-1.192980,-0.770550,0.477515,-1.182610,-1.249358,2.831910,2.897821,-0.428492
11.160000,0.268890,-1.216050,-0.795613,0.533474,-1.124223,-1.256460,2.763993,2.940844,-0.281623
11.180000,0.280108,-1.237943,-0.820789,0.588075,-1.064976,-1.260623,2.696077,2.983867,-0.134755
11.200000,0.292404,-1.258643,-0.846019,0.641317,-1.004869,-1.261850,2.628160,3.026891,0.012114
11.220000,0.305752,-1.278132,-0.871244,0.693201,-0.943900,-1.260139,2.560243,3.069914,0.158983
11.240000,0.320123,-1.296394,-0.896405,0.743727,-0.882072,-1.255490,2.492327,3.112937,0.305852
11.260000,0.335492,-1.313410,-0.921444,0.792894,-0.819383,-1.247905,2.424410,3.155960,0.452721
11.280000,0.351830,-1.329163,-0.946301,0.840703,-0.755834,-1.237382,2.356493,3.198983,0.599590
11.300000,0.369111,-1.343637,-0.970919,0.887154,-0.691424,-1.223921,2.288577,3.242006,0.746459
11.320000,0.387307,-1.356814,-0.995239,0.932246,-0.626153,-1.207523,2.220660,3.285030,0.893328
11.340000,0.406392,-1.368678,-1.019201,0.975980,-0.560022,-1.188188,2.152743,3.328053,1.040197
11.360000,0.426337,-1.379210,-1.042747,1.018356,-0.493031,-1.165915,2.084827,3.371076,1.187066
11.380000,0.447117,-1.388393,-1.065818,1.059373,-0.425179,-1.140705,2.016910,3.414099,1.333935
11.400000,0.468703,-1.396211,-1.088355,1.099032,-0.356467,-1.112558,1.948993,3.457122,1.480804
11.420000,0.491069,-1.402646,-1.110300,1.137333,-0.286895,-1.081473,1.881077,3.500145,1.627673
11.440000,0.514187,-1.407681,-1.131594,1.174275,-0.216461,-1.047451,1.813160,3.543169,1.774542
11.460000,0.538031,-1.411299,-1.152179,1.209859,-0.145168,-1.010491,1.745243,3.586192,1.921411
11.480000,0.562573,-1.413482,-1.171995,1.244085,-0.073014,-0.970595,1.677327,3.629215,2.068280
11.500000,0.587785,-1.414214,-1.190983,1.276953,0.000001,-0.927760,1.609410,3.672238,2.215149
11.520000,0.613635,-1.413482,-1.209094,1.307534,0.073015,-0.883265,1.448740,3.629214,2.234358
11.540000,0.640065,-1.411299,-1.226311,1.334902,0.145169,-0.838386,1.288071,3.586190,2.253566
11.560000,0.667010,-1.407681,-1.242627,1.359057,0.216463,-0.793123,1.127401,3.543166,2.272775
11.580000,0.694406,-1.402646,-1.258033,1.379998,0.286896,-0.747475,0.966731,3.500142,2.291984
11.600000,0.722189,-1.396211,-1.272523,1.397726,0.356469,-0.701443,0.806061,3.457118,2.311192
11.620000,0.750294,-1.388393,-1.286089,1.412241,0.425181,-0.655027,0.645392,3.414094,2.330401
11.640000,0.778657,-1.379209,-1.298722,1.423542,0.493032,-0.608227,0.484722,3.371071,2.349610
11.660000,0.807214,-1.368677,-1.310415,1.431630,0.560024,-0.561043,0.324052,3.328047,2.368818
11.680000,0.835901,-1.356814,-1.321161,1.436504,0.626154,-0.513474,0.163383,3.285023,2.388027
11.700000,0.864653,-1.343637,-1.330952,1.438165,0.691424,-0.465522,0.002713,3.241999,2.407236
11.720000,0.893406,-1.329163,-1.339779,1.436612,0.755834,-0.417185,-0.157957,3.198975,2.426445
11.740000,0.922096,-1.313409,-1.347636,1.431847,0.819383,-0.368464,-0.318626,3.155951,2.445653
11.760000,0.950658,-1.296393,-1.354515,1.423867,0.882072,-0.319359,-0.479296,3.112927,2.464862
11.780000,0.979029,-1.278132,-1.360408,1.412675,0.943901,-0.269870,-0.639966,3.069903,2.484071
11.800000,1.007144,-1.258643,-1.365307,1.398269,1.004868,-0.219996,-0.800635,3.026879,2.503279
11.820000,1.034938,-1.237943,-1.369205,1.380649,1.064976,-0.169738,-0.961305,2.983855,2.522488
11.840000,1.062348,-1.216050,-1.372094,1.359817,1.124223,-0.119097,-1.121975,2.940831,2.541697
11.860000,1.089310,-1.192980,-1.373967,1.335770,1.182609,-0.068071,-1.282644,2.897807,2.560906
11.880000,1.115758,-1.168751,-1.374815,1.308511,1.240135,-0.016660,-1.443314,2.854783,2.580114
11.900000,1.141629,-1.143380,-1.374631,1.278038,1.296800,0.035134,-1.603984,2.811759,2.599323
11.920000,1.166858,-1.116885,-1.373407,1.244351,1.352605,0.087313,-1.764653,2.768736,2.618532
11.940000,1.191381,-1.089282,-1.371136,1.207452,1.407550,0.139875,-1.925323,2.725712,2.637740
11.960000,1.215134,-1.060589,-1.367809,1.167338,1.461634,0.192822,-2.085993,2.682688,2.656949
11.980000,1.238053,-1.030822,-1.363420,1.124012,1.514857,0.246153,-2.246662,2.639664,2.676158
12.000000,1.260074,-1.000000,-1.357960,1.077472,1.567220,0.299869,-2.407332,2.596640,2.695367
12.020000,1.281136,-0.968143,-1.351432,1.028522,1.618114,0.352538,-2.487664,2.492777,2.571628
12.040000,1.301204,-0.935289,-1.343875,0.977965,1.666931,0.402734,-2.567997,2.388915,2.447889
12.060000,1.320244,-0.901480,-1.335339,0.925802,1.713671,0.450454,-2.648329,2.285052,2.324150
12.080000,1.338225,-0.866756,-1.325874,0.872032,1.758333,0.495700,-2.728661,2.181190,2.200411
12.100000,1.355115,-0.831160,-1.315528,0.816656,1.800919,0.538470,-2.808993,2.077327,2.076672
12.120000,1.370881,-0.794733,-1.304351,0.759673,1.841427,0.578767,-2.889326,1.973465,1.952934
12.140000,1.385491,-0.757517,-1.292394,0.701083,1.879857,0.616588,-2.969658,1.869602,1.829195
12.160000,1.398913,-0.719553,-1.279704,0.640886,1.916211,0.651934,-3.049990,1.765740,1.705456
12.180000,1.411116,-0.680883,-1.266333,0.579083,1.950487,0.684806,-3.130322,1.661877,1.581717
12.200000,1.422066,-0.641547,-1.252329,0.515673,1.982686,0.715203,-3.210655,1.558015,1.457978
12.220000,1.431732,-0.601589,-1.237741,0.450657,2.012807,0.743125,-3.290987,1.454152,1.334239
12.240000,1.440081,-0.561049,-1.222620,0.384034,2.040852,0.768573,-3.371319,1.350290,1.210501
12.260000,1.447082,-0.519969,-1.207015,0.315804,2.066819,0.791545,-3.451651,1.246427,1.086762
12.280000,1.452703,-0.478390,-1.190975,0.245968,2.090709,0.812043,-3.531984,1.142565,0.963023
12.300000,1.456910,-0.436354,-1.174550,0.174525,2.112522,0.830066,-3.612316,1.038702,0.839284
12.320000,1.459673,-0.393903,-1.157789,0.101475,2.132257,0.845614,-3.692648,0.934840,0.715545
12.340000,1.460959,-0.351078,-1.140742,0.026819,2.149915,0.858688,-3.772981,0.830977,0.591807
12.360000,1.460735,-0.307920,-1.123458,-0.049444,2.165496,0.869287,-3.853313,0.727115,0.468068
12.380000,1.458970,-0.264472,-1.105987,-0.127314,2.179000,0.877411,-3.933645,0.623252,0.344329
12.400000,1.455632,-0.220774,-1.088378,-0.206790,2.190426,0.883060,-4.013977,0.519390,0.220590
12.420000,1.450688,-0.176869,-1.070681,-0.287873,2.199775,0.886234,-4.094310,0.415527,0.096851
12.440000,1.444106,-0.132797,-1.052945,-0.370562,2.207047,0.886934,-4.174642,0.311665,-0.026888
12.460000,1.435855,-0.088601,-1.035220,-0.454858,2.212242,0.885159,-4.254974,0.207802,-0.150626
12.480000,1.425901,-0.044321,-1.017555,-0.540761,2.215359,0.880909,-4.335306,0.103940,-0.274365
12.500000,1.414214,0.000000,-1.000000,-0.628271,2.216400,0.874184,-4.415639,0.000077,-0.398104
12.520000,1.400771,0.044321,-0.982604,-0.715682,2.215362,0.865000,-4.325479,-0.103804,-0.520269
12.540000,1.385598,0.088601,-0.965416,-0.801290,2.212247,0.853373,-4.235320,-0.207685,-0.642435
12.560000,1.368731,0.132797,-0.948485,-0.885095,2.207055,0.839303,-4.145160,-0.311566,-0.764600
12.580000,1.350207,0.176869,-0.931860,-0.967096,2.199785,0.822789,-4.055001,-0.415447,-0.886765
12.600000,1.330060,0.220775,-0.915590,-1.047295,2.190437,0.803832,-3.964841,-0.519328,-1.008931
12.620000,1.308327,0.264473,-0.899723,-1.125690,2.179012,0.782432,-3.874682,-0.623209,-1.131096
12.640000,1.285044,0.307921,-0.884309,-1.202282,2.165509,0.758589,-3.784522,-0.727090,-1.253261
12.660000,1.260248,0.351079,-0.869396,-1.277071,2.149928,0.732302,-3.694363,-0.830971,-1.375427
12.680000,1.233973,0.393905,-0.855033,-1.350056,2.132270,0.703571,-3.604203,-0.934852,-1.497592
12.700000,1.206257,0.436356,-0.841270,-1.421239,2.112534,0.672398,-3.514044,-1.038733,-1.619757
12.720000,1.177136,0.478392,-0.828154,-1.490618,2.090720,0.638781,-3.423884,-1.142614,-1.741923
12.740000,1.146645,0.519971,-0.815735,-1.558194,2.066829,0.602721,-3.333725,-1.246495,-1.864088
12.760000,1.114820,0.561051,-0.804061,-1.623967,2.040861,0.564218,-3.243565,-1.350376,-1.986253
12.780000,1.081698,0.601592,-0.793182,-1.687937,2.012814,0.523271,-3.153406,-1.454257,-2.108419
12.800000,1.047315,0.641550,-0.783147,-1.750103,1.982690,0.479881,-3.063246,-1.558138,-2.230584
12.820000,1.011706,0.680885,-0.774003,-1.810467,1.950489,0.434048,-2.973087,-1.662020,-2.352749
12.840000,0.974908,0.719556,-0.765801,-1.869027,1.916210,0.385771,-2.882928,-1.765901,-2.474915
12.860000,0.936957,0.757520,-0.758589,-1.925784,1.879853,0.335051,-2.792768,-1.869782,-2.597080
12.880000,0.897889,0.794736,-0.752415,-1.980738,1.841418,0.281888,-2.702609,-1.973663,-2.719245
12.900000,0.857739,0.831163,-0.747330,-2.033888,1.800906,0.226281,-2.612449,-2.077544,-2.841411
12.920000,0.816545,0.866758,-0.743380,-2.085236,1.758317,0.168231,-2.522290,-2.181425,-2.963576
12.940000,0.774342,0.901482,-0.740617,-2.134780,1.713649,0.107738,-2.432130,-2.285306,-3.085741
12.960000,0.731166,0.935291,-0.739087,-2.182521,1.666904,0.044802,-2.341971,-2.389187,-3.207907
12.980000,0.687053,0.968144,-0.738841,-2.228459,1.618082,-0.020578,-2.251811,-2.493068,-3.330072
13.000000,0.642040,1.000000,-0.739926,-2.272593,1.567182,-0.088401,-2.161652,-2.596949,-3.452237
13.020000,0.596167,1.030821,-0.742383,-2.314130,1.514813,-0.157209,-1.992041,-2.639917,-3.428551
13.040000,0.549497,1.060587,-0.746212,-2.352275,1.461585,-0.225543,-1.822429,-2.682886,-3.404864
13.060000,0.502098,1.089279,-0.751402,-2.387027,1.407498,-0.293404,-1.652818,-2.725854,-3.381177
13.080000,0.454038,1.116881,-0.757945,-2.418388,1.352551,-0.360790,-1.483207,-2.768822,-3.357490
13.100000,0.405385,1.143375,-0.765830,-2.446356,1.296745,-0.427703,-1.313596,-2.811790,-3.333803
13.120000,0.356207,1.168745,-0.775050,-2.470931,1.240079,-0.494142,-1.143985,-2.854759,-3.310116
13.140000,0.306571,1.192973,-0.785593,-2.492115,1.182554,-0.560108,-0.974373,-2.897727,-3.286430
13.160000,0.256545,1.216041,-0.797451,-2.509906,1.124170,-0.625600,-0.804762,-2.940695,-3.262743
13.180000,0.206197,1.237934,-0.810614,-2.524306,1.064926,-0.690618,-0.635151,-2.983663,-3.239056
13.200000,0.155595,1.258633,-0.825072,-2.535312,1.004824,-0.755162,-0.465540,-3.026632,-3.215369
13.220000,0.104807,1.278121,-0.840817,-2.542927,0.943861,-0.819232,-0.295929,-3.069600,-3.191682
13.240000,0.053901,1.296382,-0.857838,-2.547150,0.882040,-0.882829,-0.126317,-3.112568,-3.167996
13.260000,0.002944,1.313397,-0.876127,-2.547980,0.819358,-0.945952,0.043294,-3.155537,-3.144309
13.280000,-0.047996,1.329150,-0.895673,-2.545418,0.755818,-1.008602,0.212905,-3.198505,-3.120622
13.300000,-0.098850,1.343624,-0.916468,-2.539464,0.691418,-1.070777,0.382516,-3.241473,-3.096935
13.320000,-0.149552,1.356801,-0.938501,-2.530117,0.626159,-1.132479,0.552127,-3.284441,-3.073248
13.340000,-0.200032,1.368665,-0.961764,-2.517379,0.560041,-1.193707,0.721738,-3.327410,-3.049561
13.360000,-0.250224,1.379197,-0.986246,-2.501248,0.493063,-1.254461,0.891350,-3.370378,-3.025875
13.380000,-0.300060,1.388381,-1.011939,-2.481725,0.425226,-1.314742,1.060961,-3.413346,-3.002188
13.400000,-0.349471,1.396200,-1.038833,-2.458809,0.356529,-1.374549,1.230572,-3.456314,-2.978501
13.420000,-0.398389,1.402637,-1.066918,-2.432502,0.286973,-1.433882,1.400183,-3.499283,-2.954814
13.440000,-0.446748,1.407673,-1.096185,-2.402802,0.216558,-1.492741,1.569794,-3.542251,-2.931127
13.460000,-0.494479,1.411293,-1.126625,-2.369710,0.145283,-1.551127,1.739406,-3.585219,-2.907441
13.480000,-0.541514,1.413479,-1.158227,-2.333226,0.073149,-1.609039,1.909017,-3.628187,-2.883754
13.500000,-0.587785,1.414214,-1.190983,-2.293349,0.000155,-1.666477,2.078628,-3.671156,-2.860067
13.520000,-0.633232,1.413485,-1.224874,-2.251029,-0.072840,-1.722138,2.153344,-3.628337,-2.705989
13.540000,-0.677816,1.411306,-1.259848,-2.207215,-0.144978,-1.774717,2.228060,-3.585518,-2.551910
13.560000,-0.721510,1.407692,-1.295842,-2.161907,-0.216260,-1.824214,2.302776,-3.542699,-2.397832
13.580000,-0.764283,1.402661,-1.332796,-2.115104,-0.286686,-1.870630,2.377492,-3.499879,-2.243754
13.600000,-0.806104,1.396230,-1.370647,-2.066807,-0.356255,-1.913964,2.452208,-3.457060,-2.089675
13.620000,-0.846945,1.388416,-1.409334,-2.017016,-0.424968,-1.954217,2.526924,-3.414241,-1.935597
13.640000,-0.886775,1.379237,-1.448795,-1.965730,-0.492825,-1.991388,2.601640,-3.371422,-1.781518
13.660000,-0.925564,1.368709,-1.488969,-1.912951,-0.559825,-2.025478,2.676355,-3.328603,-1.627440
13.680000,-0.963283,1.356850,-1.529794,-1.858676,-0.625969,-2.056486,2.751071,-3.285784,-1.473362
13.700000,-0.999901,1.343676,-1.571208,-1.802908,-0.691257,-2.084412,2.825787,-3.242965,-1.319283
13.720000,-1.035389,1.329205,-1.613150,-1.745645,-0.755688,-2.109257,2.900503,-3.200146,-1.165205
13.740000,-1.069717,1.313454,-1.655558,-1.686888,-0.819263,-2.131021,2.975219,-3.157327,-1.011127
13.760000,-1.102855,1.296440,-1.698370,-1.626636,-0.881981,-2.149702,3.049935,-3.114508,-0.857048
13.780000,-1.134773,1.278181,-1.741525,-1.564890,-0.943843,-2.165302,3.124651,-3.071689,-0.702970
13.800000,-1.165441,1.258692,-1.784962,-1.501650,-1.004848,-2.177821,3.199367,-3.028870,-0.548892
13.820000,-1.194829,1.237993,-1.828618,-1.436915,-1.064998,-2.187258,3.274083,-2.986051,-0.394813
13.840000,-1.222907,1.216098,-1.872431,-1.370687,-1.124290,-2.193614,3.348799,-2.943232,-0.240735
13.860000,-1.249646,1.193027,-1.916342,-1.302963,-1.182727,-2.196888,3.423515,-2.900413,-0.086657
13.880000,-1.275016,1.168795,-1.960286,-1.233746,-1.240307,-2.197080,3.498231,-2.857593,0.067422
13.900000,-1.298986,1.143420,-2.004204,-1.163034,-1.297031,-2.194191,3.572947,-2.814774,0.221500
13.920000,-1.321527,1.116919,-2.048033,-1.090828,-1.352898,-2.188220,3.647663,-2.771955,0.375578
13.940000,-1.342609,1.089310,-2.091712,-1.017128,-1.407909,-2.179168,3.722379,-2.729136,0.529657
13.960000,-1.362202,1.060609,-2.135180,-0.941933,-1.462063,-2.167034,3.797095,-2.686317,0.683735
13.980000,-1.380277,1.030833,-2.178373,-0.865244,-1.515362,-2.151818,3.871810,-2.643498,0.837813
14.000000,-1.396802,1.000000,-2.221232,-0.787061,-1.567803,-2.133521,3.946526,-2.600679,0.991892
14.020000,-1.411760,0.968131,-2.263696,-0.709004,-1.618771,-2.112454,3.859113,-2.496052,1.114796
14.040000,-1.425174,0.935263,-2.305714,-0.632696,-1.667645,-2.088929,3.771699,-2.391425,1.237701
14.060000,-1.437079,0.901439,-2.347236,-0.558136,-1.714428,-2.062946,3.684286,-2.286798,1.360606
14.080000,-1.447511,0.866700,-2.388215,-0.485325,-1.759117,-2.034505,3.596872,-2.182171,1.483511
14.100000,-1.456504,0.831088,-2.428600,-0.414261,-1.801714,-2.003606,3.509459,-2.077544,1.606416
14.120000,-1.464093,0.794645,-2.468343,-0.344946,-1.842219,-1.970248,3.422045,-1.972917,1.729320
14.140000,-1.470314,0.757413,-2.507394,-0.277380,-1.880631,-1.934433,3.334631,-1.868290,1.852225
14.160000,-1.475200,0.719434,-2.545704,-0.211561,-1.916951,-1.896159,3.247218,-1.763663,1.975130
14.180000,-1.478788,0.680749,-2.583224,-0.147491,-1.951178,-1.855428,3.159804,-1.659036,2.098035
14.200000,-1.481111,0.641401,-2.619904,-0.085169,-1.983312,-1.812238,3.072391,-1.554408,2.220939
14.220000,-1.482206,0.601431,-2.655697,-0.024595,-2.013354,-1.766590,2.984977,-1.449781,2.343844
14.240000,-1.482107,0.560881,-2.690552,0.034230,-2.041303,-1.718484,2.897564,-1.345154,2.466749
14.260000,-1.480849,0.519793,-2.724420,0.091307,-2.067160,-1.667920,2.810150,-1.240527,2.589654
14.280000,-1.478466,0.478208,-2.757252,0.146636,-2.090924,-1.614898,2.722736,-1.135900,2.712559
14.300000,-1.474995,0.436170,-2.788999,0.200217,-2.112596,-1.559418,2.635323,-1.031273,2.835463
14.320000,-1.470469,0.393718,-2.819612,0.252049,-2.132175,-1.501480,2.547909,-0.926646,2.958368
14.340000,-1.464924,0.350896,-2.849042,0.302133,-2.149662,-1.441083,2.460496,-0.822019,3.081273
14.360000,-1.458396,0.307746,-2.877239,0.350469,-2.165056,-1.378229,2.373082,-0.717392,3.204178
14.380000,-1.450917,0.264308,-2.904155,0.397056,-2.178358,-1.312916,2.285669,-0.612765,3.327082
14.400000,-1.442525,0.220625,-2.929740,0.441896,-2.189567,-1.245145,2.198255,-0.508138,3.449987
14.420000,-1.433253,0.176739,-2.953944,0.484987,-2.198683,-1.174917,2.110842,-0.403511,3.572892
14.440000,-1.423137,0.132692,-2.976720,0.526329,-2.205707,-1.102230,2.023428,-0.298884,3.695797
14.460000,-1.412212,0.088525,-2.998017,0.565924,-2.210639,-1.027085,1.936014,-0.194257,3.818702
14.480000,-1.400512,0.044280,-3.017787,0.603770,-2.213477,-0.949482,1.848601,-0.089630,3.941606
14.500000,-1.388073,-0.000000,-3.035980,0.639868,-2.214224,-0.869420,1.761187,0.014997,4.064511
14.520000,-1.374933,-0.044275,-3.052558,0.673632,-2.212913,-0.788489,1.615258,0.116025,4.028632
14.540000,-1.361147,-0.088503,-3.067524,0.704478,-2.209583,-0.708275,1.469329,0.217053,3.992754
14.560000,-1.346773,-0.132645,-3.080894,0.732405,-2.204231,-0.628779,1.323399,0.318080,3.956875
14.580000,-1.331870,-0.176659,-3.092680,0.757414,-2.196859,-0.550000,1.177470,0.419108,3.920996
14.600000,-1.316496,-0.220505,-3.102899,0.779504,-2.187467,-0.471939,1.031540,0.520136,3.885118
14.620000,-1.300709,-0.264144,-3.111563,0.798676,-2.176054,-0.394595,0.885611,0.621164,3.849239
14.640000,-1.284568,-0.307534,-3.118687,0.814929,-2.162621,-0.317969,0.739682,0.722191,3.813360
14.660000,-1.268132,-0.350635,-3.124286,0.828263,-2.147166,-0.242061,0.593752,0.823219,3.777481
14.680000,-1.251457,-0.393407,-3.128374,0.838679,-2.129692,-0.166870,0.447823,0.924247,3.741603
14.700000,-1.234604,-0.435810,-3.130966,0.846176,-2.110197,-0.092397,0.301893,1.025274,3.705724
14.720000,-1.217630,-0.477802,-3.132075,0.850754,-2.088681,-0.018641,0.155964,1.126302,3.669845
14.740000,-1.200593,-0.519343,-3.131716,0.852414,-2.065144,0.054397,0.010035,1.227330,3.633967
14.760000,-1.183553,-0.560394,-3.129904,0.851156,-2.039588,0.126717,-0.135895,1.328357,3.598088
14.780000,-1.166566,-0.600913,-3.126652,0.846979,-2.012010,0.198320,-0.281824,1.429385,3.562209
14.800000,-1.149693,-0.640861,-3.121976,0.839883,-1.982412,0.269206,-0.427754,1.530413,3.526331
14.820000,-1.132990,-0.680196,-3.115889,0.829869,-1.950794,0.339374,-0.573683,1.631440,3.490452
14.840000,-1.116518,-0.718879,-3.108406,0.816936,-1.917155,0.408824,-0.719612,1.732468,3.454573
14.860000,-1.100333,-0.756869,-3.099541,0.801084,-1.881495,0.477557,-0.865542,1.833496,3.418694
14.880000,-1.084494,-0.794126,-3.089308,0.782314,-1.843815,0.545572,-1.011471,1.934524,3.382816
14.900000,-1.069059,-0.830608,-3.077723,0.760625,-1.804114,0.612869,-1.157401,2.035551,3.346937
14.920000,-1.054088,-0.866277,-3.064798,0.736018,-1.762393,0.679449,-1.303330,2.136579,3.311058
14.940000,-1.039638,-0.901090,-3.050549,0.708492,-1.718651,0.745312,-1.449259,2.237607,3.275180
14.960000,-1.025768,-0.935009,-3.034991,0.678047,-1.672888,0.810456,-1.595189,2.338634,3.239301
14.980000,-1.012536,-0.967993,-3.018136,0.644684,-1.625105,0.874884,-1.741118,2.439662,3.203422
15.000000,-1.000000,-1.000000,-3.000000,0.608403,-1.575302,0.938593,-1.887048,2.540690,3.167544
15.020000,-0.988211,-1.030994,-2.980606,0.570476,-1.523952,1.000271,-1.905649,2.594307,3.000257
15.040000,-0.977183,-1.060951,-2.960011,0.532177,-1.471530,1.058604,-1.924251,2.647924,2.832971
15.060000,-0.966926,-1.089848,-2.938284,0.493506,-1.418035,1.113590,-1.942853,2.701541,2.665685
15.080000,-0.957446,-1.117665,-2.915490,0.454463,-1.363468,1.165231,-1.961455,2.755158,2.498398
15.100000,-0.948750,-1.144380,-2.891697,0.415048,-1.307829,1.213526,-1.980057,2.808775,2.331112
15.120000,-0.940846,-1.169971,-2.866971,0.375260,-1.251117,1.258475,-1.998659,2.862393,2.163826
15.140000,-0.933742,-1.194417,-2.841380,0.335101,-1.193333,1.300079,-2.017261,2.916010,1.996539
15.160000,-0.927445,-1.217697,-2.814991,0.294570,-1.134477,1.338337,-2.035863,2.969627,1.829253
15.180000,-0.921962,-1.239789,-2.787869,0.253667,-1.074548,1.373249,-2.054464,3.023244,1.661967
15.200000,-0.917301,-1.260672,-2.760083,0.212391,-1.013547,1.404816,-2.073066,3.076861,1.494681
15.220000,-0.913469,-1.280324,-2.731699,0.170744,-0.951473,1.433036,-2.091668,3.130478,1.327394
15.240000,-0.910473,-1.298724,-2.702784,0.128725,-0.888328,1.457911,-2.110270,3.184095,1.160108
15.260000,-0.908322,-1.315850,-2.673405,0.086333,-0.824110,1.479441,-2.128872,3.237713,0.992822
15.280000,-0.907022,-1.331681,-2.643628,0.043570,-0.758819,1.497624,-2.147474,3.291330,0.825535
15.300000,-0.906582,-1.346196,-2.613522,0.000434,-0.692456,1.512462,-2.166076,3.344947,0.658249
15.320000,-0.907008,-1.359372,-2.583152,-0.043073,-0.625021,1.523954,-2.184678,3.398564,0.490963
15.340000,-0.908307,-1.371189,-2.552586,-0.086953,-0.556514,1.532101,-2.203280,3.452181,0.323677
15.360000,-0.910488,-1.381626,-2.521891,-0.131204,-0.486934,1.536901,-2.221881,3.505798,0.156390
15.380000,-0.913558,-1.390660,-2.491132,-0.175828,-0.416282,1.538356,-2.240483,3.559415,-0.010896
15.400000,-0.917524,-1.398270,-2.460379,-0.220824,-0.344557,1.536465,-2.259085,3.613033,-0.178182
15.420000,-0.922393,-1.404435,-2.429696,-0.266191,-0.271761,1.531229,-2.277687,3.666650,-0.345469
15.440000,-0.928174,-1.409133,-2.399152,-0.311931,-0.197891,1.522647,-2.296289,3.720267,-0.512755
15.460000,-0.934873,-1.412343,-2.368812,-0.358043,-0.122950,1.510719,-2.314891,3.773884,-0.680041
15.480000,-0.942498,-1.414044,-2.338745,-0.404527,-0.046936,1.495445,-2.333493,3.827501,-0.847328
15.500000,-0.951057,-1.414214,-2.309017,-0.451383,0.030150,1.476826,-2.352095,3.881118,-1.014614
15.520000,-0.960550,-1.412840,-2.279689,-0.497715,0.106947,1.455753,-2.281095,3.798557,-1.092698
15.540000,-0.970956,-1.409947,-2.250797,-0.542627,0.182092,1.433118,-2.210096,3.715996,-1.170782
15.560000,-0.982245,-1.405567,-2.222374,-0.586119,0.255587,1.408921,-2.139097,3.633435,-1.248865
15.580000,-0.994391,-1.399734,-2.194451,-0.628190,0.327430,1.383163,-2.068098,3.550873,-1.326949
15.600000,-1.007364,-1.392481,-2.167058,-0.668842,0.397622,1.355843,-1.997099,3.468312,-1.405033
15.620000,-1.021135,-1.383840,-2.140228,-0.708074,0.466162,1.326962,-1.926100,3.385751,-1.483117
15.640000,-1.035677,-1.373845,-2.113990,-0.745886,0.533052,1.296519,-1.855100,3.303190,-1.561201
15.660000,-1.050961,-1.362529,-2.088377,-0.782278,0.598290,1.264514,-1.784101,3.220629,-1.639285
15.680000,-1.066959,-1.349925,-2.063420,-0.817250,0.661877,1.230947,-1.713102,3.138067,-1.717369
15.700000,-1.083642,-1.336065,-2.039150,-0.850803,0.723813,1.195819,-1.642103,3.055506,-1.795453
15.720000,-1.100981,-1.320983,-2.015598,-0.882935,0.784097,1.159129,-1.571104,2.972945,-1.873536
15.740000,-1.118950,-1.304712,-1.992795,-0.913647,0.842730,1.120878,-1.500105,2.890384,-1.951620
15.760000,-1.137518,-1.287285,-1.970773,-0.942939,0.899712,1.081064,-1.429105,2.807823,-2.029704
15.780000,-1.156658,-1.268735,-1.949563,-0.970811,0.955043,1.039689,-1.358106,2.725261,-2.107788
15.800000,-1.176341,-1.249094,-1.929196,-0.997263,1.008723,0.996753,-1.287107,2.642700,-2.185872
15.820000,-1.196539,-1.228397,-1.909703,-1.022295,1.060751,0.952255,-1.216108,2.560139,-2.263956
15.840000,-1.217223,-1.206675,-1.891116,-1.045907,1.111128,0.906195,-1.145109,2.477578,-2.342040
15.860000,-1.238366,-1.183963,-1.873466,-1.068099,1.159854,0.858573,-1.074110,2.395017,-2.420124
15.880000,-1.259938,-1.160292,-1.856784,-1.088872,1.206929,0.809390,-1.003110,2.312455,-2.498207
15.900000,-1.281911,-1.135697,-1.841101,-1.108224,1.252353,0.758645,-0.932111,2.229894,-2.576291
15.920000,-1.304257,-1.110209,-1.826448,-1.126156,1.296125,0.706338,-0.861112,2.147333,-2.654375
15.940000,-1.326948,-1.083863,-1.812857,-1.142668,1.338246,0.652470,-0.790113,2.064772,-2.732459
15.960000,-1.349954,-1.056690,-1.800360,-1.157761,1.378716,0.597040,-0.719114,1.982211,-2.810543
15.980000,-1.373249,-1.028725,-1.788986,-1.171433,1.417534,0.540048,-0.648114,1.899649,-2.888627
16.000000,-1.396802,-1.000000,-1.778768,-1.183685,1.454702,0.481495,-0.577115,1.817088,-2.966711
16.020000,-1.420570,-0.970540,-1.769736,-1.192070,1.491480,0.421499,-0.261394,1.860781,-3.032858
16.040000,-1.444443,-0.940335,-1.761917,-1.194141,1.529133,0.360180,0.054327,1.904473,-3.099005
16.060000,-1.468294,-0.909368,-1.755338,-1.189897,1.567659,0.297539,0.370048,1.948166,-3.165152
16.080000,-1.491997,-0.877623,-1.750024,-1.179339,1.607060,0.233574,0.685769,1.991859,-3.231299
16.100000,-1.515425,-0.845080,-1.746004,-1.162466,1.647334,0.168287,1.001491,2.035551,-3.297447
16.120000,-1.538453,-0.811724,-1.743302,-1.139279,1.688482,0.101676,1.317212,2.079244,-3.363594
16.140000,-1.560954,-0.777535,-1.741945,-1.109778,1.730503,0.033743,1.632933,2.122936,-3.429741
16.160000,-1.582802,-0.742498,-1.741961,-1.073962,1.773399,-0.035513,1.948654,2.166629,-3.495888
16.180000,-1.603871,-0.706593,-1.743375,-1.031832,1.817169,-0.106093,2.264375,2.210322,-3.562035
16.200000,-1.624034,-0.669805,-1.746213,-0.983387,1.861812,-0.177995,2.580096,2.254014,-3.628182
16.220000,-1.643164,-0.632115,-1.750503,-0.928628,1.907329,-0.251220,2.895818,2.297707,-3.694329
16.240000,-1.661137,-0.593506,-1.756271,-0.867554,1.953720,-0.325768,3.211539,2.341399,-3.760477
16.260000,-1.677824,-0.553960,-1.763543,-0.800166,2.000985,-0.401639,3.527260,2.385092,-3.826624
16.280000,-1.693101,-0.513461,-1.772345,-0.726464,2.049124,-0.478833,3.842981,2.428785,-3.892771
16.300000,-1.706841,-0.471990,-1.782705,-0.646447,2.098137,-0.557350,4.158702,2.472477,-3.958918
16.320000,-1.718917,-0.429530,-1.794648,-0.560116,2.148023,-0.637190,4.474423,2.516170,-4.025065
16.340000,-1.729203,-0.386063,-1.808201,-0.467470,2.198783,-0.718352,4.790145,2.559863,-4.091212
16.360000,-1.737574,-0.341572,-1.823391,-0.368510,2.250417,-0.800838,5.105866,2.603555,-4.157359
16.380000,-1.743902,-0.296040,-1.840244,-0.263236,2.302926,-0.884647,5.421587,2.647248,-4.223507
16.400000,-1.748061,-0.249450,-1.858786,-0.151647,2.356307,-0.969778,5.737308,2.690940,-4.289654
16.420000,-1.749925,-0.201782,-1.879044,-0.033743,2.410563,-1.056233,6.053029,2.734633,-4.355801
16.440000,-1.749369,-0.153021,-1.901044,0.090474,2.465693,-1.144010,6.368750,2.778326,-4.421948
16.460000,-1.746264,-0.103149,-1.924813,0.221007,2.521696,-1.233111,6.684472,2.822018,-4.488095
16.480000,-1.740486,-0.052148,-1.950377,0.357853,2.578573,-1.323534,7.000193,2.865711,-4.554242
16.500000,-1.731908,0.000000,-1.977763,0.501014,2.636325,-1.415281,7.315914,2.909403,-4.620389
16.520000,-1.720469,0.053265,-2.006953,0.640678,2.687967,-1.501728,6.650478,2.254839,-4.024313
16.540000,-1.706370,0.107431,-2.037753,0.767034,2.726518,-1.576253,5.985043,1.600275,-3.428237
16.560000,-1.689876,0.162238,-2.069924,0.880080,2.751978,-1.638857,5.319608,0.945711,-2.832161
16.580000,-1.671255,0.217423,-2.103228,0.979818,2.764347,-1.689540,4.654172,0.291147,-2.236085
16.600000,-1.650772,0.272725,-2.137426,1.066247,2.763624,-1.728300,3.988737,-0.363418,-1.640009
16.620000,-1.628694,0.327881,-2.172280,1.139367,2.749810,-1.755140,3.323301,-1.017982,-1.043933
16.640000,-1.605286,0.382630,-2.207552,1.199179,2.722905,-1.770058,2.657866,-1.672546,-0.447857
16.660000,-1.580816,0.436710,-2.243003,1.245682,2.682908,-1.773054,1.992431,-2.327110,0.148219
16.680000,-1.555548,0.489859,-2.278395,1.278876,2.629820,-1.764129,1.326995,-2.981674,0.744295
16.700000,-1.529749,0.541815,-2.313489,1.298762,2.563641,-1.743282,0.661560,-3.636239,1.340371
16.720000,-1.503686,0.592317,-2.348046,1.305339,2.484371,-1.710514,-0.003876,-4.290803,1.936447
16.740000,-1.477624,0.641103,-2.381830,1.298607,2.392009,-1.665824,-0.669311,-4.945367,2.532523
16.760000,-1.451831,0.687910,-2.414600,1.278566,2.286556,-1.609213,-1.334747,-5.599931,3.128599
16.780000,-1.426571,0.732478,-2.446119,1.245217,2.168012,-1.540681,-2.000182,-6.254495,3.724675
16.800000,-1.402111,0.774544,-2.476148,1.198559,2.036376,-1.460226,-2.665617,-6.909060,4.320751
16.820000,-1.378717,0.813846,-2.504448,1.138592,1.891649,-1.367850,-3.331053,-7.563624,4.916827
16.840000,-1.356656,0.850122,-2.530782,1.065317,1.733831,-1.263553,-3.996488,-8.218188,5.512903
16.860000,-1.336193,0.883112,-2.554911,0.978733,1.562922,-1.147334,-4.661924,-8.872752,6.108979
16.880000,-1.317595,0.912552,-2.576596,0.878840,1.378921,-1.019194,-5.327359,-9.527316,6.705055
16.900000,-1.301128,0.938181,-2.595599,0.765638,1.181829,-0.879132,-5.992794,-10.181881,7.301131
16.920000,-1.287058,0.959738,-2.611682,0.639128,0.971646,-0.727149,-6.658230,-10.836445,7.897207
16.940000,-1.275652,0.976960,-2.624606,0.499309,0.748371,-0.563244,-7.323665,-11.491009,8.493283
16.960000,-1.267175,0.989585,-2.634132,0.346181,0.512005,-0.387417,-7.989101,-12.145573,9.089359
16.980000,-1.261893,0.997353,-2.640023,0.179745,0.262548,-0.199669,-8.654536,-12.800137,9.685436
