0.000000,0.000000,0.000000,0.000000,0.000000,0.000000,0.000000,0.347686,0.726597,-2.131809
0.020000,0.000069,0.000145,-0.000424,0.006849,0.014464,-0.042297,0.337255,0.719799,-2.097855
0.040000,0.000273,0.000578,-0.001687,0.013490,0.028792,-0.083914,0.326825,0.713001,-2.063901
0.060000,0.000607,0.001296,-0.003776,0.019922,0.042984,-0.124853,0.316394,0.706203,-2.029946
0.080000,0.001068,0.002296,-0.006677,0.026146,0.057040,-0.165112,0.305963,0.699405,-1.995992
0.100000,0.001652,0.003576,-0.010376,0.032161,0.070960,-0.204692,0.295533,0.692607,-1.962038
0.120000,0.002353,0.005134,-0.014860,0.037967,0.084744,-0.243594,0.285102,0.685809,-1.928084
0.140000,0.003169,0.006965,-0.020115,0.043565,0.098393,-0.281816,0.274672,0.679011,-1.894129
0.160000,0.004094,0.009068,-0.026128,0.048954,0.111905,-0.319359,0.264241,0.672213,-1.860175
0.180000,0.005126,0.011440,-0.032885,0.054135,0.125281,-0.356223,0.253811,0.665416,-1.826221
0.200000,0.006258,0.014079,-0.040373,0.059107,0.138521,-0.392408,0.243380,0.658618,-1.792266
0.220000,0.007488,0.016980,-0.048577,0.063870,0.151626,-0.427913,0.232949,0.651820,-1.758312
0.240000,0.008812,0.020143,-0.057485,0.068425,0.164594,-0.462740,0.222519,0.645022,-1.724358
0.260000,0.010224,0.023563,-0.067082,0.072771,0.177427,-0.496888,0.212088,0.638224,-1.690404
0.280000,0.011721,0.027239,-0.077356,0.076908,0.190123,-0.530356,0.201658,0.631426,-1.656449
0.300000,0.013299,0.031167,-0.088292,0.080837,0.202684,-0.563146,0.191227,0.624628,-1.622495
0.320000,0.014953,0.035345,-0.099877,0.084557,0.215108,-0.595256,0.180797,0.617830,-1.588541
0.340000,0.016680,0.039771,-0.112097,0.088069,0.227397,-0.626687,0.170366,0.611032,-1.554587
0.360000,0.018475,0.044440,-0.124940,0.091372,0.239550,-0.657439,0.159935,0.604234,-1.520632
0.380000,0.020333,0.049352,-0.138390,0.094466,0.251566,-0.687513,0.149505,0.597437,-1.486678
0.400000,0.022252,0.054502,-0.152436,0.097352,0.263447,-0.716907,0.139074,0.590639,-1.452724
0.420000,0.024226,0.059889,-0.167062,0.100029,0.275192,-0.745622,0.128644,0.583841,-1.418769
0.440000,0.026252,0.065509,-0.182256,0.102498,0.286801,-0.773657,0.118213,0.577043,-1.384815
0.460000,0.028325,0.071360,-0.198004,0.104758,0.298274,-0.801014,0.107783,0.570245,-1.350861
0.480000,0.030441,0.077439,-0.214292,0.106809,0.309610,-0.827692,0.097352,0.563447,-1.316907
0.500000,0.032596,0.083743,-0.231107,0.108652,0.320811,-0.853690,0.086921,0.556649,-1.282952
0.520000,0.034785,0.090271,-0.248435,0.110286,0.331876,-0.879010,0.076491,0.549851,-1.248998
0.540000,0.037006,0.097018,-0.266263,0.111711,0.342805,-0.903650,0.066060,0.543053,-1.215044
0.560000,0.039252,0.103982,-0.284577,0.112928,0.353599,-0.927612,0.055630,0.536255,-1.181089
0.580000,0.041521,0.111161,-0.303363,0.113937,0.364256,-0.950894,0.045199,0.529458,-1.147135
0.600000,0.043808,0.118551,-0.322608,0.114736,0.374777,-0.973497,0.034769,0.522660,-1.113181
0.620000,0.046109,0.126151,-0.342298,0.115327,0.385162,-0.995421,0.024338,0.515862,-1.079227
0.640000,0.048420,0.133957,-0.362420,0.115710,0.395411,-1.016666,0.013907,0.509064,-1.045272
0.660000,0.050736,0.141966,-0.382960,0.115884,0.405525,-1.037232,0.003477,0.502266,-1.011318
0.680000,0.053054,0.150177,-0.403905,0.115849,0.415502,-1.057119,-0.006954,0.495468,-0.977364
0.700000,0.055369,0.158586,-0.425241,0.115605,0.425343,-1.076327,-0.017384,0.488670,-0.943410
0.720000,0.057677,0.167190,-0.446954,0.115154,0.435049,-1.094855,-0.027815,0.481872,-0.909455
0.740000,0.059974,0.175987,-0.469030,0.114493,0.444618,-1.112705,-0.038245,0.475074,-0.875501
0.760000,0.062255,0.184973,-0.491457,0.113624,0.454052,-1.129875,-0.048676,0.468276,-0.841547
0.780000,0.064517,0.194148,-0.514221,0.112546,0.463349,-1.146367,-0.059107,0.461479,-0.807592
0.800000,0.066756,0.203507,-0.537307,0.111259,0.472511,-1.162179,-0.069537,0.454681,-0.773638
0.820000,0.068966,0.213047,-0.560703,0.109764,0.481537,-1.177312,-0.079968,0.447883,-0.739684
0.840000,0.071145,0.222767,-0.584395,0.108061,0.490426,-1.191766,-0.090398,0.441085,-0.705730
0.860000,0.073287,0.232663,-0.608370,0.106148,0.499180,-1.205541,-0.100829,0.434287,-0.671775
0.880000,0.075389,0.242733,-0.632612,0.104028,0.507798,-1.218637,-0.111259,0.427489,-0.637821
0.900000,0.077447,0.252974,-0.657111,0.101698,0.516280,-1.231054,-0.121690,0.420691,-0.603867
0.920000,0.079456,0.263384,-0.681850,0.099160,0.524625,-1.242792,-0.132121,0.413893,-0.569912
0.940000,0.081412,0.273959,-0.706818,0.096413,0.532835,-1.253851,-0.142551,0.407095,-0.535958
0.960000,0.083311,0.284696,-0.732000,0.093458,0.540909,-1.264230,-0.152982,0.400297,-0.502004
0.980000,0.085149,0.295594,-0.757382,0.090294,0.548847,-1.273931,-0.163412,0.393500,-0.468050
1.000000,0.086921,0.306649,-0.782952,0.086921,0.556649,-1.282952,-0.173843,0.386702,-0.434095
1.020000,0.088624,0.317859,-0.808696,0.083340,0.564315,-1.291295,-0.184273,0.379904,-0.400141
1.040000,0.090254,0.329221,-0.834600,0.079550,0.571845,-1.298958,-0.194704,0.373106,-0.366187
1.060000,0.091805,0.340732,-0.860650,0.075552,0.579239,-1.305942,-0.205135,0.366308,-0.332233
1.080000,0.093274,0.352390,-0.886833,0.071345,0.586498,-1.312247,-0.215565,0.359510,-0.298278
1.100000,0.094657,0.364191,-0.913135,0.066929,0.593620,-1.317873,-0.225996,0.352712,-0.264324
1.120000,0.095950,0.376133,-0.939543,0.062305,0.600606,-1.322820,-0.236426,0.345914,-0.230370
1.140000,0.097148,0.388214,-0.966043,0.057472,0.607456,-1.327088,-0.246857,0.339116,-0.196415
1.160000,0.098248,0.400431,-0.992622,0.052431,0.614171,-1.330677,-0.257287,0.332318,-0.162461
1.180000,0.099244,0.412780,-1.019266,0.047181,0.620749,-1.333587,-0.267718,0.325521,-0.128507
1.200000,0.100133,0.425260,-1.045961,0.041722,0.627192,-1.335817,-0.278149,0.318723,-0.094553
1.220000,0.100912,0.437867,-1.072694,0.036055,0.633498,-1.337369,-0.288579,0.311925,-0.060598
1.240000,0.101574,0.450599,-1.099451,0.030179,0.639669,-1.338241,-0.299010,0.305127,-0.026644
1.260000,0.102117,0.463453,-1.126219,0.024095,0.645703,-1.338434,-0.309440,0.298329,0.007310
1.280000,0.102537,0.476426,-1.152984,0.017802,0.651602,-1.337949,-0.319871,0.291531,0.041265
1.300000,0.102828,0.489516,-1.179733,0.011300,0.657364,-1.336784,-0.330301,0.284733,0.075219
1.320000,0.102987,0.502720,-1.206451,0.004589,0.662991,-1.334940,-0.340732,0.277935,0.109173
1.340000,0.103010,0.516035,-1.233126,-0.002329,0.668482,-1.332417,-0.351163,0.271137,0.143127
1.360000,0.102893,0.529458,-1.259743,-0.009457,0.673837,-1.329215,-0.361593,0.264340,0.177082
1.380000,0.102631,0.542987,-1.286290,-0.016793,0.679055,-1.325334,-0.372024,0.257542,0.211036
1.400000,0.102220,0.556619,-1.312752,-0.024338,0.684138,-1.320773,-0.382454,0.250744,0.244990
1.420000,0.101656,0.570352,-1.339116,-0.032091,0.689085,-1.315534,-0.392885,0.243946,0.278944
1.440000,0.100935,0.584182,-1.365369,-0.040053,0.693896,-1.309616,-0.403315,0.237148,0.312899
1.460000,0.100052,0.598107,-1.391496,-0.048224,0.698571,-1.303018,-0.413746,0.230350,0.346853
1.480000,0.099004,0.612124,-1.417485,-0.056603,0.703110,-1.295741,-0.424177,0.223552,0.380807
1.500000,0.097787,0.626230,-1.443321,-0.065191,0.707513,-1.287786,-0.434607,0.216754,0.414762
1.520000,0.096395,0.640423,-1.468992,-0.073988,0.711780,-1.279151,-0.445038,0.209956,0.448716
1.540000,0.094826,0.654701,-1.494483,-0.082993,0.715911,-1.269837,-0.455468,0.203158,0.482670
1.560000,0.093074,0.669059,-1.519781,-0.092206,0.719907,-1.259844,-0.465899,0.196361,0.516624
1.580000,0.091136,0.683496,-1.544872,-0.101629,0.723766,-1.249172,-0.476329,0.189563,0.550579
1.600000,0.089008,0.698009,-1.569743,-0.111259,0.727489,-1.237821,-0.486760,0.182765,0.584533
1.620000,0.086684,0.712595,-1.594380,-0.121099,0.731076,-1.225791,-0.497191,0.175967,0.618487
1.640000,0.084162,0.727251,-1.618770,-0.131147,0.734528,-1.213082,-0.507621,0.169169,0.652441
1.660000,0.081437,0.741975,-1.642899,-0.141404,0.737843,-1.199693,-0.518052,0.162371,0.686396
1.680000,0.078505,0.756764,-1.666753,-0.151869,0.741023,-1.185626,-0.528482,0.155573,0.720350
1.700000,0.075361,0.771615,-1.690320,-0.162543,0.744066,-1.170879,-0.538913,0.148775,0.754304
1.720000,0.072002,0.786525,-1.713584,-0.173426,0.746974,-1.155454,-0.549343,0.141977,0.788259
1.740000,0.068422,0.801493,-1.736533,-0.184517,0.749745,-1.139349,-0.559774,0.135179,0.822213
1.760000,0.064619,0.816514,-1.759154,-0.195817,0.752381,-1.122565,-0.570205,0.128382,0.856167
1.780000,0.060588,0.831587,-1.781431,-0.207325,0.754880,-1.105102,-0.580635,0.121584,0.890121
1.800000,0.056325,0.846709,-1.803353,-0.219042,0.757244,-1.086960,-0.591066,0.114786,0.924076
1.820000,0.051825,0.861876,-1.824905,-0.230968,0.759472,-1.068139,-0.601496,0.107988,0.958030
1.840000,0.047085,0.877087,-1.846074,-0.243102,0.761564,-1.048639,-0.611927,0.101190,0.991984
1.860000,0.042100,0.892338,-1.866846,-0.255445,0.763519,-1.028460,-0.622357,0.094392,1.025939
1.880000,0.036866,0.907626,-1.887208,-0.267996,0.765339,-1.007601,-0.632788,0.087594,1.059893
1.900000,0.031379,0.922950,-1.907146,-0.280756,0.767023,-0.986064,-0.643219,0.080796,1.093847
1.920000,0.025634,0.938307,-1.926646,-0.293725,0.768571,-0.963848,-0.653649,0.073998,1.127801
1.940000,0.019628,0.953692,-1.945695,-0.306902,0.769983,-0.940952,-0.664080,0.067200,1.161756
1.960000,0.013357,0.969105,-1.964280,-0.320288,0.771259,-0.917377,-0.674510,0.060403,1.195710
1.980000,0.006815,0.984542,-1.982386,-0.333883,0.772399,-0.893124,-0.684941,0.053605,1.229664
2.000000,-0.000000,1.000000,-2.000000,-0.347686,0.773403,-0.868191,-0.695371,0.046807,1.263618
2.020000,-0.007092,1.015476,-2.017113,-0.361430,0.774093,-0.843187,-0.679080,0.022200,1.236756
2.040000,-0.014455,1.030960,-2.033731,-0.374849,0.774291,-0.818721,-0.662788,-0.002406,1.209893
2.060000,-0.022083,1.046444,-2.049865,-0.387942,0.773997,-0.794791,-0.646496,-0.027012,1.183030
2.080000,-0.029971,1.061917,-2.065526,-0.400709,0.773211,-0.771399,-0.630205,-0.051618,1.156167
2.100000,-0.038110,1.077369,-2.080725,-0.413150,0.771932,-0.748545,-0.613913,-0.076225,1.129304
2.120000,-0.046494,1.092791,-2.095472,-0.425265,0.770162,-0.726227,-0.597621,-0.100831,1.102441
2.140000,-0.055118,1.108173,-2.109778,-0.437055,0.767899,-0.704447,-0.581329,-0.125437,1.075579
2.160000,-0.063974,1.123504,-2.123653,-0.448518,0.765144,-0.683204,-0.565038,-0.150044,1.048716
2.180000,-0.073057,1.138775,-2.137109,-0.459656,0.761897,-0.662498,-0.548746,-0.174650,1.021853
2.200000,-0.082358,1.153976,-2.150157,-0.470468,0.758158,-0.642330,-0.532454,-0.199256,0.994990
2.220000,-0.091873,1.169098,-2.162806,-0.480954,0.753927,-0.622699,-0.516163,-0.223863,0.968127
2.240000,-0.101594,1.184130,-2.175068,-0.491115,0.749204,-0.603605,-0.499871,-0.248469,0.941265
2.260000,-0.111516,1.199063,-2.186954,-0.500949,0.743988,-0.585048,-0.483579,-0.273075,0.914402
2.280000,-0.121630,1.213886,-2.198474,-0.510458,0.738281,-0.567029,-0.467287,-0.297682,0.887539
2.300000,-0.131932,1.228591,-2.209639,-0.519641,0.732081,-0.549547,-0.450996,-0.322288,0.860676
2.320000,-0.142414,1.243166,-2.220459,-0.528498,0.725389,-0.532602,-0.434704,-0.346894,0.833813
2.340000,-0.153070,1.257603,-2.230946,-0.537029,0.718205,-0.516194,-0.418412,-0.371500,0.806950
2.360000,-0.163893,1.271891,-2.241110,-0.545234,0.710529,-0.500324,-0.402121,-0.396107,0.780088
2.380000,-0.174877,1.286021,-2.250963,-0.553114,0.702361,-0.484991,-0.385829,-0.420713,0.753225
2.400000,-0.186015,1.299983,-2.260514,-0.560667,0.693701,-0.470195,-0.369537,-0.445319,0.726362
2.420000,-0.197301,1.313766,-2.269774,-0.567895,0.684548,-0.455936,-0.353245,-0.469926,0.699499
2.440000,-0.208729,1.327361,-2.278755,-0.574797,0.674904,-0.442215,-0.336954,-0.494532,0.672636
2.460000,-0.220291,1.340759,-2.287466,-0.581373,0.664767,-0.429031,-0.320662,-0.519138,0.645773
2.480000,-0.231981,1.353949,-2.295920,-0.587624,0.654138,-0.416384,-0.304370,-0.543745,0.618911
2.500000,-0.243794,1.366921,-2.304125,-0.593548,0.643017,-0.404274,-0.288079,-0.568351,0.592048
2.520000,-0.255721,1.379666,-2.312094,-0.599147,0.631404,-0.392702,-0.271787,-0.592957,0.565185
2.540000,-0.267757,1.392174,-2.319837,-0.604420,0.619299,-0.381667,-0.255495,-0.617563,0.538322
2.560000,-0.279896,1.404435,-2.327364,-0.609367,0.606702,-0.371169,-0.239203,-0.642170,0.511459
2.580000,-0.292130,1.416439,-2.334687,-0.613988,0.593612,-0.361208,-0.222912,-0.666776,0.484596
2.600000,-0.304453,1.428176,-2.341816,-0.618283,0.580031,-0.351785,-0.206620,-0.691382,0.457734
2.620000,-0.316859,1.439637,-2.348762,-0.622253,0.565957,-0.342899,-0.190328,-0.715989,0.430871
2.640000,-0.329341,1.450811,-2.355536,-0.625896,0.551391,-0.334550,-0.174037,-0.740595,0.404008
2.660000,-0.341893,1.461689,-2.362148,-0.629214,0.536333,-0.326739,-0.157745,-0.765201,0.377145
2.680000,-0.354508,1.472261,-2.368609,-0.632206,0.520783,-0.319465,-0.141453,-0.789808,0.350282
2.700000,-0.367179,1.482517,-2.374930,-0.634872,0.504741,-0.312728,-0.125161,-0.814414,0.323419
2.720000,-0.379900,1.492447,-2.381122,-0.637213,0.488207,-0.306528,-0.108870,-0.839020,0.296557
2.740000,-0.392665,1.502042,-2.387195,-0.639227,0.471180,-0.300865,-0.092578,-0.863626,0.269694
2.760000,-0.405467,1.511291,-2.393160,-0.640916,0.453661,-0.295740,-0.076286,-0.888233,0.242831
2.780000,-0.418300,1.520185,-2.399028,-0.642278,0.435651,-0.291152,-0.059995,-0.912839,0.215968
2.800000,-0.431156,1.528714,-2.404809,-0.643315,0.417148,-0.287101,-0.043703,-0.937445,0.189105
2.820000,-0.444030,1.536868,-2.410515,-0.644027,0.398153,-0.283588,-0.027411,-0.962052,0.162242
2.840000,-0.456915,1.544637,-2.416157,-0.644412,0.378666,-0.280612,-0.011119,-0.986658,0.135380
2.860000,-0.469804,1.552011,-2.421743,-0.644471,0.358687,-0.278173,0.005172,-1.011264,0.108517
2.880000,-0.482692,1.558981,-2.427287,-0.644205,0.338215,-0.276271,0.021464,-1.035871,0.081654
2.900000,-0.495570,1.565536,-2.432798,-0.643613,0.317252,-0.274906,0.037756,-1.060477,0.054791
2.920000,-0.508434,1.571668,-2.438287,-0.642695,0.295796,-0.274079,0.054047,-1.085083,0.027928
2.940000,-0.521276,1.577365,-2.443765,-0.641451,0.273848,-0.273789,0.070339,-1.109690,0.001065
2.960000,-0.534090,1.582618,-2.449242,-0.639881,0.251409,-0.274037,0.086631,-1.134296,-0.025797
2.980000,-0.546869,1.587418,-2.454730,-0.637986,0.228477,-0.274821,0.102923,-1.158902,-0.052660
3.000000,-0.559607,1.591754,-2.460238,-0.635764,0.205053,-0.276143,0.119214,-1.183508,-0.079523
3.020000,-0.572297,1.595617,-2.465779,-0.633217,0.181136,-0.278002,0.135506,-1.208115,-0.106386
3.040000,-0.584934,1.598996,-2.471362,-0.630344,0.156728,-0.280399,0.151798,-1.232721,-0.133249
3.060000,-0.597509,1.601883,-2.476999,-0.627145,0.131827,-0.283332,0.168089,-1.257327,-0.160112
3.080000,-0.610017,1.604266,-2.482699,-0.623620,0.106435,-0.286803,0.184381,-1.281934,-0.186974
3.100000,-0.622452,1.606137,-2.488474,-0.619770,0.080550,-0.290811,0.200673,-1.306540,-0.213837
3.120000,-0.634806,1.607485,-2.494335,-0.615594,0.054173,-0.295356,0.216965,-1.331146,-0.240700
3.140000,-0.647073,1.608301,-2.500292,-0.611091,0.027304,-0.300439,0.233256,-1.355753,-0.267563
3.160000,-0.659247,1.608574,-2.506356,-0.606263,-0.000057,-0.306059,0.249548,-1.380359,-0.294426
3.180000,-0.671322,1.608295,-2.512538,-0.601109,-0.027910,-0.312216,0.265840,-1.404965,-0.321289
3.200000,-0.683290,1.607454,-2.518848,-0.595630,-0.056255,-0.318911,0.282131,-1.429571,-0.348151
3.220000,-0.695145,1.606041,-2.525298,-0.589824,-0.085093,-0.326142,0.298423,-1.454178,-0.375014
3.240000,-0.706880,1.604047,-2.531898,-0.583693,-0.114423,-0.333911,0.314715,-1.478784,-0.401877
3.260000,-0.718490,1.601461,-2.538658,-0.577236,-0.144244,-0.342217,0.331007,-1.503390,-0.428740
3.280000,-0.729968,1.598274,-2.545590,-0.570453,-0.174558,-0.351061,0.347298,-1.527997,-0.455603
3.300000,-0.741306,1.594476,-2.552704,-0.563344,-0.205364,-0.360441,0.363590,-1.552603,-0.482466
3.320000,-0.752499,1.590056,-2.560011,-0.555909,-0.236662,-0.370359,0.379882,-1.577209,-0.509328
3.340000,-0.763540,1.585006,-2.567522,-0.548148,-0.268453,-0.380815,0.396173,-1.601816,-0.536191
3.360000,-0.774423,1.579315,-2.575247,-0.540062,-0.300735,-0.391807,0.412465,-1.626422,-0.563054
3.380000,-0.785141,1.572973,-2.583198,-0.531650,-0.333509,-0.403337,0.428757,-1.651028,-0.589917
3.400000,-0.795687,1.565971,-2.591384,-0.522912,-0.366776,-0.415404,0.445049,-1.675634,-0.616780
3.420000,-0.806055,1.558299,-2.599818,-0.513848,-0.400535,-0.428008,0.461340,-1.700241,-0.643643
3.440000,-0.816239,1.549947,-2.608508,-0.504458,-0.434786,-0.441149,0.477632,-1.724847,-0.670505
3.460000,-0.826231,1.540904,-2.617467,-0.494743,-0.469529,-0.454828,0.493924,-1.749453,-0.697368
3.480000,-0.836026,1.531162,-2.626705,-0.484701,-0.504764,-0.469044,0.510215,-1.774060,-0.724231
3.500000,-0.845617,1.520710,-2.636232,-0.474334,-0.540491,-0.483797,0.526507,-1.798666,-0.751094
3.520000,-0.854997,1.509539,-2.646060,-0.463641,-0.576710,-0.499088,0.542799,-1.823272,-0.777957
3.540000,-0.864160,1.497639,-2.656200,-0.452622,-0.613422,-0.514916,0.559091,-1.847879,-0.804820
3.560000,-0.873100,1.484999,-2.666661,-0.441277,-0.650626,-0.531281,0.575382,-1.872485,-0.831682
3.580000,-0.881809,1.471610,-2.677454,-0.429607,-0.688321,-0.548183,0.591674,-1.897091,-0.858545
3.600000,-0.890282,1.457463,-2.688592,-0.417610,-0.726509,-0.565622,0.607966,-1.921698,-0.885408
3.620000,-0.898512,1.442547,-2.700083,-0.405288,-0.765189,-0.583599,0.624257,-1.946304,-0.912271
3.640000,-0.906491,1.426852,-2.711939,-0.392640,-0.804361,-0.602113,0.640549,-1.970910,-0.939134
3.660000,-0.914215,1.410369,-2.724171,-0.379666,-0.844026,-0.621165,0.656841,-1.995516,-0.965997
3.680000,-0.921676,1.393088,-2.736789,-0.366366,-0.884182,-0.640753,0.673133,-2.020123,-0.992859
3.700000,-0.928867,1.374998,-2.749805,-0.352741,-0.924831,-0.660879,0.689424,-2.044729,-1.019722
3.720000,-0.935783,1.356091,-2.763228,-0.338789,-0.965971,-0.681542,0.705716,-2.069335,-1.046585
3.740000,-0.942417,1.336356,-2.777070,-0.324512,-1.007604,-0.702742,0.722008,-2.093942,-1.073448
3.760000,-0.948762,1.315784,-2.791341,-0.309909,-1.049729,-0.724480,0.738299,-2.118548,-1.100311
3.780000,-0.954811,1.294364,-2.806053,-0.294980,-1.092346,-0.746755,0.754591,-2.143154,-1.127174
3.800000,-0.960559,1.272087,-2.821215,-0.279725,-1.135455,-0.769567,0.770883,-2.167761,-1.154036
3.820000,-0.965998,1.248942,-2.836839,-0.264145,-1.179056,-0.792916,0.787175,-2.192367,-1.180899
3.840000,-0.971122,1.224921,-2.852935,-0.248238,-1.223150,-0.816803,0.803466,-2.216973,-1.207762
3.860000,-0.975925,1.200013,-2.869515,-0.232006,-1.267735,-0.841227,0.819758,-2.241579,-1.234625
3.880000,-0.980400,1.174208,-2.886588,-0.215448,-1.312813,-0.866188,0.836050,-2.266186,-1.261488
3.900000,-0.984541,1.147497,-2.904166,-0.198564,-1.358383,-0.891686,0.852341,-2.290792,-1.288351
3.920000,-0.988341,1.119870,-2.922259,-0.181354,-1.404445,-0.917722,0.868633,-2.315398,-1.315213
3.940000,-0.991793,1.091316,-2.940878,-0.163819,-1.450999,-0.944295,0.884925,-2.340005,-1.342076
3.960000,-0.994891,1.061827,-2.960034,-0.145957,-1.498045,-0.971405,0.901217,-2.364611,-1.368939
3.980000,-0.997629,1.031391,-2.979738,-0.127770,-1.545583,-0.999052,0.917508,-2.389217,-1.395802
4.000000,-1.000000,1.000000,-3.000000,-0.109257,-1.593613,-1.027237,0.933800,-2.413824,-1.422665
4.020000,-1.002002,0.967651,-3.020812,-0.091177,-1.640944,-1.053029,0.874187,-2.319230,-1.156516
4.040000,-1.003655,0.934375,-3.042086,-0.074290,-1.686383,-1.073498,0.814575,-2.224637,-0.890368
4.060000,-1.004982,0.900209,-3.063716,-0.058594,-1.729930,-1.088643,0.754962,-2.130044,-0.624219
4.080000,-1.006007,0.865190,-3.085596,-0.044091,-1.771584,-1.098466,0.695350,-2.035450,-0.358071
4.100000,-1.006753,0.829358,-3.107619,-0.030780,-1.811348,-1.102966,0.635737,-1.940857,-0.091922
4.120000,-1.007246,0.792749,-3.129679,-0.018662,-1.849219,-1.102143,0.576125,-1.846264,0.174226
4.140000,-1.007508,0.755402,-3.151669,-0.007735,-1.885198,-1.095997,0.516512,-1.751670,0.440375
4.160000,-1.007563,0.717354,-3.173483,0.001999,-1.919286,-1.084528,0.456899,-1.657077,0.706523
4.180000,-1.007436,0.678643,-3.195015,0.010541,-1.951481,-1.067736,0.397287,-1.562484,0.972672
4.200000,-1.007150,0.639307,-3.216157,0.017890,-1.981785,-1.045621,0.337674,-1.467891,1.238820
4.220000,-1.006728,0.599384,-3.236804,0.024048,-2.010197,-1.018184,0.278062,-1.373297,1.504969
4.240000,-1.006196,0.558912,-3.256849,0.029013,-2.036717,-0.985423,0.218449,-1.278704,1.771117
4.260000,-1.005576,0.517928,-3.276186,0.032786,-2.061345,-0.947339,0.158837,-1.184111,2.037266
4.280000,-1.004892,0.476471,-3.294707,0.035366,-2.084081,-0.903932,0.099224,-1.089517,2.303414
4.300000,-1.004169,0.434577,-3.312308,0.036755,-2.104926,-0.855202,0.039611,-0.994924,2.569563
4.320000,-1.003430,0.392286,-3.328880,0.036951,-2.123878,-0.801150,-0.020001,-0.900331,2.835711
4.340000,-1.002699,0.349635,-3.344318,0.035955,-2.140939,-0.741774,-0.079614,-0.805737,3.101860
4.360000,-1.002000,0.306661,-3.358515,0.033766,-2.156108,-0.677075,-0.139226,-0.711144,3.368008
4.380000,-1.001356,0.263403,-3.371366,0.030385,-2.169385,-0.607054,-0.198839,-0.616551,3.634156
4.400000,-1.000792,0.219898,-3.382762,0.025813,-2.180770,-0.531709,-0.258451,-0.521958,3.900305
4.420000,-1.000332,0.176185,-3.392598,0.020047,-2.190263,-0.451041,-0.318064,-0.427364,4.166453
4.440000,-0.999998,0.132301,-3.400768,0.013090,-2.197864,-0.365051,-0.377677,-0.332771,4.432602
4.460000,-0.999816,0.088283,-3.407165,0.004940,-2.203574,-0.273737,-0.437289,-0.238178,4.698750
4.480000,-0.999809,0.044170,-3.411682,-0.004402,-2.207391,-0.177101,-0.496902,-0.143584,4.964899
4.500000,-1.000000,-0.000000,-3.414214,-0.014936,-2.209317,-0.075141,-0.556514,-0.048991,5.231047
4.520000,-1.000405,-0.044189,-3.414683,-0.025326,-2.209233,0.027540,-0.482563,0.057360,5.037035
4.540000,-1.001003,-0.088355,-3.413138,-0.034238,-2.207023,0.126340,-0.408613,0.163711,4.843022
4.560000,-1.001765,-0.132456,-3.409655,-0.041671,-2.202685,0.221260,-0.334662,0.270062,4.649009
4.580000,-1.002660,-0.176448,-3.404313,-0.047625,-2.196220,0.312300,-0.260711,0.376414,4.454996
4.600000,-1.003660,-0.220290,-3.397189,-0.052099,-2.187628,0.399460,-0.186760,0.482765,4.260983
4.620000,-1.004734,-0.263939,-3.388361,-0.055095,-2.176910,0.482740,-0.112809,0.589116,4.066970
4.640000,-1.005854,-0.307353,-3.377906,-0.056612,-2.164064,0.562139,-0.038858,0.695467,3.872957
4.660000,-1.006989,-0.350488,-3.365901,-0.056649,-2.149091,0.637658,0.035093,0.801818,3.678945
4.680000,-1.008110,-0.393302,-3.352425,-0.055208,-2.131991,0.709297,0.109043,0.908169,3.484932
4.700000,-1.009187,-0.435753,-3.337555,-0.052288,-2.112764,0.777055,0.182994,1.014520,3.290919
4.720000,-1.010192,-0.477798,-3.321369,-0.047888,-2.091410,0.840934,0.256945,1.120872,3.096906
4.740000,-1.011093,-0.519395,-3.303944,-0.042010,-2.067929,0.900932,0.330896,1.227223,2.902893
4.760000,-1.011862,-0.560501,-3.285357,-0.034652,-2.042321,0.957049,0.404847,1.333574,2.708880
4.780000,-1.012469,-0.601074,-3.265687,-0.025816,-2.014586,1.009287,0.478798,1.439925,2.514868
4.800000,-1.012885,-0.641071,-3.245012,-0.015501,-1.984724,1.057644,0.552748,1.546276,2.320855
4.820000,-1.013079,-0.680449,-3.223408,-0.003706,-1.952735,1.102121,0.626699,1.652627,2.126842
4.840000,-1.013023,-0.719166,-3.200953,0.009567,-1.918619,1.142718,0.700650,1.758978,1.932829
4.860000,-1.012687,-0.757179,-3.177725,0.024320,-1.882376,1.179434,0.774601,1.865330,1.738816
4.880000,-1.012041,-0.794447,-3.153801,0.040551,-1.844006,1.212270,0.848552,1.971681,1.544803
4.900000,-1.011055,-0.830926,-3.129260,0.058262,-1.803509,1.241226,0.922503,2.078032,1.350790
4.920000,-1.009700,-0.866573,-3.104178,0.077452,-1.760885,1.266302,0.996454,2.184383,1.156778
4.940000,-1.007947,-0.901347,-3.078634,0.098120,-1.716134,1.287497,1.070404,2.290734,0.962765
4.960000,-1.005766,-0.935204,-3.052704,0.120268,-1.669255,1.304813,1.144355,2.397085,0.768752
4.980000,-1.003126,-0.968103,-3.026467,0.143894,-1.620250,1.318247,1.218306,2.503436,0.574739
5.000000,-1.000000,-1.000000,-3.000000,0.169000,-1.569118,1.327802,1.292257,2.609788,0.380726
5.020000,-0.996374,-1.030858,-2.973369,0.192953,-1.516499,1.335220,1.103052,2.652145,0.361038
5.040000,-0.992307,-1.060654,-2.946594,0.213122,-1.463032,1.342244,0.913847,2.694502,0.341349
5.060000,-0.987875,-1.089373,-2.919682,0.229507,-1.408719,1.348874,0.724642,2.736859,0.321661
5.080000,-0.983152,-1.116997,-2.892642,0.242108,-1.353558,1.355110,0.535437,2.779216,0.301972
5.100000,-0.978215,-1.143510,-2.865480,0.250924,-1.297550,1.360953,0.346232,2.821573,0.282284
5.120000,-0.973140,-1.168894,-2.838206,0.255957,-1.240695,1.366401,0.157026,2.863930,0.262595
5.140000,-0.968002,-1.193132,-2.810827,0.257205,-1.182993,1.371456,-0.032179,2.906287,0.242907
5.160000,-0.962877,-1.216208,-2.783350,0.254670,-1.124443,1.376118,-0.221384,2.948644,0.223218
5.180000,-0.957841,-1.238104,-2.755785,0.248350,-1.065047,1.380385,-0.410589,2.991002,0.203530
5.200000,-0.952969,-1.258804,-2.728138,0.238246,-1.004803,1.384259,-0.599794,3.033359,0.183841
5.220000,-0.948336,-1.278291,-2.700417,0.224358,-0.943713,1.387739,-0.788999,3.075716,0.164153
5.240000,-0.944019,-1.296547,-2.672631,0.206686,-0.881775,1.390825,-0.978204,3.118073,0.144465
5.260000,-0.940094,-1.313556,-2.644787,0.185230,-0.818990,1.393517,-1.167409,3.160430,0.124776
5.280000,-0.936635,-1.329301,-2.616893,0.159990,-0.755358,1.395816,-1.356614,3.202787,0.105088
5.300000,-0.933720,-1.343765,-2.588957,0.130966,-0.690878,1.397721,-1.545819,3.245144,0.085399
5.320000,-0.931422,-1.356930,-2.560986,0.098157,-0.625552,1.399232,-1.735024,3.287501,0.065711
5.340000,-0.929819,-1.368781,-2.532990,0.061565,-0.559378,1.400349,-1.924229,3.329858,0.046022
5.360000,-0.928985,-1.379300,-2.504975,0.021188,-0.492357,1.401073,-2.113434,3.372215,0.026334
5.380000,-0.928996,-1.388470,-2.476950,-0.022973,-0.424490,1.401403,-2.302640,3.414573,0.006645
5.400000,-0.929929,-1.396274,-2.448922,-0.070918,-0.355775,1.401339,-2.491845,3.456930,-0.013043
5.420000,-0.931858,-1.402695,-2.420899,-0.122646,-0.286212,1.400881,-2.681050,3.499287,-0.032732
5.440000,-0.934860,-1.407717,-2.392889,-0.178160,-0.215803,1.400029,-2.870255,3.541644,-0.052420
5.460000,-0.939010,-1.411321,-2.364900,-0.237457,-0.144547,1.398784,-3.059460,3.584001,-0.072109
5.480000,-0.944383,-1.413493,-2.336940,-0.300538,-0.072443,1.397145,-3.248665,3.626358,-0.091797
5.500000,-0.951057,-1.414214,-2.309017,-0.367403,0.000508,1.395112,-3.437870,3.668715,-0.111486
5.520000,-0.959081,-1.413473,-2.281147,-0.434551,0.073454,1.391410,-3.276888,3.625871,-0.258722
5.540000,-0.968417,-1.411281,-2.253380,-0.498479,0.145543,1.384763,-3.115906,3.583026,-0.405959
5.560000,-0.978999,-1.407657,-2.225776,-0.559187,0.216775,1.375172,-2.954924,3.540182,-0.553196
5.580000,-0.990763,-1.402616,-2.198393,-0.616676,0.287150,1.362636,-2.793942,3.497337,-0.700433
5.600000,-1.003645,-1.396176,-2.171290,-0.670945,0.356668,1.347154,-2.632960,3.454493,-0.847670
5.620000,-1.017579,-1.388355,-2.144526,-0.721994,0.425329,1.328729,-2.471978,3.411648,-0.994907
5.640000,-1.032503,-1.379169,-2.118161,-0.769824,0.493134,1.307358,-2.310995,3.368804,-1.142143
5.660000,-1.048351,-1.368635,-2.092252,-0.814434,0.560082,1.283043,-2.150013,3.325959,-1.289380
5.680000,-1.065059,-1.356771,-2.066859,-0.855824,0.626172,1.255783,-1.989031,3.283115,-1.436617
5.700000,-1.082562,-1.343594,-2.042040,-0.893995,0.691406,1.225578,-1.828049,3.240270,-1.583854
5.720000,-1.100797,-1.329121,-2.017855,-0.928946,0.755783,1.192429,-1.667067,3.197426,-1.731091
5.740000,-1.119699,-1.313368,-1.994363,-0.960678,0.819303,1.156335,-1.506085,3.154581,-1.878328
5.760000,-1.139203,-1.296354,-1.971621,-0.989190,0.881966,1.117296,-1.345103,3.111737,-2.025564
5.780000,-1.159245,-1.278095,-1.949690,-1.014482,0.943773,1.075312,-1.184121,3.068892,-2.172801
5.800000,-1.179761,-1.258609,-1.928628,-1.036555,1.004722,1.030384,-1.023139,3.026048,-2.320038
5.820000,-1.200686,-1.237912,-1.908495,-1.055408,1.064815,0.982511,-0.862157,2.983203,-2.467275
5.840000,-1.221956,-1.216022,-1.889348,-1.071041,1.124050,0.931693,-0.701175,2.940359,-2.614512
5.860000,-1.243506,-1.192956,-1.871247,-1.083455,1.182429,0.877930,-0.540193,2.897514,-2.761748
5.880000,-1.265272,-1.168731,-1.854250,-1.092649,1.239951,0.821223,-0.379211,2.854670,-2.908985
5.900000,-1.287190,-1.143364,-1.838417,-1.098623,1.296616,0.761571,-0.218229,2.811825,-3.056222
5.920000,-1.309196,-1.116872,-1.823807,-1.101378,1.352424,0.698974,-0.057247,2.768981,-3.203459
5.940000,-1.331224,-1.089272,-1.810478,-1.100913,1.407375,0.633432,0.103736,2.726136,-3.350696
5.960000,-1.353211,-1.060583,-1.798489,-1.097228,1.461469,0.564946,0.264718,2.683292,-3.497933
5.980000,-1.375092,-1.030819,-1.787900,-1.090324,1.514707,0.493515,0.425700,2.640447,-3.645169
6.000000,-1.396802,-1.000000,-1.778768,-1.080200,1.567087,0.419139,0.586682,2.597603,-3.792406
6.020000,-1.418280,-0.968146,-1.771140,-1.067203,1.618000,0.343920,0.713075,2.493689,-3.729539
6.040000,-1.439474,-0.935294,-1.765003,-1.051677,1.666835,0.269958,0.839467,2.389775,-3.666673
6.060000,-1.460331,-0.901486,-1.760333,-1.033624,1.713591,0.197253,0.965860,2.285860,-3.603806
6.080000,-1.480802,-0.866764,-1.757105,-1.013043,1.758269,0.125805,1.092253,2.181946,-3.540939
6.100000,-1.500836,-0.831169,-1.755292,-0.989934,1.800869,0.055615,1.218646,2.078032,-3.478072
6.120000,-1.520382,-0.794743,-1.754872,-0.964297,1.841390,-0.013317,1.345038,1.974118,-3.415205
6.140000,-1.539391,-0.757527,-1.755817,-0.936132,1.879834,-0.080993,1.471431,1.870203,-3.352338
6.160000,-1.557811,-0.719564,-1.758103,-0.905440,1.916199,-0.147411,1.597824,1.766289,-3.289472
6.180000,-1.575591,-0.680893,-1.761705,-0.872219,1.950485,-0.212572,1.724217,1.662375,-3.226605
6.200000,-1.592682,-0.641558,-1.766597,-0.836471,1.982694,-0.276475,1.850609,1.558461,-3.163738
6.220000,-1.609033,-0.601599,-1.772755,-0.798195,2.012824,-0.339121,1.977002,1.454547,-3.100871
6.240000,-1.624593,-0.561059,-1.780154,-0.757391,2.040875,-0.400510,2.103395,1.350632,-3.038004
6.260000,-1.639312,-0.519978,-1.788767,-0.714059,2.066849,-0.460641,2.229788,1.246718,-2.975138
6.280000,-1.653139,-0.478399,-1.798571,-0.668200,2.090744,-0.519515,2.356181,1.142804,-2.912271
6.300000,-1.666023,-0.436362,-1.809540,-0.619812,2.112561,-0.577132,2.482573,1.038890,-2.849404
6.320000,-1.677915,-0.393910,-1.821648,-0.568897,2.132300,-0.633492,2.608966,0.934975,-2.786537
6.340000,-1.688762,-0.351084,-1.834871,-0.515453,2.149960,-0.688594,2.735359,0.831061,-2.723670
6.360000,-1.698516,-0.307926,-1.849183,-0.459482,2.165542,-0.742438,2.861752,0.727147,-2.660803
6.380000,-1.707125,-0.264476,-1.864560,-0.400983,2.179046,-0.795026,2.988144,0.623233,-2.597937
6.400000,-1.714538,-0.220778,-1.880976,-0.339957,2.190472,-0.846356,3.114537,0.519319,-2.535070
6.420000,-1.720706,-0.176871,-1.898406,-0.276402,2.199819,-0.896429,3.240930,0.415404,-2.472203
6.440000,-1.725578,-0.132799,-1.916825,-0.210319,2.207088,-0.945244,3.367323,0.311490,-2.409336
6.460000,-1.729102,-0.088602,-1.936207,-0.141709,2.212278,-0.992802,3.493715,0.207576,-2.346469
6.480000,-1.731229,-0.044322,-1.956529,-0.070571,2.215391,-1.039103,3.620108,0.103662,-2.283602
6.500000,-1.731908,0.000000,-1.977763,0.003095,2.216425,-1.084146,3.746501,-0.000253,-2.220736
6.520000,-1.731097,0.044322,-1.999880,0.078044,2.215381,-1.127069,3.748396,-0.104106,-2.071563
6.540000,-1.728786,0.088601,-2.022826,0.153031,2.212261,-1.167009,3.750292,-0.207960,-1.922389
6.560000,-1.724975,0.132798,-2.046541,0.228056,2.207063,-1.203965,3.752187,-0.311813,-1.773216
6.580000,-1.719664,0.176870,-2.070965,0.303119,2.199788,-1.237937,3.754082,-0.415667,-1.624043
6.600000,-1.712850,0.220776,-2.096038,0.378219,2.190436,-1.268926,3.755977,-0.519521,-1.474870
6.620000,-1.704535,0.264474,-2.121702,0.453358,2.179007,-1.296932,3.757873,-0.623374,-1.325697
6.640000,-1.694716,0.307922,-2.147896,0.528534,2.165501,-1.321954,3.759768,-0.727228,-1.176524
6.660000,-1.683393,0.351080,-2.174560,0.603748,2.149918,-1.343993,3.761663,-0.831081,-1.027351
6.680000,-1.670565,0.393905,-2.201636,0.679001,2.132258,-1.363048,3.763559,-0.934935,-0.878178
6.700000,-1.656233,0.436356,-2.229062,0.754291,2.112521,-1.379120,3.765454,-1.038789,-0.729005
6.720000,-1.640394,0.478392,-2.256780,0.829619,2.090706,-1.392209,3.767349,-1.142642,-0.579832
6.740000,-1.623048,0.519971,-2.284731,0.904985,2.066815,-1.402313,3.769244,-1.246496,-0.430658
6.760000,-1.604194,0.561051,-2.312853,0.980389,2.040847,-1.409435,3.771140,-1.350349,-0.281485
6.780000,-1.583832,0.601591,-2.341088,1.055830,2.012801,-1.413573,3.773035,-1.454203,-0.132312
6.800000,-1.561960,0.641549,-2.369376,1.131310,1.982678,-1.414727,3.774930,-1.558057,0.016861
6.820000,-1.538579,0.680884,-2.397657,1.206828,1.950479,-1.412898,3.776825,-1.661910,0.166034
6.840000,-1.513687,0.719554,-2.425872,1.282383,1.916202,-1.408086,3.778721,-1.765764,0.315207
6.860000,-1.487284,0.757518,-2.453961,1.357976,1.879848,-1.400290,3.780616,-1.869618,0.464380
6.880000,-1.459368,0.794734,-2.481864,1.433608,1.841417,-1.389511,3.782511,-1.973471,0.613553
6.900000,-1.429939,0.831161,-2.509521,1.509277,1.800909,-1.375748,3.784407,-2.077325,0.762726
6.920000,-1.398996,0.866757,-2.536874,1.584984,1.758324,-1.359002,3.786302,-2.181178,0.911899
6.940000,-1.366539,0.901480,-2.563862,1.660729,1.713662,-1.339272,3.788197,-2.285032,1.061073
6.960000,-1.332567,0.935290,-2.590425,1.736512,1.666923,-1.316559,3.790092,-2.388886,1.210246
6.980000,-1.297079,0.968143,-2.616504,1.812333,1.618107,-1.290862,3.791988,-2.492739,1.359419
7.000000,-1.260074,1.000000,-2.642040,1.888191,1.567213,-1.262182,3.793883,-2.596593,1.508592
7.020000,-1.221561,1.030822,-2.666976,1.962550,1.514851,-1.231199,3.641956,-2.639619,1.589766
7.040000,-1.181592,1.060588,-2.691277,2.033870,1.461629,-1.198591,3.490029,-2.682645,1.670941
7.060000,-1.140227,1.089281,-2.714909,2.102151,1.407546,-1.164361,3.338101,-2.725672,1.752115
7.080000,-1.097526,1.116884,-2.737840,2.167394,1.352602,-1.128507,3.186174,-2.768698,1.833289
7.100000,-1.053551,1.143380,-2.760038,2.229598,1.296798,-1.091029,3.034247,-2.811724,1.914464
7.120000,-1.008362,1.168751,-2.781471,2.288764,1.240133,-1.051928,2.882320,-2.854751,1.995638
7.140000,-0.962021,1.192979,-2.802105,2.344891,1.182608,-1.011204,2.730392,-2.897777,2.076812
7.160000,-0.914587,1.216049,-2.821908,2.397979,1.124222,-0.968856,2.578465,-2.940803,2.157987
7.180000,-0.866122,1.237943,-2.840848,2.448029,1.064975,-0.924884,2.426538,-2.983830,2.239161
7.200000,-0.816686,1.258642,-2.858892,2.495041,1.004869,-0.879289,2.274611,-3.026856,2.320335
7.220000,-0.766340,1.278132,-2.876009,2.539014,0.943901,-0.832071,2.122683,-3.069882,2.401510
7.240000,-0.715146,1.296393,-2.892165,2.579948,0.882073,-0.783229,1.970756,-3.112909,2.482684
7.260000,-0.663163,1.313409,-2.907327,2.617844,0.819385,-0.732764,1.818829,-3.155935,2.563858
7.280000,-0.610452,1.329162,-2.921464,2.652701,0.755836,-0.680675,1.666902,-3.198961,2.645033
7.300000,-0.557075,1.343636,-2.934543,2.684520,0.691426,-0.626962,1.514974,-3.241988,2.726207
7.320000,-0.503092,1.356814,-2.946532,2.713300,0.626156,-0.571626,1.363047,-3.285014,2.807381
7.340000,-0.448563,1.368677,-2.957398,2.739042,0.560026,-0.514667,1.211120,-3.328040,2.888556
7.360000,-0.393550,1.379209,-2.967108,2.761745,0.493035,-0.456084,1.059193,-3.371066,2.969730
7.380000,-0.338114,1.388393,-2.975630,2.781410,0.425183,-0.395878,0.907265,-3.414093,3.050904
7.400000,-0.282314,1.396211,-2.982932,2.798036,0.356471,-0.334048,0.755338,-3.457119,3.132079
7.420000,-0.226213,1.402646,-2.988981,2.811623,0.286898,-0.270595,0.603411,-3.500145,3.213253
7.440000,-0.169870,1.407681,-2.993745,2.822172,0.216465,-0.205518,0.451484,-3.543172,3.294427
7.460000,-0.113346,1.411299,-2.997191,2.829682,0.145172,-0.138818,0.299556,-3.586198,3.375602
7.480000,-0.056702,1.413482,-2.999287,2.834154,0.073017,-0.070494,0.147629,-3.629224,3.456776
7.500000,-0.000000,1.414214,-3.000000,2.835588,0.000003,-0.000547,-0.004298,-3.672251,3.537950
7.520000,0.056701,1.413482,-2.999309,2.833993,-0.073012,0.069406,-0.155194,-3.629227,3.457301
7.540000,0.113340,1.411299,-2.997235,2.829380,-0.145166,0.137745,-0.306089,-3.586203,3.376651
7.560000,0.169856,1.407681,-2.993810,2.821749,-0.216460,0.204472,-0.456985,-3.543179,3.296001
7.580000,0.226189,1.402646,-2.989066,2.811100,-0.286894,0.269586,-0.607881,-3.500155,3.215352
7.600000,0.282280,1.396211,-2.983037,2.797434,-0.356466,0.333086,-0.758777,-3.457132,3.134702
7.620000,0.338067,1.388393,-2.975754,2.780749,-0.425179,0.394974,-0.909672,-3.414108,3.054053
7.640000,0.393490,1.379210,-2.967249,2.761047,-0.493031,0.455248,-1.060568,-3.371084,2.973403
7.660000,0.448488,1.368678,-2.957555,2.738327,-0.560022,0.513910,-1.211464,-3.328060,2.892753
7.680000,0.503003,1.356815,-2.946703,2.712588,-0.626153,0.570958,-1.362359,-3.285036,2.812104
7.700000,0.556972,1.343637,-2.934727,2.683832,-0.691424,0.626394,-1.513255,-3.242013,2.731454
7.720000,0.610336,1.329163,-2.921658,2.652058,-0.755834,0.680216,-1.664151,-3.198989,2.650805
7.740000,0.663034,1.313410,-2.907529,2.617266,-0.819383,0.732426,-1.815047,-3.155965,2.570155
7.760000,0.715006,1.296394,-2.892372,2.579456,-0.882072,0.783023,-1.965942,-3.112941,2.489505
7.780000,0.766192,1.278133,-2.876219,2.538629,-0.943901,0.832006,-2.116838,-3.069917,2.408856
7.800000,0.816531,1.258643,-2.859102,2.494783,-1.004869,0.879377,-2.267734,-3.026894,2.328206
7.820000,0.865963,1.237944,-2.841055,2.447919,-1.064977,0.925134,-2.418629,-2.983870,2.247556
7.840000,0.914428,1.216050,-2.822108,2.398038,-1.124224,0.969279,-2.569525,-2.940846,2.166907
7.860000,0.961865,1.192980,-2.802294,2.345138,-1.182610,1.011811,-2.720421,-2.897822,2.086257
7.880000,1.008213,1.168751,-2.781646,2.289221,-1.240137,1.052729,-2.871317,-2.854798,2.005608
7.900000,1.053413,1.143381,-2.760196,2.230286,-1.296802,1.092035,-3.022212,-2.811775,1.924958
7.920000,1.097405,1.116885,-2.737975,2.168332,-1.352608,1.129728,-3.173108,-2.768751,1.844308
7.940000,1.140127,1.089282,-2.715017,2.103361,-1.407552,1.165807,-3.324004,-2.725727,1.763659
7.960000,1.181519,1.060589,-2.691354,2.035372,-1.461637,1.200274,-3.474899,-2.682703,1.683009
7.980000,1.221521,1.030822,-2.667017,1.964365,-1.514861,1.233128,-3.625795,-2.639679,1.602360
8.000000,1.260074,1.000000,-2.642040,1.890340,-1.567224,1.264368,-3.776691,-2.596656,1.521710
8.020000,1.297125,0.968143,-2.616458,1.814795,-1.618118,1.293285,-3.777890,-2.492789,1.369913
8.040000,1.332665,0.935289,-2.590328,1.739225,-1.666936,1.319165,-3.779089,-2.388923,1.218116
8.060000,1.366694,0.901480,-2.563712,1.663631,-1.713675,1.342009,-3.780289,-2.285057,1.066320
8.080000,1.399210,0.866756,-2.536668,1.588013,-1.758338,1.361818,-3.781488,-2.181191,0.914523
8.100000,1.430214,0.831160,-2.509259,1.512371,-1.800923,1.378590,-3.782687,-2.077325,0.762726
8.120000,1.459705,0.794733,-2.481545,1.436706,-1.841431,1.392327,-3.783887,-1.973459,0.610930
8.140000,1.487682,0.757516,-2.453586,1.361016,-1.879861,1.403027,-3.785086,-1.869592,0.459133
8.160000,1.514145,0.719552,-2.425444,1.285302,-1.916215,1.410692,-3.786285,-1.765726,0.307336
8.180000,1.539094,0.680882,-2.397179,1.209565,-1.950490,1.415321,-3.787485,-1.661860,0.155540
8.200000,1.562528,0.641547,-2.368851,1.133803,-1.982689,1.416914,-3.788684,-1.557994,0.003743
8.220000,1.584446,0.601588,-2.340523,1.058017,-2.012810,1.415471,-3.789883,-1.454128,-0.148054
8.240000,1.604848,0.561048,-2.312253,0.982208,-2.040854,1.410992,-3.791083,-1.350262,-0.299851
8.260000,1.623734,0.519968,-2.284103,0.906374,-2.066821,1.403477,-3.792282,-1.246395,-0.451647
8.280000,1.641103,0.478389,-2.256134,0.830516,-2.090710,1.392926,-3.793481,-1.142529,-0.603444
8.300000,1.656955,0.436353,-2.228406,0.754635,-2.112522,1.379339,-3.794681,-1.038663,-0.755241
8.320000,1.671288,0.393902,-2.200981,0.678729,-2.132256,1.362716,-3.795880,-0.934797,-0.907037
8.340000,1.684104,0.351077,-2.173918,0.602799,-2.149914,1.343057,-3.797079,-0.830931,-1.058834
8.360000,1.695400,0.307919,-2.147279,0.526846,-2.165494,1.320363,-3.798279,-0.727065,-1.210631
8.380000,1.705177,0.264471,-2.121124,0.450868,-2.178996,1.294632,-3.799478,-0.623198,-1.362427
8.400000,1.713435,0.220773,-2.095514,0.374867,-2.190422,1.265866,-3.800677,-0.519332,-1.514224
8.420000,1.720172,0.176868,-2.070509,0.298841,-2.199769,1.234063,-3.801876,-0.415466,-1.666021
8.440000,1.725388,0.132796,-2.046171,0.222792,-2.207040,1.199225,-3.803076,-0.311600,-1.817818
8.460000,1.729083,0.088600,-2.022560,0.146718,-2.212233,1.161350,-3.804275,-0.207734,-1.969614
8.480000,1.731257,0.044321,-1.999738,0.070621,-2.215349,1.120440,-3.805474,-0.103867,-2.121411
8.500000,1.731908,-0.000000,-1.977763,-0.005501,-2.216388,1.076494,-3.806674,-0.000001,-2.273208
8.520000,1.731046,-0.044321,-1.956691,-0.080257,-2.215350,1.030501,-3.668934,0.103865,-2.326105
8.540000,1.728716,-0.088600,-1.936550,-0.152258,-2.212234,0.983450,-3.531194,0.207732,-2.379002
8.560000,1.724974,-0.132796,-1.917360,-0.221505,-2.207040,0.935341,-3.393455,0.311598,-2.431899
8.580000,1.719874,-0.176868,-1.899144,-0.287996,-2.199770,0.886174,-3.255715,0.415465,-2.484796
8.600000,1.713472,-0.220773,-1.881921,-0.351733,-2.190422,0.835949,-3.117976,0.519331,-2.537693
8.620000,1.705823,-0.264471,-1.865713,-0.412715,-2.178996,0.784666,-2.980236,0.623198,-2.590591
8.640000,1.696982,-0.307919,-1.850541,-0.470943,-2.165494,0.732325,-2.842496,0.727064,-2.643488
8.660000,1.687004,-0.351077,-1.836427,-0.526415,-2.149914,0.678927,-2.704757,0.830931,-2.696385
8.680000,1.675944,-0.393902,-1.823391,-0.579133,-2.132257,0.624470,-2.567017,0.934797,-2.749282
8.700000,1.663857,-0.436353,-1.811455,-0.629096,-2.112522,0.568955,-2.429277,1.038664,-2.802179
8.720000,1.650798,-0.478389,-1.800640,-0.676304,-2.090710,0.512383,-2.291538,1.142530,-2.855076
8.740000,1.636823,-0.519968,-1.790967,-0.720757,-2.066821,0.454752,-2.153798,1.246397,-2.907973
8.760000,1.621987,-0.561048,-1.782457,-0.762456,-2.040854,0.396064,-2.016058,1.350263,-2.960871
8.780000,1.606343,-0.601588,-1.775131,-0.801400,-2.012810,0.336317,-1.878319,1.454130,-3.013768
8.800000,1.589949,-0.641547,-1.769011,-0.837589,-1.982689,0.275513,-1.740579,1.557996,-3.066665
8.820000,1.572858,-0.680882,-1.764118,-0.871023,-1.950490,0.213651,-1.602840,1.661862,-3.119562
8.840000,1.555126,-0.719552,-1.760472,-0.901702,-1.916214,0.150731,-1.465100,1.765729,-3.172459
8.860000,1.536808,-0.757517,-1.758096,-0.929627,-1.879861,0.086753,-1.327360,1.869595,-3.225356
8.880000,1.517960,-0.794733,-1.757009,-0.954797,-1.841431,0.021716,-1.189621,1.973462,-3.278253
8.900000,1.498635,-0.831160,-1.757234,-0.977212,-1.800923,-0.044378,-1.051881,2.077328,-3.331151
8.920000,1.478890,-0.866756,-1.758791,-0.996872,-1.758338,-0.111530,-0.914141,2.181195,-3.384048
8.940000,1.458778,-0.901480,-1.761702,-1.013777,-1.713675,-0.179740,-0.776402,2.285061,-3.436945
8.960000,1.438357,-0.935289,-1.765988,-1.027928,-1.666935,-0.249007,-0.638662,2.388928,-3.489842
8.980000,1.417680,-0.968143,-1.771670,-1.039324,-1.618118,-0.319333,-0.500922,2.492794,-3.542739
9.000000,1.396802,-1.000000,-1.778768,-1.047965,-1.567223,-0.390717,-0.363183,2.596661,-3.595636
9.020000,1.375778,-1.030822,-1.787294,-1.054042,-1.514860,-0.461530,-0.244494,2.639684,-3.485655
9.040000,1.354656,-1.060589,-1.797215,-1.057745,-1.461636,-0.530143,-0.125804,2.682707,-3.375673
9.060000,1.333484,-1.089282,-1.808485,-1.059074,-1.407552,-0.596557,-0.007115,2.725729,-3.265691
9.080000,1.312309,-1.116885,-1.821062,-1.058029,-1.352607,-0.660771,0.111574,2.768752,-3.155709
9.100000,1.291179,-1.143381,-1.834902,-1.054611,-1.296801,-0.722785,0.230263,2.811775,-3.045728
9.120000,1.270141,-1.168751,-1.849959,-1.048819,-1.240136,-0.782600,0.348952,2.854798,-2.935746
9.140000,1.249242,-1.192980,-1.866191,-1.040653,-1.182610,-0.840215,0.467641,2.897821,-2.825764
9.160000,1.228530,-1.216050,-1.883553,-1.030113,-1.124223,-0.895630,0.586331,2.940844,-2.715783
9.180000,1.208053,-1.237943,-1.902002,-1.017200,-1.064976,-0.948846,0.705020,2.983867,-2.605801
9.200000,1.187858,-1.258643,-1.921492,-1.001912,-1.004868,-0.999863,0.823709,3.026889,-2.495819
9.220000,1.167993,-1.278132,-1.941981,-0.984251,-0.943900,-1.048679,0.942398,3.069912,-2.385838
9.240000,1.148504,-1.296394,-1.963425,-0.964216,-0.882072,-1.095296,1.061087,3.112935,-2.275856
9.260000,1.129440,-1.313410,-1.985779,-0.941808,-0.819383,-1.139713,1.179777,3.155958,-2.165874
9.280000,1.110848,-1.329163,-2.008999,-0.917025,-0.755833,-1.181931,1.298466,3.198981,-2.055892
9.300000,1.092775,-1.343637,-2.033041,-0.889869,-0.691424,-1.221949,1.417155,3.242004,-1.945911
9.320000,1.075269,-1.356814,-2.057862,-0.860339,-0.626153,-1.259767,1.535844,3.285027,-1.835929
9.340000,1.058377,-1.368678,-2.083417,-0.828435,-0.560023,-1.295386,1.654533,3.328049,-1.725947
9.360000,1.042147,-1.379209,-2.109663,-0.794158,-0.493031,-1.328805,1.773222,3.371072,-1.615966
9.380000,1.026626,-1.388393,-2.136555,-0.757506,-0.425180,-1.360025,1.891912,3.414095,-1.505984
9.400000,1.011863,-1.396211,-2.164049,-0.718481,-0.356468,-1.389045,2.010601,3.457118,-1.396002
9.420000,0.997903,-1.402646,-2.192102,-0.677082,-0.286895,-1.415865,2.129290,3.500141,-1.286021
9.440000,0.984795,-1.407681,-2.220669,-0.633310,-0.216462,-1.440485,2.247979,3.543164,-1.176039
9.460000,0.972586,-1.411299,-2.249707,-0.587163,-0.145168,-1.462906,2.366668,3.586187,-1.066057
9.480000,0.961324,-1.413482,-2.279171,-0.538643,-0.073014,-1.483128,2.485357,3.629210,-0.956075
9.500000,0.951057,-1.414214,-2.309017,-0.487749,0.000000,-1.501149,2.604047,3.672232,-0.846094
9.520000,0.941820,-1.413482,-2.339199,-0.435982,0.073014,-1.516484,2.572666,3.629210,-0.687354
9.540000,0.933613,-1.411299,-2.369655,-0.384842,0.145168,-1.528644,2.541286,3.586187,-0.528615
9.560000,0.926422,-1.407681,-2.400323,-0.334330,0.216462,-1.537629,2.509906,3.543164,-0.369876
9.580000,0.920236,-1.402646,-2.431139,-0.284446,0.286895,-1.543439,2.478525,3.500141,-0.211137
9.600000,0.915040,-1.396211,-2.462040,-0.235189,0.356468,-1.546074,2.447145,3.457118,-0.052397
9.620000,0.910824,-1.388393,-2.492961,-0.186560,0.425180,-1.545535,2.415764,3.414095,0.106342
9.640000,0.907574,-1.379209,-2.523840,-0.138559,0.493031,-1.541820,2.384384,3.371072,0.265081
9.660000,0.905277,-1.368678,-2.554613,-0.091185,0.560023,-1.534931,2.353004,3.328049,0.423821
9.680000,0.903922,-1.356814,-2.585216,-0.044439,0.626153,-1.524867,2.321623,3.285027,0.582560
9.700000,0.903496,-1.343637,-2.615586,0.001680,0.691424,-1.511629,2.290243,3.242004,0.741299
9.720000,0.903985,-1.329163,-2.645660,0.047171,0.755833,-1.495216,2.258863,3.198981,0.900039
9.740000,0.905378,-1.313410,-2.675374,0.092035,0.819383,-1.475627,2.227482,3.155958,1.058778
9.760000,0.907662,-1.296394,-2.704664,0.136270,0.882072,-1.452864,2.196102,3.112935,1.217517
9.780000,0.910825,-1.278132,-2.733467,0.179879,0.943900,-1.426927,2.164721,3.069912,1.376256
9.800000,0.914853,-1.258643,-2.761720,0.222859,1.004868,-1.397814,2.133341,3.026889,1.534996
9.820000,0.919735,-1.237943,-2.789358,0.265212,1.064976,-1.365527,2.101961,2.983866,1.693735
9.840000,0.925458,-1.216050,-2.816320,0.306938,1.124223,-1.330065,2.070580,2.940844,1.852474
9.860000,0.932008,-1.192980,-2.842540,0.348035,1.182610,-1.291428,2.039200,2.897821,2.011214
9.880000,0.939375,-1.168751,-2.867956,0.388506,1.240136,-1.249616,2.007819,2.854798,2.169953
9.900000,0.947544,-1.143380,-2.892503,0.428348,1.296801,-1.204630,1.976439,2.811775,2.328692
9.920000,0.956505,-1.116885,-2.916120,0.467563,1.352607,-1.156469,1.945059,2.768752,2.487431
9.940000,0.966243,-1.089282,-2.938741,0.506151,1.407552,-1.105132,1.913678,2.725729,2.646171
9.960000,0.976746,-1.060589,-2.960304,0.544110,1.461636,-1.050622,1.882298,2.682706,2.804910
9.980000,0.988003,-1.030822,-2.980745,0.581443,1.514860,-0.992936,1.850918,2.639684,2.963649
10.000000,1.000000,-1.000000,-3.000000,0.618147,1.567223,-0.932076,1.819537,2.596661,3.122389
10.020000,1.012717,-0.968143,-3.018014,0.653113,1.618118,-0.869246,1.677032,2.492794,3.160558
10.040000,1.026106,-0.935289,-3.034765,0.685228,1.666935,-0.805653,1.534526,2.388928,3.198726
10.060000,1.040107,-0.901480,-3.050236,0.714494,1.713675,-0.741297,1.392021,2.285061,3.236895
10.080000,1.054666,-0.866756,-3.064412,0.740909,1.758337,-0.676178,1.249516,2.181195,3.275064
10.100000,1.069725,-0.831160,-3.077278,0.764474,1.800923,-0.610295,1.107010,2.077328,3.313233
10.120000,1.085226,-0.794733,-3.088818,0.785190,1.841431,-0.543648,0.964505,1.973462,3.351402
10.140000,1.101113,-0.757517,-3.099018,0.803055,1.879861,-0.476239,0.821999,1.869596,3.389571
10.160000,1.117329,-0.719552,-3.107863,0.818070,1.916214,-0.408065,0.679494,1.765729,3.427740
10.180000,1.133817,-0.680882,-3.115336,0.830234,1.950490,-0.339129,0.536988,1.661863,3.465909
10.200000,1.150520,-0.641547,-3.121423,0.839549,1.982689,-0.269429,0.394483,1.557996,3.504077
10.220000,1.167380,-0.601588,-3.126108,0.846014,2.012810,-0.198966,0.251978,1.454130,3.542246
10.240000,1.184341,-0.561048,-3.129376,0.849628,2.040854,-0.127739,0.109472,1.350263,3.580415
10.260000,1.201346,-0.519968,-3.131212,0.850393,2.066821,-0.055749,-0.033033,1.246397,3.618584
10.280000,1.218338,-0.478389,-3.131601,0.848307,2.090710,0.017004,-0.175539,1.142530,3.656753
10.300000,1.235260,-0.436353,-3.130527,0.843371,2.112522,0.090521,-0.318044,1.038664,3.694922
10.320000,1.252054,-0.393902,-3.127975,0.835585,2.132257,0.164801,-0.460549,0.934798,3.733091
10.340000,1.268664,-0.351077,-3.123930,0.824949,2.149914,0.239844,-0.603055,0.830931,3.771260
10.360000,1.285033,-0.307919,-3.118376,0.811463,2.165494,0.315651,-0.745560,0.727065,3.809428
10.380000,1.301103,-0.264471,-3.111299,0.795127,2.178996,0.392222,-0.888066,0.623198,3.847597
10.400000,1.316819,-0.220773,-3.102682,0.775940,2.190422,0.469555,-1.030571,0.519332,3.885766
10.420000,1.332122,-0.176868,-3.092512,0.753904,2.199770,0.547652,-1.173076,0.415465,3.923935
10.440000,1.346956,-0.132796,-3.080771,0.729017,2.207040,0.626513,-1.315582,0.311599,3.962104
10.460000,1.361264,-0.088600,-3.067446,0.701281,2.212234,0.706136,-1.458087,0.207732,4.000273
10.480000,1.374988,-0.044321,-3.052521,0.670694,2.215350,0.786524,-1.600593,0.103866,4.038442
10.500000,1.388073,0.000000,-3.035980,0.637257,2.216388,0.867674,-1.743098,-0.000000,4.076611
10.520000,1.400463,0.044321,-3.017819,0.601512,2.215350,0.947971,-1.831429,-0.103867,3.953092
10.540000,1.412121,0.088600,-2.998078,0.564000,2.212234,1.025798,-1.919760,-0.207733,3.829574
10.560000,1.423011,0.132796,-2.976804,0.524721,2.207040,1.101154,-2.008091,-0.311599,3.706055
10.580000,1.433098,0.176868,-2.954048,0.483676,2.199770,1.174040,-2.096422,-0.415466,3.582537
10.600000,1.442347,0.220773,-2.929859,0.440864,2.190422,1.244456,-2.184753,-0.519332,3.459018
10.620000,1.450721,0.264471,-2.904286,0.396286,2.178996,1.312401,-2.273084,-0.623198,3.335500
10.640000,1.458186,0.307919,-2.877379,0.349941,2.165494,1.377876,-2.361415,-0.727065,3.211981
10.660000,1.464707,0.351077,-2.849188,0.301829,2.149914,1.440880,-2.449746,-0.830931,3.088463
10.680000,1.470248,0.393902,-2.819761,0.251951,2.132257,1.501414,-2.538077,-0.934798,2.964944
10.700000,1.474773,0.436353,-2.789148,0.200306,2.112522,1.559478,-2.626408,-1.038664,2.841426
10.720000,1.478248,0.478389,-2.757398,0.146895,2.090710,1.615071,-2.714739,-1.142530,2.717907
10.740000,1.480637,0.519968,-2.724561,0.091717,2.066821,1.668194,-2.803070,-1.246397,2.594389
10.760000,1.481905,0.561048,-2.690687,0.034772,2.040854,1.718847,-2.891401,-1.350263,2.470870
10.780000,1.482016,0.601588,-2.655824,-0.023939,2.012810,1.767029,-2.979732,-1.454129,2.347352
10.800000,1.480936,0.641547,-2.620022,-0.084417,1.982689,1.812741,-3.068063,-1.557996,2.223834
10.820000,1.478628,0.680882,-2.583331,-0.146662,1.950490,1.855982,-3.156394,-1.661862,2.100315
10.840000,1.475057,0.719552,-2.545799,-0.210673,1.916214,1.896753,-3.244725,-1.765728,1.976797
10.860000,1.470189,0.757517,-2.507477,-0.276451,1.879861,1.935054,-3.333056,-1.869595,1.853278
10.880000,1.463988,0.794733,-2.468413,-0.343995,1.841431,1.970884,-3.421387,-1.973461,1.729760
10.900000,1.456418,0.831160,-2.428658,-0.413306,1.800923,2.004244,-3.509718,-2.077327,1.606241
10.920000,1.447444,0.866756,-2.388260,-0.484384,1.758338,2.035134,-3.598049,-2.181194,1.482723
10.940000,1.437030,0.901480,-2.347269,-0.557228,1.713675,2.063553,-3.686380,-2.285060,1.359204
10.960000,1.425143,0.935289,-2.305735,-0.631839,1.666935,2.089502,-3.774711,-2.388926,1.235686
10.980000,1.411745,0.968143,-2.263706,-0.708217,1.618118,2.112981,-3.863042,-2.492793,1.112167
11.000000,1.396802,1.000000,-2.221232,-0.786361,1.567223,2.133989,-3.951373,-2.596659,0.988649
11.020000,1.380290,1.030822,-2.178364,-0.864639,1.514860,2.152223,-3.876411,-2.639682,0.834735
11.040000,1.362227,1.060589,-2.135163,-0.941417,1.461636,2.167378,-3.801449,-2.682705,0.680821
11.060000,1.342643,1.089282,-2.091690,-1.016697,1.407552,2.179456,-3.726488,-2.725728,0.526908
11.080000,1.321569,1.116885,-2.048006,-1.090477,1.352607,2.188455,-3.651526,-2.768752,0.372994
11.100000,1.299034,1.143381,-2.004172,-1.162758,1.296802,2.194375,-3.576565,-2.811775,0.219080
11.120000,1.275069,1.168751,-1.960251,-1.233539,1.240136,2.197218,-3.501603,-2.854798,0.065166
11.140000,1.249702,1.192980,-1.916304,-1.302822,1.182610,2.196982,-3.426641,-2.897821,-0.088747
11.160000,1.222966,1.216050,-1.872392,-1.370605,1.124223,2.193668,-3.351680,-2.940844,-0.242661
11.180000,1.194888,1.237943,-1.828578,-1.436889,1.064976,2.187276,-3.276718,-2.983867,-0.396575
11.200000,1.165500,1.258643,-1.784922,-1.501674,1.004869,2.177805,-3.201756,-3.026891,-0.550489
11.220000,1.134831,1.278132,-1.741486,-1.564959,0.943900,2.165256,-3.126795,-3.069914,-0.704402
11.240000,1.102912,1.296394,-1.698332,-1.626746,0.882072,2.149629,-3.051833,-3.112937,-0.858316
11.260000,1.069771,1.313410,-1.655522,-1.687033,0.819383,2.130923,-2.976871,-3.155960,-1.012230
11.280000,1.035440,1.329163,-1.613116,-1.745820,0.755834,2.109140,-2.901910,-3.198983,-1.166144
11.300000,0.999949,1.343637,-1.571176,-1.803109,0.691424,2.084278,-2.826948,-3.242006,-1.320058
11.320000,0.963326,1.356814,-1.529765,-1.858898,0.626153,2.056337,-2.751986,-3.285030,-1.473971
11.340000,0.925603,1.368678,-1.488943,-1.913188,0.560022,2.025319,-2.677025,-3.328053,-1.627885
11.360000,0.886808,1.379210,-1.448773,-1.965979,0.493031,1.991222,-2.602063,-3.371076,-1.781799
11.380000,0.846973,1.388393,-1.409315,-2.017271,0.425179,1.954047,-2.527102,-3.414099,-1.935713
11.400000,0.806128,1.396211,-1.370632,-2.067063,0.356467,1.913793,-2.452140,-3.457122,-2.089626
11.420000,0.764301,1.402646,-1.332784,-2.115357,0.286895,1.870462,-2.377178,-3.500145,-2.243540
11.440000,0.721523,1.407681,-1.295834,-2.162151,0.216461,1.824052,-2.302217,-3.543169,-2.397454
11.460000,0.677825,1.411299,-1.259842,-2.207445,0.145168,1.774564,-2.227255,-3.586192,-2.551368
11.480000,0.633236,1.413482,-1.224872,-2.251241,0.073014,1.721997,-2.152293,-3.629215,-2.705281
11.500000,0.587785,1.414214,-1.190983,-2.293537,-0.000001,1.666352,-2.077332,-3.672238,-2.859195
11.520000,0.541510,1.413482,-1.158229,-2.333388,-0.073015,1.608931,-1.907786,-3.629214,-2.882927
11.540000,0.494472,1.411299,-1.126629,-2.369848,-0.145169,1.551035,-1.738240,-3.586190,-2.906658
11.560000,0.446739,1.407681,-1.096191,-2.402918,-0.216463,1.492665,-1.568694,-3.543166,-2.930389
11.580000,0.398378,1.402646,-1.066925,-2.432596,-0.286896,1.433820,-1.399149,-3.500142,-2.954121
11.600000,0.349458,1.396211,-1.038842,-2.458884,-0.356469,1.374500,-1.229603,-3.457118,-2.977852
11.620000,0.300045,1.388393,-1.011949,-2.481780,-0.425181,1.314706,-1.060057,-3.414094,-3.001584
11.640000,0.250209,1.379209,-0.986256,-2.501286,-0.493032,1.254437,-0.890511,-3.371071,-3.025315
11.660000,0.200017,1.368677,-0.961774,-2.517401,-0.560024,1.193693,-0.720965,-3.328047,-3.049047
11.680000,0.149536,1.356814,-0.938512,-2.530125,-0.626154,1.132475,-0.551420,-3.285023,-3.072778
11.700000,0.098834,1.343637,-0.916479,-2.539458,-0.691424,1.070782,-0.381874,-3.241999,-3.096510
11.720000,0.047980,1.329163,-0.895684,-2.545400,-0.755834,1.008614,-0.212328,-3.198975,-3.120241
11.740000,-0.002959,1.313409,-0.876137,-2.547951,-0.819383,0.945972,-0.042782,-3.155951,-3.143973
11.760000,-0.053915,1.296393,-0.857848,-2.547111,-0.882072,0.882855,0.126764,-3.112927,-3.167704
11.780000,-0.104821,1.278132,-0.840826,-2.542880,-0.943901,0.819264,0.296309,-3.069903,-3.191436
11.800000,-0.155608,1.258643,-0.825081,-2.535259,-1.004868,0.755198,0.465855,-3.026879,-3.215167
11.820000,-0.206209,1.237943,-0.810621,-2.524246,-1.064976,0.690657,0.635401,-2.983855,-3.238899
11.840000,-0.256555,1.216050,-0.797458,-2.509842,-1.124223,0.625642,0.804947,-2.940831,-3.262630
11.860000,-0.306580,1.192980,-0.785599,-2.492048,-1.182609,0.560152,0.974492,-2.897807,-3.286361
11.880000,-0.356215,1.168751,-0.775055,-2.470863,-1.240135,0.494188,1.144038,-2.854783,-3.310093
11.900000,-0.405392,1.143380,-0.765834,-2.446287,-1.296800,0.427748,1.313584,-2.811759,-3.333824
11.920000,-0.454043,1.116885,-0.757948,-2.418319,-1.352605,0.360835,1.483130,-2.768736,-3.357556
11.940000,-0.502102,1.089282,-0.751404,-2.386961,-1.407550,0.293446,1.652676,-2.725712,-3.381287
11.960000,-0.549499,1.060589,-0.746213,-2.352212,-1.461634,0.225583,1.822221,-2.682688,-3.405019
11.980000,-0.596168,1.030822,-0.742384,-2.314073,-1.514857,0.157245,1.991767,-2.639664,-3.428750
12.000000,-0.642040,1.000000,-0.739926,-2.272542,-1.567220,0.088433,2.161313,-2.596640,-3.452482
12.020000,-0.687052,0.968143,-0.738840,-2.228414,-1.618114,0.020605,2.251488,-2.492777,-3.330302
12.040000,-0.731164,0.935289,-0.739086,-2.182482,-1.666931,-0.044779,2.341664,-2.388915,-3.208123
12.060000,-0.774339,0.901480,-0.740615,-2.134747,-1.713671,-0.107720,2.431839,-2.285052,-3.085944
12.080000,-0.816542,0.866756,-0.743378,-2.085209,-1.758333,-0.168217,2.522014,-2.181190,-2.963764
12.100000,-0.857736,0.831160,-0.747327,-2.033867,-1.800919,-0.226270,2.612190,-2.077327,-2.841585
12.120000,-0.897885,0.794733,-0.752413,-1.980721,-1.841427,-0.281880,2.702365,-1.973465,-2.719406
12.140000,-0.936952,0.757517,-0.758586,-1.925772,-1.879857,-0.335046,2.792541,-1.869602,-2.597226
12.160000,-0.974903,0.719553,-0.765799,-1.869019,-1.916211,-0.385769,2.882716,-1.765740,-2.475047
12.180000,-1.011701,0.680883,-0.774001,-1.810463,-1.950487,-0.434048,2.972891,-1.661877,-2.352868
12.200000,-1.047310,0.641547,-0.783144,-1.750104,-1.982686,-0.479884,3.063067,-1.558015,-2.230688
12.220000,-1.081693,0.601589,-0.793180,-1.687941,-2.012807,-0.523276,3.153242,-1.454152,-2.108509
12.240000,-1.114816,0.561049,-0.804059,-1.623974,-2.040852,-0.564224,3.243418,-1.350290,-1.986330
12.260000,-1.146640,0.519969,-0.815733,-1.558204,-2.066819,-0.602729,3.333593,-1.246427,-1.864150
12.280000,-1.177132,0.478390,-0.828152,-1.490630,-2.090709,-0.638790,3.423768,-1.142565,-1.741971
12.300000,-1.206253,0.436354,-0.841268,-1.421253,-2.112522,-0.672408,3.513944,-1.038702,-1.619792
12.320000,-1.233970,0.393903,-0.855032,-1.350073,-2.132257,-0.703582,3.604119,-0.934840,-1.497612
12.340000,-1.260244,0.351078,-0.869395,-1.277088,-2.149915,-0.732312,3.694294,-0.830977,-1.375433
12.360000,-1.285041,0.307920,-0.884308,-1.202301,-2.165496,-0.758599,3.784470,-0.727115,-1.253254
12.380000,-1.308324,0.264472,-0.899723,-1.125710,-2.179000,-0.782443,3.874645,-0.623252,-1.131074
12.400000,-1.330058,0.220774,-0.915589,-1.047315,-2.190426,-0.803842,3.964821,-0.519390,-1.008895
12.420000,-1.350205,0.176869,-0.931860,-0.967117,-2.199775,-0.822798,4.054996,-0.415527,-0.886716
12.440000,-1.368730,0.132797,-0.948485,-0.885115,-2.207047,-0.839311,4.145171,-0.311665,-0.764536
12.460000,-1.385598,0.088601,-0.965416,-0.801310,-2.212242,-0.853380,4.235347,-0.207802,-0.642357
12.480000,-1.400771,0.044321,-0.982604,-0.715701,-2.215359,-0.865005,4.325522,-0.103940,-0.520178
12.500000,-1.414214,-0.000000,-1.000000,-0.628289,-2.216400,-0.874187,4.415698,-0.000077,-0.397999
12.520000,-1.425902,-0.044321,-1.017555,-0.540778,-2.215362,-0.880910,4.335367,0.103804,-0.274271
12.540000,-1.435855,-0.088601,-1.035220,-0.454874,-2.212247,-0.885158,4.255037,0.207685,-0.150544
12.560000,-1.444107,-0.132797,-1.052945,-0.370577,-2.207055,-0.886931,4.174706,0.311566,-0.026816
12.580000,-1.450689,-0.176869,-1.070681,-0.287886,-2.199785,-0.886230,4.094376,0.415447,0.096911
12.600000,-1.455633,-0.220775,-1.088378,-0.206802,-2.190437,-0.883055,4.014045,0.519328,0.220639
12.620000,-1.458972,-0.264473,-1.105986,-0.127324,-2.179012,-0.877405,3.933715,0.623209,0.344366
12.640000,-1.460737,-0.307921,-1.123457,-0.049453,-2.165509,-0.869280,3.853384,0.727090,0.468094
12.660000,-1.460961,-0.351079,-1.140741,0.026811,-2.149928,-0.858681,3.773054,0.830971,0.591821
12.680000,-1.459675,-0.393905,-1.157788,0.101469,-2.132270,-0.845607,3.692723,0.934852,0.715549
12.700000,-1.456913,-0.436356,-1.174549,0.174520,-2.112534,-0.830059,3.612393,1.038733,0.839276
12.720000,-1.452705,-0.478392,-1.190974,0.245964,-2.090720,-0.812036,3.532062,1.142614,0.963004
12.740000,-1.447085,-0.519971,-1.207014,0.315802,-2.066829,-0.791539,3.451732,1.246495,1.086731
12.760000,-1.440084,-0.561051,-1.222619,0.384034,-2.040861,-0.768567,3.371401,1.350376,1.210459
12.780000,-1.431734,-0.601592,-1.237740,0.450658,-2.012814,-0.743121,3.291071,1.454257,1.334186
12.800000,-1.422068,-0.641550,-1.252327,0.515677,-1.982690,-0.715200,3.210740,1.558138,1.457914
12.820000,-1.411118,-0.680885,-1.266331,0.579088,-1.950489,-0.684804,3.130410,1.662020,1.581641
12.840000,-1.398915,-0.719556,-1.279703,0.640893,-1.916210,-0.651934,3.050079,1.765901,1.705369
12.860000,-1.385493,-0.757520,-1.292392,0.701091,-1.879853,-0.616589,2.969749,1.869782,1.829096
12.880000,-1.370883,-0.794736,-1.304350,0.759683,-1.841418,-0.578770,2.889418,1.973663,1.952824
12.900000,-1.355116,-0.831163,-1.315527,0.816668,-1.800906,-0.538476,2.809088,2.077544,2.076551
12.920000,-1.338227,-0.866758,-1.325873,0.872046,-1.758317,-0.495708,2.728757,2.181425,2.200279
12.940000,-1.320245,-0.901482,-1.335338,0.925818,-1.713649,-0.450465,2.648427,2.285306,2.324006
12.960000,-1.301204,-0.935291,-1.343875,0.977983,-1.666904,-0.402748,2.568096,2.389187,2.447734
12.980000,-1.281137,-0.968144,-1.351432,1.028542,-1.618082,-0.352556,2.487766,2.493068,2.571461
13.000000,-1.260074,-1.000000,-1.357960,1.077494,-1.567182,-0.299889,2.407435,2.596949,2.695189
13.020000,-1.238053,-1.030821,-1.363421,1.124036,-1.514813,-0.246177,2.246742,2.639917,2.676011
13.040000,-1.215134,-1.060587,-1.367810,1.167364,-1.461585,-0.192849,2.086050,2.682886,2.656834
13.060000,-1.191380,-1.089279,-1.371137,1.207478,-1.407498,-0.139904,1.925357,2.725854,2.637657
13.080000,-1.166856,-1.116881,-1.373409,1.244378,-1.352551,-0.087343,1.764665,2.768822,2.618479
13.100000,-1.141626,-1.143375,-1.374633,1.278064,-1.296745,-0.035165,1.603972,2.811790,2.599302
13.120000,-1.115755,-1.168745,-1.374818,1.308537,-1.240079,0.016629,1.443279,2.854759,2.580125
13.140000,-1.089306,-1.192973,-1.373971,1.335796,-1.182554,0.068040,1.282587,2.897727,2.560947
13.160000,-1.062344,-1.216041,-1.372099,1.359840,-1.124170,0.119067,1.121894,2.940695,2.541770
13.180000,-1.034934,-1.237934,-1.369211,1.380671,-1.064926,0.169711,0.961201,2.983663,2.522593
13.200000,-1.007139,-1.258633,-1.365313,1.398288,-1.004824,0.219971,0.800509,3.026632,2.503415
13.220000,-0.979024,-1.278121,-1.360414,1.412692,-0.943861,0.269847,0.639816,3.069600,2.484238
13.240000,-0.950653,-1.296382,-1.354522,1.423881,-0.882040,0.319340,0.479123,3.112568,2.465060
13.260000,-0.922090,-1.313397,-1.347643,1.431857,-0.819358,0.368450,0.318431,3.155537,2.445883
13.280000,-0.893400,-1.329150,-1.339786,1.436618,-0.755818,0.417176,0.157738,3.198505,2.426706
13.300000,-0.864647,-1.343624,-1.330959,1.438166,-0.691418,0.465518,-0.002954,3.241473,2.407528
13.320000,-0.835895,-1.356801,-1.321168,1.436500,-0.626159,0.513477,-0.163647,3.284441,2.388351
13.340000,-0.807208,-1.368665,-1.310422,1.431620,-0.560041,0.561052,-0.324340,3.327410,2.369174
13.360000,-0.778651,-1.379197,-1.298729,1.423527,-0.493063,0.608244,-0.485032,3.370378,2.349996
13.380000,-0.750288,-1.388381,-1.286095,1.412219,-0.425226,0.655052,-0.645725,3.413346,2.330819
13.400000,-0.722184,-1.396200,-1.272529,1.397698,-0.356529,0.701477,-0.806418,3.456314,2.311642
13.420000,-0.694402,-1.402637,-1.258038,1.379962,-0.286973,0.747518,-0.967110,3.499283,2.292464
13.440000,-0.667007,-1.407673,-1.242631,1.359013,-0.216558,0.793175,-1.127803,3.542251,2.273287
13.460000,-0.640063,-1.411293,-1.226314,1.334850,-0.145283,0.838449,-1.288496,3.585219,2.254110
13.480000,-0.613634,-1.413479,-1.209096,1.307473,-0.073149,0.883340,-1.449188,3.628187,2.234932
13.500000,-0.587785,-1.414214,-1.190983,1.276883,-0.000155,0.927847,-1.609881,3.671156,2.215755
13.520000,-0.562574,-1.413485,-1.171993,1.244007,0.072840,0.970692,-1.677707,3.628337,2.068772
13.540000,-0.538034,-1.411306,-1.152175,1.209774,0.144978,1.010597,-1.745534,3.585518,1.921789
13.560000,-0.514192,-1.407692,-1.131588,1.174185,0.216260,1.047563,-1.813361,3.542699,1.774806
13.580000,-0.491076,-1.402661,-1.110292,1.137240,0.286686,1.081590,-1.881187,3.499879,1.627823
13.600000,-0.468712,-1.396230,-1.088344,1.098938,0.356255,1.112676,-1.949014,3.457060,1.480840
13.620000,-0.447127,-1.388416,-1.065805,1.059279,0.424968,1.140823,-2.016840,3.414241,1.333857
13.640000,-0.426349,-1.379237,-1.042731,1.018264,0.492825,1.166030,-2.084667,3.371422,1.186873
13.660000,-0.406406,-1.368709,-1.019183,0.975893,0.559825,1.188298,-2.152494,3.328603,1.039890
13.680000,-0.387323,-1.356850,-0.995219,0.932165,0.625969,1.207626,-2.220320,3.285784,0.892907
13.700000,-0.369128,-1.343676,-0.970897,0.887080,0.691257,1.224014,-2.288147,3.242965,0.745924
13.720000,-0.351849,-1.329205,-0.946278,0.840639,0.755688,1.237463,-2.355973,3.200146,0.598941
13.740000,-0.335512,-1.313454,-0.921419,0.792841,0.819263,1.247972,-2.423800,3.157327,0.451958
13.760000,-0.320144,-1.296440,-0.896379,0.743687,0.881981,1.255541,-2.491627,3.114508,0.304975
13.780000,-0.305773,-1.278181,-0.871216,0.693176,0.943843,1.260171,-2.559453,3.071689,0.157992
13.800000,-0.292426,-1.258692,-0.845991,0.641309,1.004848,1.261861,-2.627280,3.028870,0.011009
13.820000,-0.280130,-1.237993,-0.820762,0.588085,1.064998,1.260611,-2.695106,2.986051,-0.135974
13.840000,-0.268912,-1.216098,-0.795586,0.533504,1.124290,1.256422,-2.762933,2.943232,-0.282957
13.860000,-0.258799,-1.193027,-0.770524,0.477567,1.182727,1.249293,-2.830759,2.900413,-0.429940
13.880000,-0.249818,-1.168795,-0.745634,0.420274,1.240307,1.239224,-2.898586,2.857593,-0.576924
13.900000,-0.241997,-1.143420,-0.720975,0.361624,1.297031,1.226216,-2.966413,2.814774,-0.723907
13.920000,-0.235362,-1.116919,-0.696605,0.301617,1.352898,1.210268,-3.034239,2.771955,-0.870890
13.940000,-0.229941,-1.089310,-0.672584,0.240254,1.407909,1.191381,-3.102066,2.729136,-1.017873
13.960000,-0.225761,-1.060609,-0.648970,0.177535,1.462063,1.169553,-3.169892,2.686317,-1.164856
13.980000,-0.222849,-1.030833,-0.625821,0.113459,1.515362,1.144786,-3.237719,2.643498,-1.311839
14.000000,-0.221232,-1.000000,-0.603198,0.048026,1.567803,1.117080,-3.305546,2.600679,-1.458822
14.020000,-0.220926,-0.968131,-0.581156,-0.017160,1.618771,1.086761,-3.213029,2.496052,-1.573038
14.040000,-0.221906,-0.935263,-0.559743,-0.080495,1.667645,1.054158,-3.120512,2.391425,-1.687255
14.060000,-0.224134,-0.901439,-0.539004,-0.141980,1.714428,1.019271,-3.027996,2.286798,-1.801471
14.080000,-0.227573,-0.866700,-0.518987,-0.201615,1.759117,0.982099,-2.935479,2.182171,-1.915687
14.100000,-0.232186,-0.831088,-0.499736,-0.259399,1.801714,0.942643,-2.842963,2.077544,-2.029904
14.120000,-0.237936,-0.794645,-0.481296,-0.315333,1.842219,0.900903,-2.750446,1.972917,-2.144120
14.140000,-0.244787,-0.757413,-0.463715,-0.369417,1.880631,0.856879,-2.657930,1.868290,-2.258336
14.160000,-0.252701,-0.719434,-0.447037,-0.421651,1.916951,0.810570,-2.565413,1.763663,-2.372553
14.180000,-0.261641,-0.680749,-0.431307,-0.472034,1.951178,0.761977,-2.472896,1.659036,-2.486769
14.200000,-0.271570,-0.641401,-0.416573,-0.520567,1.983312,0.711099,-2.380380,1.554408,-2.600985
14.220000,-0.282451,-0.601431,-0.402878,-0.567249,2.013354,0.657937,-2.287863,1.449781,-2.715202
14.240000,-0.294247,-0.560881,-0.390270,-0.612081,2.041303,0.602491,-2.195347,1.345154,-2.829418
14.260000,-0.306922,-0.519793,-0.378794,-0.655063,2.067160,0.544760,-2.102830,1.240527,-2.943634
14.280000,-0.320437,-0.478208,-0.368495,-0.696194,2.090924,0.484746,-2.010313,1.135900,-3.057851
14.300000,-0.334757,-0.436170,-0.359419,-0.735475,2.112596,0.422446,-1.917797,1.031273,-3.172067
14.320000,-0.349844,-0.393718,-0.351613,-0.772906,2.132175,0.357863,-1.825280,0.926646,-3.286283
14.340000,-0.365661,-0.350896,-0.345120,-0.808487,2.149662,0.290995,-1.732764,0.822019,-3.400500
14.360000,-0.382171,-0.307746,-0.339988,-0.842217,2.165056,0.221843,-1.640247,0.717392,-3.514716
14.380000,-0.399337,-0.264308,-0.336262,-0.874096,2.178358,0.150406,-1.547730,0.612765,-3.628932
14.400000,-0.417123,-0.220625,-0.333987,-0.904126,2.189567,0.076686,-1.455214,0.508138,-3.743149
14.420000,-0.435490,-0.176739,-0.333210,-0.932305,2.198683,0.000680,-1.362697,0.403511,-3.857365
14.440000,-0.454403,-0.132692,-0.333975,-0.958634,2.205707,-0.077609,-1.270181,0.298884,-3.971581
14.460000,-0.473823,-0.088525,-0.336329,-0.983112,2.210639,-0.158183,-1.177664,0.194257,-4.085798
14.480000,-0.493715,-0.044280,-0.340318,-1.005740,2.213477,-0.241041,-1.085148,0.089630,-4.200014
14.500000,-0.514040,0.000000,-0.345986,-1.026518,2.214224,-0.326183,-0.992631,-0.014997,-4.314230
14.520000,-0.534760,0.044275,-0.353369,-1.044918,2.212913,-0.412004,-0.847308,-0.116025,-4.267808
14.540000,-0.555818,0.088503,-0.362460,-1.060410,2.209583,-0.496896,-0.701984,-0.217053,-4.221386
14.560000,-0.577157,0.132645,-0.373239,-1.072997,2.204231,-0.580859,-0.556661,-0.318080,-4.174964
14.580000,-0.598718,0.176659,-0.385688,-1.082677,2.196859,-0.663894,-0.411338,-0.419108,-4.128542
14.600000,-0.620444,0.220505,-0.399789,-1.089450,2.187467,-0.746001,-0.266015,-0.520136,-4.082119
14.620000,-0.642277,0.264144,-0.415522,-1.093317,2.176054,-0.827179,-0.120691,-0.621164,-4.035697
14.640000,-0.664158,0.307534,-0.432870,-1.094278,2.162621,-0.907429,0.024632,-0.722191,-3.989275
14.660000,-0.686029,0.350635,-0.451813,-1.092332,2.147166,-0.986750,0.169955,-0.823219,-3.942853
14.680000,-0.707832,0.393407,-0.472333,-1.087480,2.129692,-1.065143,0.315279,-0.924247,-3.896431
14.700000,-0.729509,0.435810,-0.494412,-1.079721,2.110197,-1.142607,0.460602,-1.025274,-3.850009
14.720000,-0.751001,0.477802,-0.518031,-1.069056,2.088681,-1.219143,0.605925,-1.126302,-3.803586
14.740000,-0.772251,0.519343,-0.543172,-1.055484,2.065144,-1.294751,0.751248,-1.227330,-3.757164
14.760000,-0.793201,0.560394,-0.569815,-1.039006,2.039588,-1.369430,0.896572,-1.328357,-3.710742
14.780000,-0.813792,0.600913,-0.597943,-1.019621,2.012010,-1.443180,1.041895,-1.429385,-3.664320
14.800000,-0.833967,0.640861,-0.627536,-0.997330,1.982412,-1.516003,1.187218,-1.530413,-3.617898
14.820000,-0.853666,0.680196,-0.658577,-0.972132,1.950794,-1.587896,1.332542,-1.631440,-3.571476
14.840000,-0.872833,0.718879,-0.691046,-0.944028,1.917155,-1.658862,1.477865,-1.732468,-3.525053
14.860000,-0.891408,0.756869,-0.724925,-0.913018,1.881495,-1.728898,1.623188,-1.833496,-3.478631
14.880000,-0.909334,0.794126,-0.760196,-0.879101,1.843815,-1.798007,1.768511,-1.934524,-3.432209
14.900000,-0.926552,0.830608,-0.796839,-0.842277,1.804114,-1.866187,1.913835,-2.035551,-3.385787
14.920000,-0.943006,0.866277,-0.834837,-0.802547,1.762393,-1.933438,2.059158,-2.136579,-3.339365
14.940000,-0.958635,0.901090,-0.874171,-0.759911,1.718651,-1.999761,2.204481,-2.237607,-3.292943
14.960000,-0.973383,0.935009,-0.914821,-0.714368,1.672888,-2.065156,2.349805,-2.338634,-3.246520
14.980000,-0.987190,0.967993,-0.956771,-0.665919,1.625105,-2.129622,2.495128,-2.439662,-3.200098
15.000000,-1.000000,1.000000,-1.000000,-0.614563,1.575302,-2.193160,2.640451,-2.540690,-3.153676
15.020000,-1.011761,1.030994,-1.044482,-0.561503,1.523952,-2.254488,2.665573,-2.594307,-2.979174
15.040000,-1.022457,1.060951,-1.090156,-0.507940,1.471530,-2.312327,2.690695,-2.647924,-2.804673
15.060000,-1.032076,1.089848,-1.136952,-0.453875,1.418035,-2.366675,2.715817,-2.701541,-2.630171
15.080000,-1.040608,1.117665,-1.184800,-0.399307,1.363468,-2.417534,2.740939,-2.755158,-2.455670
15.100000,-1.048045,1.144380,-1.233630,-0.344237,1.307829,-2.464902,2.766061,-2.808775,-2.281168
15.120000,-1.054375,1.169971,-1.283373,-0.288665,1.251117,-2.508780,2.791182,-2.862393,-2.106667
15.140000,-1.059588,1.194417,-1.333958,-0.232590,1.193333,-2.549169,2.816304,-2.916010,-1.932165
15.160000,-1.063675,1.217697,-1.385316,-0.176013,1.134477,-2.586067,2.841426,-2.969627,-1.757664
15.180000,-1.066625,1.239789,-1.437378,-0.118933,1.074548,-2.619475,2.866548,-3.023244,-1.583162
15.200000,-1.068429,1.260672,-1.490072,-0.061351,1.013547,-2.649394,2.891670,-3.076861,-1.408660
15.220000,-1.069076,1.280324,-1.543330,-0.003266,0.951473,-2.675822,2.916792,-3.130478,-1.234159
15.240000,-1.068556,1.298724,-1.597082,0.055321,0.888328,-2.698760,2.941914,-3.184095,-1.059657
15.260000,-1.066860,1.315850,-1.651257,0.114410,0.824110,-2.718208,2.967036,-3.237713,-0.885156
15.280000,-1.063976,1.331681,-1.705787,0.174002,0.758819,-2.734166,2.992158,-3.291330,-0.710654
15.300000,-1.059896,1.346196,-1.760601,0.234097,0.692456,-2.746634,3.017279,-3.344947,-0.536153
15.320000,-1.054609,1.359372,-1.815629,0.294693,0.625021,-2.755612,3.042401,-3.398564,-0.361651
15.340000,-1.048105,1.371189,-1.870802,0.355793,0.556514,-2.761100,3.067523,-3.452181,-0.187150
15.360000,-1.040374,1.381626,-1.926050,0.417394,0.486934,-2.763098,3.092645,-3.505798,-0.012648
15.380000,-1.031406,1.390660,-1.981302,0.479498,0.416282,-2.761606,3.117767,-3.559415,0.161853
15.400000,-1.021191,1.398270,-2.036491,0.542105,0.344557,-2.756624,3.142889,-3.613033,0.336355
15.420000,-1.009718,1.404435,-2.091544,0.605214,0.271761,-2.748152,3.168011,-3.666650,0.510857
15.440000,-0.996979,1.409133,-2.146393,0.668825,0.197891,-2.736190,3.193133,-3.720267,0.685358
15.460000,-0.982962,1.412343,-2.200968,0.732939,0.122950,-2.720738,3.218254,-3.773884,0.859860
15.480000,-0.967658,1.414044,-2.255200,0.797556,0.046936,-2.701795,3.243376,-3.827501,1.034361
15.500000,-0.951057,1.414214,-2.309017,0.862674,-0.030150,-2.679363,3.268498,-3.881118,1.208863
15.520000,-0.933156,1.412840,-2.362356,0.926988,-0.106947,-2.654218,3.162827,-3.798557,1.305620
15.540000,-0.913991,1.409947,-2.415173,0.989187,-0.182092,-2.627138,3.057155,-3.715996,1.402377
15.560000,-0.893603,1.405567,-2.467429,1.049274,-0.255587,-2.598123,2.951483,-3.633435,1.499134
15.580000,-0.872034,1.399734,-2.519085,1.107247,-0.327430,-2.567173,2.845812,-3.550873,1.595891
15.600000,-0.849327,1.392481,-2.570103,1.163106,-0.397622,-2.534288,2.740140,-3.468312,1.692648
15.620000,-0.825524,1.383840,-2.620443,1.216852,-0.466162,-2.499467,2.634468,-3.385751,1.789405
15.640000,-0.800667,1.373845,-2.670068,1.268485,-0.533052,-2.462711,2.528797,-3.303190,1.886161
15.660000,-0.774799,1.362529,-2.718939,1.318004,-0.598290,-2.424021,2.423125,-3.220629,1.982918
15.680000,-0.747961,1.349925,-2.767016,1.365410,-0.661877,-2.383395,2.317453,-3.138067,2.079675
15.700000,-0.720196,1.336065,-2.814262,1.410702,-0.723813,-2.340834,2.211782,-3.055506,2.176432
15.720000,-0.691547,1.320983,-2.860637,1.453881,-0.784097,-2.296337,2.106110,-2.972945,2.273189
15.740000,-0.662055,1.304712,-2.906103,1.494947,-0.842730,-2.249906,2.000438,-2.890384,2.369946
15.760000,-0.631763,1.287285,-2.950620,1.533899,-0.899712,-2.201540,1.894767,-2.807823,2.466703
15.780000,-0.600713,1.268735,-2.994151,1.570737,-0.955043,-2.151238,1.789095,-2.725261,2.563460
15.800000,-0.568948,1.249094,-3.036657,1.605463,-1.008723,-2.099001,1.683423,-2.642700,2.660217
15.820000,-0.536509,1.228397,-3.078098,1.638074,-1.060751,-2.044829,1.577752,-2.560139,2.756974
15.840000,-0.503439,1.206675,-3.118437,1.668573,-1.111128,-1.988722,1.472080,-2.477578,2.853731
15.860000,-0.469780,1.183963,-3.157634,1.696957,-1.159854,-1.930680,1.366408,-2.395017,2.950488
15.880000,-0.435575,1.160292,-3.195651,1.723229,-1.206929,-1.870703,1.260737,-2.312455,3.047245
15.900000,-0.400865,1.135697,-3.232450,1.747387,-1.252353,-1.808790,1.155065,-2.229894,3.144002
15.920000,-0.365693,1.110209,-3.267990,1.769432,-1.296125,-1.744943,1.049393,-2.147333,3.240759
15.940000,-0.330102,1.083863,-3.302234,1.789363,-1.338246,-1.679160,0.943722,-2.064772,3.337516
15.960000,-0.294133,1.056690,-3.335144,1.807180,-1.378716,-1.611442,0.838050,-1.982211,3.434273
15.980000,-0.257829,1.028725,-3.366679,1.822885,-1.417534,-1.541789,0.732378,-1.899649,3.531030
16.000000,-0.221232,1.000000,-3.396802,1.836476,-1.454702,-1.470201,0.626707,-1.817088,3.627787
16.020000,-0.184391,0.970540,-3.425478,1.846907,-1.491480,-1.397279,0.416460,-1.860781,3.664419
16.040000,-0.147383,0.940335,-3.452689,1.853134,-1.529133,-1.323624,0.206214,-1.904473,3.701051
16.060000,-0.110294,0.909368,-3.478418,1.855156,-1.567659,-1.249237,-0.004033,-1.948166,3.737683
16.080000,-0.073205,0.877623,-3.502653,1.852973,-1.607060,-1.174117,-0.214279,-1.991859,3.774315
16.100000,-0.036203,0.845080,-3.525378,1.846585,-1.647334,-1.098264,-0.424526,-2.035551,3.810947
16.120000,0.000630,0.811724,-3.546579,1.835992,-1.688482,-1.021679,-0.634772,-2.079244,3.847579
16.140000,0.037209,0.777535,-3.566240,1.821194,-1.730503,-0.944361,-0.845019,-2.122936,3.884212
16.160000,0.073450,0.742498,-3.584348,1.802191,-1.773399,-0.866310,-1.055266,-2.166629,3.920844
16.180000,0.109269,0.706593,-3.600888,1.778983,-1.817169,-0.787527,-1.265512,-2.210322,3.957476
16.200000,0.144581,0.669805,-3.615845,1.751570,-1.861812,-0.708011,-1.475759,-2.254014,3.994108
16.220000,0.179303,0.632115,-3.629204,1.719953,-1.907329,-0.627763,-1.686005,-2.297707,4.030740
16.240000,0.213351,0.593506,-3.640950,1.684130,-1.953720,-0.546782,-1.896252,-2.341399,4.067372
16.260000,0.246640,0.553960,-3.651070,1.644103,-2.000985,-0.465068,-2.106498,-2.385092,4.104004
16.280000,0.279087,0.513461,-3.659548,1.599870,-2.049124,-0.382622,-2.316745,-2.428785,4.140637
16.300000,0.310607,0.471990,-3.666370,1.551433,-2.098137,-0.299443,-2.526991,-2.472477,4.177269
16.320000,0.341116,0.429530,-3.671521,1.498791,-2.148023,-0.215531,-2.737238,-2.516170,4.213901
16.340000,0.370531,0.386063,-3.674986,1.441943,-2.198783,-0.130887,-2.947484,-2.559863,4.250533
16.360000,0.398766,0.341572,-3.676751,1.380891,-2.250417,-0.045510,-3.157731,-2.603555,4.287165
16.380000,0.425738,0.296040,-3.676802,1.315634,-2.302926,0.040600,-3.367978,-2.647248,4.323797
16.400000,0.451364,0.249450,-3.675123,1.246172,-2.356307,0.127442,-3.578224,-2.690940,4.360429
16.420000,0.475557,0.201782,-3.671699,1.172505,-2.410563,0.215017,-3.788471,-2.734633,4.397062
16.440000,0.498236,0.153021,-3.666517,1.094633,-2.465693,0.303325,-3.998717,-2.778326,4.433694
16.460000,0.519315,0.103149,-3.659561,1.012556,-2.521696,0.392365,-4.208964,-2.822018,4.470326
16.480000,0.538710,0.052148,-3.650817,0.926275,-2.578573,0.482138,-4.419210,-2.865711,4.506958
16.500000,0.556338,-0.000000,-3.640271,0.835788,-2.636325,0.572643,-4.629457,-2.909403,4.543590
16.520000,0.572143,-0.053265,-3.627940,0.745565,-2.687967,0.658964,-4.392826,-2.254839,4.088480
16.540000,0.586192,-0.107431,-3.613973,0.660075,-2.726518,0.736183,-4.156196,-1.600275,3.633370
16.560000,0.598578,-0.162238,-3.598553,0.579317,-2.751978,0.804299,-3.919565,-0.945711,3.178260
16.580000,0.609396,-0.217423,-3.581862,0.503292,-2.764347,0.863313,-3.682935,-0.291147,2.723150
16.600000,0.618741,-0.272725,-3.564081,0.432000,-2.763624,0.913225,-3.446305,0.363418,2.268039
16.620000,0.626708,-0.327881,-3.545393,0.365440,-2.749810,0.954034,-3.209674,1.017982,1.812929
16.640000,0.633390,-0.382630,-3.525980,0.303613,-2.722905,0.985742,-2.973044,1.672546,1.357819
16.660000,0.638884,-0.436710,-3.506024,0.246518,-2.682908,1.008347,-2.736413,2.327110,0.902709
16.680000,0.643282,-0.489859,-3.485707,0.194156,-2.629820,1.021850,-2.499783,2.981674,0.447599
16.700000,0.646681,-0.541815,-3.465211,0.146527,-2.563641,1.026251,-2.263152,3.636239,-0.007511
16.720000,0.649175,-0.592317,-3.444718,0.103630,-2.484371,1.021550,-2.026522,4.290803,-0.462621
16.740000,0.650858,-0.641103,-3.424410,0.065466,-2.392009,1.007746,-1.789891,4.945367,-0.917732
16.760000,0.651825,-0.687910,-3.404469,0.032035,-2.286556,0.984841,-1.553261,5.599931,-1.372842
16.780000,0.652171,-0.732478,-3.385077,0.003336,-2.168012,0.952833,-1.316630,6.254495,-1.827952
16.800000,0.651990,-0.774544,-3.366416,-0.020630,-2.036376,0.911723,-1.080000,6.909060,-2.283062
16.820000,0.651377,-0.813846,-3.348669,-0.039864,-1.891649,0.861510,-0.843369,7.563624,-2.738172
16.840000,0.650427,-0.850122,-3.332016,-0.054365,-1.733831,0.802196,-0.606739,8.218188,-3.193282
16.860000,0.649234,-0.883112,-3.316641,-0.064134,-1.562922,0.733779,-0.370108,8.872752,-3.648392
16.880000,0.647893,-0.912552,-3.302726,-0.069170,-1.378921,0.656260,-0.133478,9.527316,-4.103503
16.900000,0.646499,-0.938181,-3.290452,-0.069473,-1.181829,0.569639,0.103152,10.181881,-4.558613
16.920000,0.645146,-0.959738,-3.280001,-0.065044,-0.971646,0.473915,0.339783,10.836445,-5.013723
16.940000,0.643929,-0.976960,-3.271556,-0.055882,-0.748371,0.369090,0.576413,11.491009,-5.468833
16.960000,0.642942,-0.989585,-3.265298,-0.041987,-0.512005,0.255162,0.813044,12.145573,-5.923943
16.980000,0.642281,-0.997353,-3.261410,-0.023360,-0.262548,0.132132,1.049674,12.800137,-6.379053
