0.000000,0.000000,0.000000,0.000000,0.000000,0.000000,0.000000,6.127407,-0.000000,-9.803847
0.020000,0.001211,-0.000000,-0.001938,0.120372,-0.000000,-0.192595,5.909762,-0.000000,-9.455616
0.040000,0.004786,-0.000000,-0.007657,0.236390,-0.000000,-0.378225,5.692118,-0.000000,-9.107386
0.060000,0.010638,-0.000000,-0.017020,0.348056,-0.000000,-0.556890,5.474474,-0.000000,-8.759155
0.080000,0.018679,-0.000000,-0.029887,0.455369,-0.000000,-0.728591,5.256829,-0.000000,-8.410924
0.100000,0.028823,-0.000000,-0.046117,0.558330,-0.000000,-0.893327,5.039185,-0.000000,-8.062693
0.120000,0.040983,-0.000000,-0.065573,0.656937,-0.000000,-1.051099,4.821540,-0.000000,-7.714462
0.140000,0.055072,-0.000000,-0.088115,0.751191,-0.000000,-1.201906,4.603896,-0.000000,-7.366231
0.160000,0.071002,-0.000000,-0.113603,0.841093,-0.000000,-1.345748,4.386252,-0.000000,-7.018001
0.180000,0.088686,-0.000000,-0.141898,0.926641,-0.000000,-1.482626,4.168607,-0.000000,-6.669770
0.200000,0.108039,-0.000000,-0.172862,1.007837,-0.000000,-1.612539,3.950963,-0.000000,-6.321539
0.220000,0.128971,-0.000000,-0.206353,1.084680,-0.000000,-1.735487,3.733318,-0.000000,-5.973308
0.240000,0.151397,-0.000000,-0.242235,1.157170,-0.000000,-1.851471,3.515674,-0.000000,-5.625077
0.260000,0.175229,-0.000000,-0.280366,1.225307,-0.000000,-1.960490,3.298029,-0.000000,-5.276846
0.280000,0.200380,-0.000000,-0.320608,1.289091,-0.000000,-2.062545,3.080385,-0.000000,-4.928616
0.300000,0.226763,-0.000000,-0.362821,1.348522,-0.000000,-2.157635,2.862741,-0.000000,-4.580385
0.320000,0.254292,-0.000000,-0.406867,1.403600,-0.000000,-2.245760,2.645096,-0.000000,-4.232154
0.340000,0.282878,-0.000000,-0.452605,1.454326,-0.000000,-2.326921,2.427452,0.000000,-3.883923
0.360000,0.312436,-0.000000,-0.499897,1.500699,-0.000000,-2.401117,2.209807,0.000000,-3.535692
0.380000,0.342877,-0.000000,-0.548603,1.542718,-0.000000,-2.468349,1.992163,0.000000,-3.187461
0.400000,0.374116,-0.000000,-0.598585,1.580385,-0.000000,-2.528616,1.774519,0.000000,-2.839231
0.420000,0.406064,-0.000000,-0.649702,1.613699,-0.000000,-2.581918,1.556874,0.000000,-2.491000
0.440000,0.438634,-0.000000,-0.701815,1.642660,-0.000000,-2.628256,1.339230,0.000000,-2.142769
0.460000,0.471741,-0.000000,-0.754785,1.667268,-0.000000,-2.667629,1.121585,0.000000,-1.794538
0.480000,0.505296,-0.000000,-0.808474,1.687523,-0.000000,-2.700037,0.903941,0.000000,-1.446307
0.500000,0.539213,-0.000000,-0.862740,1.703426,-0.000000,-2.725481,0.686297,0.000000,-1.098076
0.520000,0.573404,-0.000000,-0.917446,1.714975,-0.000000,-2.743960,0.468652,0.000000,-0.749846
0.540000,0.607783,-0.000000,-0.972452,1.722172,-0.000000,-2.755475,0.251008,0.000000,-0.401615
0.560000,0.642262,-0.000000,-1.027619,1.725016,-0.000000,-2.760025,0.033363,0.000000,-0.053384
0.580000,0.676755,-0.000000,-1.082807,1.723506,-0.000000,-2.757610,-0.184281,0.000000,0.294847
0.600000,0.711173,-0.000000,-1.137877,1.717644,-0.000000,-2.748231,-0.401925,0.000000,0.643078
0.620000,0.745431,-0.000000,-1.192690,1.707429,-0.000000,-2.731887,-0.619570,0.000000,0.991309
0.640000,0.779441,-0.000000,-1.247106,1.692862,-0.000000,-2.708578,-0.837214,0.000000,1.339539
0.660000,0.813117,-0.000000,-1.300986,1.673941,-0.000000,-2.678305,-1.054859,0.000000,1.687770
0.680000,0.846370,-0.000000,-1.354192,1.650667,0.000000,-2.641068,-1.272503,0.000000,2.036001
0.700000,0.879114,-0.000000,-1.406583,1.623041,0.000000,-2.596865,-1.490147,0.000000,2.384232
0.720000,0.911263,-0.000000,-1.458020,1.591061,0.000000,-2.545698,-1.707792,0.000000,2.732463
0.740000,0.942728,-0.000000,-1.508364,1.554729,0.000000,-2.487567,-1.925436,0.000000,3.080694
0.760000,0.973423,-0.000000,-1.557476,1.514044,0.000000,-2.422471,-2.143081,0.000000,3.428924
0.780000,1.003261,-0.000000,-1.605217,1.469006,0.000000,-2.350410,-2.360725,0.000000,3.777155
0.800000,1.032154,-0.000000,-1.651446,1.419615,0.000000,-2.271384,-2.578369,0.000000,4.125386
0.820000,1.060016,-0.000000,-1.696026,1.365871,0.000000,-2.185394,-2.796014,0.000000,4.473617
0.840000,1.086760,-0.000000,-1.738816,1.307774,0.000000,-2.092440,-3.013658,0.000000,4.821848
0.860000,1.112298,-0.000000,-1.779677,1.245325,0.000000,-1.992521,-3.231303,0.000000,5.170079
0.880000,1.136544,-0.000000,-1.818470,1.178522,0.000000,-1.885637,-3.448947,0.000000,5.518309
0.900000,1.159410,-0.000000,-1.855056,1.107367,0.000000,-1.771788,-3.666591,0.000000,5.866540
0.920000,1.180809,-0.000000,-1.889295,1.031859,0.000000,-1.650975,-3.884236,0.000000,6.214771
0.940000,1.200655,-0.000000,-1.921048,0.951997,0.000000,-1.523197,-4.101880,0.000000,6.563002
0.960000,1.218860,-0.000000,-1.950177,0.867783,0.000000,-1.388455,-4.319525,0.000000,6.911233
0.980000,1.235338,-0.000000,-1.976540,0.779216,0.000000,-1.246748,-4.537169,0.000000,7.259464
1.000000,1.250000,0.000000,-2.000000,0.686297,0.000000,-1.098076,-4.754814,0.000000,7.607694
1.020000,1.262791,0.000000,-2.020466,0.593612,0.000000,-0.949781,-4.513658,0.000000,7.221848
1.040000,1.273777,0.000000,-2.038043,0.505750,0.000000,-0.809202,-4.272503,0.000000,6.836001
1.060000,1.283053,0.000000,-2.052885,0.422712,0.000000,-0.676341,-4.031348,0.000000,6.450154
1.080000,1.290717,0.000000,-2.065148,0.344496,0.000000,-0.551196,-3.790193,0.000000,6.064308
1.100000,1.296865,0.000000,-2.074985,0.271104,0.000000,-0.433769,-3.549037,-0.000000,5.678461
1.120000,1.301594,0.000000,-2.082550,0.202535,0.000000,-0.324058,-3.307882,-0.000000,5.292614
1.140000,1.304999,0.000000,-2.087998,0.138789,0.000000,-0.222064,-3.066727,-0.000000,4.906768
1.160000,1.307177,0.000000,-2.091484,0.079866,0.000000,-0.127787,-2.825572,-0.000000,4.520921
1.180000,1.308226,0.000000,-2.093161,0.025766,0.000000,-0.041227,-2.584416,-0.000001,4.135074
1.200000,1.308240,0.000000,-2.093185,-0.023511,0.000000,0.037616,-2.343261,-0.000001,3.749228
1.220000,1.307317,0.000000,-2.091708,-0.067965,0.000000,0.108742,-2.102106,-0.000001,3.363381
1.240000,1.305554,0.000000,-2.088886,-0.107595,0.000000,0.172151,-1.860951,-0.000001,2.977535
1.260000,1.303046,0.000000,-2.084873,-0.142403,0.000000,0.227843,-1.619795,-0.000001,2.591688
1.280000,1.299890,0.000000,-2.079824,-0.172387,0.000000,0.275819,-1.378640,-0.000001,2.205841
1.300000,1.296182,0.000000,-2.073892,-0.197548,0.000000,0.316077,-1.137485,-0.000001,1.819995
1.320000,1.292020,0.000000,-2.067232,-0.217886,-0.000000,0.348618,-0.896330,-0.000001,1.434148
1.340000,1.287499,0.000000,-2.059999,-0.233401,-0.000000,0.373443,-0.655174,-0.000002,1.048301
1.360000,1.282716,0.000000,-2.052346,-0.244093,-0.000000,0.390550,-0.414019,-0.000002,0.662455
1.380000,1.277767,0.000000,-2.044428,-0.249962,-0.000000,0.399941,-0.172864,-0.000002,0.276608
1.400000,1.272750,0.000000,-2.036400,-0.251008,-0.000000,0.401615,0.068291,-0.000002,-0.109239
1.420000,1.267759,0.000000,-2.028415,-0.247230,-0.000000,0.395571,0.309447,-0.000002,-0.495085
1.440000,1.262893,0.000000,-2.020628,-0.238630,-0.000000,0.381811,0.550602,-0.000002,-0.880932
1.460000,1.258246,0.000000,-2.013194,-0.225206,-0.000000,0.360334,0.791757,-0.000002,-1.266779
1.480000,1.253917,0.000000,-2.006267,-0.206960,-0.000000,0.331140,1.032912,-0.000002,-1.652625
1.500000,1.250000,-0.000000,-2.000000,-0.183890,-0.000000,0.294229,1.274068,-0.000002,-2.038472
1.520000,1.246573,-0.000000,-1.994516,-0.159055,-0.000000,0.254494,1.209447,-0.000002,-1.935085
1.540000,1.243629,-0.000000,-1.989806,-0.135512,-0.000000,0.216826,1.144826,-0.000002,-1.831699
1.560000,1.241144,-0.000000,-1.985829,-0.113262,-0.000000,0.181226,1.080205,-0.000001,-1.728312
1.580000,1.239090,-0.000000,-1.982544,-0.092304,-0.000000,0.147693,1.015584,-0.000001,-1.624926
1.600000,1.237443,-0.000000,-1.979908,-0.072638,-0.000000,0.116229,0.950963,-0.000000,-1.521539
1.620000,1.236176,-0.000000,-1.977881,-0.054265,-0.000000,0.086832,0.886342,0.000000,-1.418152
1.640000,1.235264,-0.000000,-1.976421,-0.037185,-0.000000,0.059503,0.821721,0.000001,-1.314766
1.660000,1.234680,-0.000000,-1.975487,-0.021396,-0.000000,0.034241,0.757100,0.000001,-1.211379
1.680000,1.234399,-0.000000,-1.975037,-0.006901,-0.000000,0.011047,0.692479,0.000002,-1.107992
1.700000,1.234395,-0.000000,-1.975031,0.006303,-0.000000,-0.010079,0.627858,0.000002,-1.004606
1.720000,1.234643,-0.000000,-1.975427,0.018214,-0.000000,-0.029137,0.563237,0.000003,-0.901219
1.740000,1.235115,-0.000000,-1.976183,0.028832,-0.000000,-0.046127,0.498616,0.000003,-0.797832
1.760000,1.235787,-0.000000,-1.977258,0.038158,-0.000000,-0.061050,0.433995,0.000004,-0.694446
1.780000,1.236633,-0.000000,-1.978611,0.046192,-0.000000,-0.073905,0.369374,0.000004,-0.591059
1.800000,1.237626,-0.000000,-1.980200,0.052933,-0.000000,-0.084692,0.304753,0.000005,-0.487673
1.820000,1.238742,-0.000000,-1.981985,0.058382,0.000000,-0.093412,0.240132,0.000005,-0.384286
1.840000,1.239953,-0.000000,-1.983923,0.062538,0.000000,-0.100064,0.175511,0.000006,-0.280899
1.860000,1.241235,-0.000000,-1.985974,0.065403,0.000000,-0.104648,0.110890,0.000006,-0.177513
1.880000,1.242561,-0.000000,-1.988095,0.066974,0.000000,-0.107164,0.046269,0.000006,-0.074126
1.900000,1.243905,-0.000000,-1.990247,0.067253,0.000001,-0.107613,-0.018352,0.000007,0.029261
1.920000,1.245242,-0.000000,-1.992386,0.066240,0.000001,-0.105994,-0.082973,0.000007,0.132647
1.940000,1.246546,-0.000000,-1.994473,0.063934,0.000001,-0.102307,-0.147594,0.000008,0.236034
1.960000,1.247791,-0.000000,-1.996465,0.060336,0.000001,-0.096553,-0.212215,0.000008,0.339421
1.980000,1.248951,-0.000000,-1.998321,0.055446,0.000001,-0.088730,-0.276836,0.000009,0.442807
2.000000,1.250000,0.000000,-2.000000,0.049263,0.000001,-0.078840,-0.341457,0.000009,0.546194
2.020000,1.250918,0.000000,-2.001469,0.042607,0.000002,-0.068193,-0.324128,0.000008,0.518494
2.040000,1.251707,0.000000,-2.002731,0.036298,0.000002,-0.058101,-0.306800,0.000006,0.490794
2.060000,1.252372,0.000000,-2.003797,0.030335,0.000002,-0.048562,-0.289471,0.000004,0.463094
2.080000,1.252922,0.000000,-2.004678,0.024719,0.000002,-0.039577,-0.272142,0.000002,0.435394
2.100000,1.253363,0.000000,-2.005384,0.019449,0.000002,-0.031146,-0.254814,0.000000,0.407694
2.120000,1.253703,0.000000,-2.005927,0.014526,0.000002,-0.023269,-0.237485,-0.000001,0.379995
2.140000,1.253947,0.000000,-2.006318,0.009950,0.000002,-0.015946,-0.220156,-0.000003,0.352295
2.160000,1.254103,0.000000,-2.006569,0.005720,0.000002,-0.009177,-0.202827,-0.000005,0.324595
2.180000,1.254178,0.000000,-2.006689,0.001837,0.000002,-0.002962,-0.185499,-0.000007,0.296895
2.200000,1.254179,0.000000,-2.006691,-0.001700,0.000001,0.002699,-0.168170,-0.000008,0.269195
2.220000,1.254112,0.000000,-2.006585,-0.004890,0.000001,0.007805,-0.150841,-0.000010,0.241495
2.240000,1.253985,0.000000,-2.006382,-0.007734,0.000001,0.012358,-0.133513,-0.000012,0.213795
2.260000,1.253805,0.000000,-2.006094,-0.010231,0.000001,0.016357,-0.116184,-0.000014,0.186095
2.280000,1.253578,0.000000,-2.005732,-0.012381,0.000000,0.019802,-0.098855,-0.000015,0.158395
2.300000,1.253312,0.000000,-2.005306,-0.014185,0.000000,0.022693,-0.081527,-0.000017,0.130696
2.320000,1.253013,0.000000,-2.004828,-0.015642,-0.000000,0.025030,-0.064198,-0.000019,0.102996
2.340000,1.252689,0.000000,-2.004308,-0.016753,-0.000001,0.026813,-0.046869,-0.000021,0.075296
2.360000,1.252346,0.000000,-2.003759,-0.017517,-0.000001,0.028042,-0.029541,-0.000022,0.047596
2.380000,1.251991,0.000000,-2.003190,-0.017934,-0.000001,0.028717,-0.012212,-0.000024,0.019896
2.400000,1.251631,0.000000,-2.002614,-0.018005,-0.000002,0.028838,0.005117,-0.000026,-0.007804
2.420000,1.251273,0.000000,-2.002041,-0.017730,-0.000003,0.028405,0.022446,-0.000028,-0.035504
2.440000,1.250924,0.000000,-2.001481,-0.017107,-0.000003,0.027417,0.039774,-0.000029,-0.063204
2.460000,1.250591,0.000000,-2.000948,-0.016139,-0.000004,0.025876,0.057103,-0.000031,-0.090904
2.480000,1.250280,0.000000,-2.000450,-0.014823,-0.000004,0.023781,0.074432,-0.000033,-0.118603
2.500000,1.250000,0.000000,-2.000000,-0.013161,-0.000005,0.021132,0.091760,-0.000035,-0.146303
2.520000,1.249755,-0.000000,-1.999606,-0.011373,-0.000006,0.018280,0.087066,-0.000028,-0.138890
2.540000,1.249544,-0.000000,-1.999268,-0.009679,-0.000006,0.015577,0.082373,-0.000021,-0.131478
2.560000,1.249367,-0.000000,-1.998982,-0.008078,-0.000006,0.013021,0.077679,-0.000015,-0.124065
2.580000,1.249221,-0.000000,-1.998746,-0.006572,-0.000007,0.010614,0.072985,-0.000008,-0.116652
2.600000,1.249104,-0.000001,-1.998557,-0.005159,-0.000007,0.008355,0.068291,-0.000002,-0.109239
2.620000,1.249014,-0.000001,-1.998411,-0.003840,-0.000007,0.006245,0.063598,0.000005,-0.101826
2.640000,1.248949,-0.000001,-1.998306,-0.002615,-0.000007,0.004282,0.058904,0.000011,-0.094413
2.660000,1.248908,-0.000001,-1.998238,-0.001484,-0.000006,0.002468,0.054210,0.000018,-0.087000
2.680000,1.248889,-0.000001,-1.998206,-0.000446,-0.000006,0.000802,0.049516,0.000024,-0.079587
2.700000,1.248890,-0.000001,-1.998205,0.000497,-0.000005,-0.000715,0.044823,0.000031,-0.072174
2.720000,1.248909,-0.000001,-1.998234,0.001346,-0.000005,-0.002085,0.040129,0.000037,-0.064761
2.740000,1.248943,-0.000001,-1.998288,0.002102,-0.000004,-0.003306,0.035435,0.000044,-0.057348
2.760000,1.248992,-0.000002,-1.998365,0.002764,-0.000003,-0.004379,0.030741,0.000051,-0.049935
2.780000,1.249053,-0.000002,-1.998462,0.003332,-0.000002,-0.005303,0.026047,0.000057,-0.042523
2.800000,1.249125,-0.000002,-1.998576,0.003806,-0.000001,-0.006080,0.021354,0.000064,-0.035110
2.820000,1.249205,-0.000002,-1.998704,0.004186,0.000001,-0.006708,0.016660,0.000070,-0.027697
2.840000,1.249292,-0.000002,-1.998843,0.004472,0.000002,-0.007188,0.011966,0.000077,-0.020284
2.860000,1.249383,-0.000001,-1.998991,0.004664,0.000004,-0.007519,0.007272,0.000083,-0.012871
2.880000,1.249477,-0.000001,-1.999143,0.004763,0.000006,-0.007702,0.002579,0.000090,-0.005458
2.900000,1.249573,-0.000001,-1.999298,0.004768,0.000007,-0.007737,-0.002115,0.000096,0.001955
2.920000,1.249668,-0.000001,-1.999452,0.004678,0.000009,-0.007624,-0.006809,0.000103,0.009368
2.940000,1.249759,-0.000001,-1.999602,0.004495,0.000011,-0.007363,-0.011503,0.000109,0.016781
2.960000,1.249847,-0.000001,-1.999745,0.004218,0.000014,-0.006953,-0.016197,0.000116,0.024194
2.980000,1.249928,-0.000000,-1.999879,0.003847,0.000016,-0.006395,-0.020890,0.000123,0.031607
3.000000,1.250000,0.000000,-2.000000,0.003383,0.000019,-0.005689,-0.025584,0.000129,0.039020
3.020000,1.250063,0.000000,-2.000106,0.002885,0.000021,-0.004928,-0.024138,0.000105,0.037068
3.040000,1.250116,0.000001,-2.000197,0.002417,0.000023,-0.004206,-0.022691,0.000080,0.035116
3.060000,1.250160,0.000001,-2.000275,0.001978,0.000024,-0.003523,-0.021245,0.000056,0.033164
3.080000,1.250195,0.000002,-2.000339,0.001567,0.000025,-0.002879,-0.019798,0.000031,0.031212
3.100000,1.250222,0.000002,-2.000390,0.001186,0.000025,-0.002275,-0.018352,0.000007,0.029261
3.120000,1.250243,0.000003,-2.000430,0.000833,0.000025,-0.001709,-0.016906,-0.000018,0.027309
3.140000,1.250256,0.000003,-2.000459,0.000510,0.000025,-0.001182,-0.015459,-0.000042,0.025357
3.160000,1.250263,0.000004,-2.000477,0.000215,0.000024,-0.000695,-0.014013,-0.000066,0.023405
3.180000,1.250265,0.000004,-2.000487,-0.000051,0.000022,-0.000246,-0.012566,-0.000091,0.021454
3.200000,1.250261,0.000005,-2.000487,-0.000288,0.000020,0.000163,-0.011120,-0.000115,0.019502
3.220000,1.250253,0.000005,-2.000480,-0.000496,0.000017,0.000534,-0.009674,-0.000140,0.017550
3.240000,1.250242,0.000005,-2.000466,-0.000675,0.000014,0.000865,-0.008227,-0.000164,0.015598
3.260000,1.250227,0.000006,-2.000446,-0.000825,0.000011,0.001158,-0.006781,-0.000189,0.013646
3.280000,1.250209,0.000006,-2.000420,-0.000946,0.000007,0.001411,-0.005334,-0.000213,0.011695
3.300000,1.250189,0.000006,-2.000390,-0.001038,0.000002,0.001626,-0.003888,-0.000238,0.009743
3.320000,1.250168,0.000006,-2.000356,-0.001101,-0.000003,0.001801,-0.002442,-0.000262,0.007791
3.340000,1.250145,0.000006,-2.000318,-0.001136,-0.000008,0.001937,-0.000995,-0.000286,0.005839
3.360000,1.250122,0.000006,-2.000278,-0.001141,-0.000014,0.002035,0.000451,-0.000311,0.003887
3.380000,1.250100,0.000005,-2.000237,-0.001118,-0.000021,0.002093,0.001898,-0.000335,0.001936
3.400000,1.250078,0.000005,-2.000195,-0.001065,-0.000027,0.002112,0.003344,-0.000360,-0.000016
3.420000,1.250057,0.000004,-2.000153,-0.000984,-0.000035,0.002092,0.004790,-0.000384,-0.001968
3.440000,1.250039,0.000003,-2.000111,-0.000874,-0.000043,0.002033,0.006237,-0.000409,-0.003920
3.460000,1.250022,0.000002,-2.000072,-0.000735,-0.000051,0.001935,0.007683,-0.000433,-0.005871
3.480000,1.250009,0.000001,-2.000034,-0.000566,-0.000060,0.001798,0.009130,-0.000457,-0.007823
3.500000,1.250000,0.000000,-2.000000,-0.000369,-0.000070,0.001622,0.010576,-0.000482,-0.009775
3.520000,1.249995,-0.000001,-1.999969,-0.000169,-0.000078,0.001431,0.009484,-0.000391,-0.009381
3.540000,1.249993,-0.000003,-1.999943,0.000010,-0.000085,0.001247,0.008392,-0.000299,-0.008987
3.560000,1.249995,-0.000005,-1.999920,0.000167,-0.000090,0.001071,0.007301,-0.000208,-0.008592
3.580000,1.250000,-0.000007,-1.999900,0.000302,-0.000094,0.000904,0.006209,-0.000117,-0.008198
3.600000,1.250007,-0.000009,-1.999883,0.000415,-0.000095,0.000744,0.005117,-0.000026,-0.007804
3.620000,1.250016,-0.000011,-1.999870,0.000507,-0.000095,0.000591,0.004025,0.000065,-0.007410
3.640000,1.250027,-0.000012,-1.999860,0.000576,-0.000092,0.000447,0.002933,0.000157,-0.007015
3.660000,1.250039,-0.000014,-1.999852,0.000624,-0.000088,0.000311,0.001841,0.000248,-0.006621
3.680000,1.250052,-0.000016,-1.999847,0.000650,-0.000082,0.000182,0.000749,0.000339,-0.006227
3.700000,1.250065,-0.000017,-1.999845,0.000654,-0.000075,0.000062,-0.000342,0.000430,-0.005833
3.720000,1.250078,-0.000019,-1.999845,0.000636,-0.000065,-0.000051,-0.001434,0.000521,-0.005439
3.740000,1.250090,-0.000020,-1.999847,0.000597,-0.000054,-0.000156,-0.002526,0.000613,-0.005044
3.760000,1.250102,-0.000021,-1.999851,0.000535,-0.000041,-0.000253,-0.003618,0.000704,-0.004650
3.780000,1.250111,-0.000022,-1.999857,0.000452,-0.000026,-0.000342,-0.004710,0.000795,-0.004256
3.800000,1.250119,-0.000022,-1.999864,0.000347,-0.000009,-0.000423,-0.005802,0.000886,-0.003862
3.820000,1.250125,-0.000022,-1.999874,0.000220,0.000010,-0.000496,-0.006894,0.000978,-0.003468
3.840000,1.250128,-0.000022,-1.999884,0.000071,0.000030,-0.000562,-0.007986,0.001069,-0.003073
3.860000,1.250128,-0.000021,-1.999896,-0.000100,0.000052,-0.000619,-0.009077,0.001160,-0.002679
3.880000,1.250124,-0.000020,-1.999909,-0.000292,0.000077,-0.000669,-0.010169,0.001251,-0.002285
3.900000,1.250116,-0.000018,-1.999923,-0.000506,0.000103,-0.000711,-0.011261,0.001342,-0.001891
3.920000,1.250104,-0.000015,-1.999937,-0.000742,0.000130,-0.000745,-0.012353,0.001434,-0.001496
3.940000,1.250086,-0.000013,-1.999952,-0.001000,0.000160,-0.000771,-0.013445,0.001525,-0.001102
3.960000,1.250063,-0.000009,-1.999968,-0.001280,0.000191,-0.000789,-0.014537,0.001616,-0.000708
3.980000,1.250035,-0.000005,-1.999984,-0.001582,0.000225,-0.000799,-0.015629,0.001707,-0.000314
4.000000,1.250000,-0.000000,-2.000000,-0.001905,0.000260,-0.000801,-0.016720,0.001799,0.000080
4.020000,1.249959,0.000006,-2.000016,-0.002211,0.000292,-0.000796,-0.013799,0.001458,0.000455
4.040000,1.249912,0.000012,-2.000032,-0.002457,0.000318,-0.000783,-0.010878,0.001118,0.000830
4.060000,1.249861,0.000018,-2.000047,-0.002646,0.000337,-0.000763,-0.007957,0.000777,0.001205
4.080000,1.249807,0.000025,-2.000062,-0.002776,0.000349,-0.000735,-0.005036,0.000437,0.001580
4.100000,1.249750,0.000032,-2.000077,-0.002847,0.000354,-0.000699,-0.002115,0.000096,0.001955
4.120000,1.249693,0.000039,-2.000090,-0.002860,0.000353,-0.000657,0.000806,-0.000244,0.002330
4.140000,1.249636,0.000046,-2.000103,-0.002815,0.000345,-0.000606,0.003727,-0.000584,0.002705
4.160000,1.249581,0.000053,-2.000114,-0.002711,0.000329,-0.000548,0.006648,-0.000925,0.003080
4.180000,1.249528,0.000059,-2.000125,-0.002549,0.000308,-0.000483,0.009569,-0.001265,0.003455
4.200000,1.249479,0.000065,-2.000134,-0.002328,0.000279,-0.000410,0.012490,-0.001606,0.003830
4.220000,1.249435,0.000070,-2.000141,-0.002049,0.000243,-0.000330,0.015411,-0.001946,0.004205
4.240000,1.249398,0.000075,-2.000147,-0.001712,0.000201,-0.000242,0.018332,-0.002287,0.004579
4.260000,1.249367,0.000078,-2.000151,-0.001316,0.000152,-0.000147,0.021253,-0.002627,0.004954
4.280000,1.249345,0.000081,-2.000153,-0.000862,0.000096,-0.000044,0.024174,-0.002968,0.005329
4.300000,1.249333,0.000082,-2.000152,-0.000349,0.000033,0.000067,0.027095,-0.003308,0.005704
4.320000,1.249332,0.000082,-2.000150,0.000222,-0.000036,0.000184,0.030016,-0.003648,0.006079
4.340000,1.249342,0.000081,-2.000145,0.000851,-0.000113,0.000310,0.032937,-0.003989,0.006454
4.360000,1.249366,0.000078,-2.000137,0.001539,-0.000196,0.000443,0.035858,-0.004329,0.006829
4.380000,1.249404,0.000073,-2.000127,0.002286,-0.000286,0.000583,0.038779,-0.004670,0.007204
4.400000,1.249458,0.000066,-2.000114,0.003091,-0.000383,0.000731,0.041700,-0.005010,0.007579
4.420000,1.249528,0.000057,-2.000098,0.003954,-0.000486,0.000886,0.044621,-0.005351,0.007954
4.440000,1.249617,0.000047,-2.000079,0.004875,-0.000597,0.001049,0.047542,-0.005691,0.008329
4.460000,1.249724,0.000034,-2.000056,0.005856,-0.000714,0.001219,0.050464,-0.006032,0.008704
4.480000,1.249851,0.000018,-2.000030,0.006894,-0.000838,0.001397,0.053385,-0.006372,0.009079
4.500000,1.250000,0.000000,-2.000000,0.007991,-0.000969,0.001582,0.056306,-0.006712,0.009454
4.520000,1.250170,-0.000021,-1.999967,0.009011,-0.001090,0.001752,0.045713,-0.005442,0.007560
4.540000,1.250359,-0.000043,-1.999930,0.009819,-0.001187,0.001885,0.035121,-0.004171,0.005666
4.560000,1.250562,-0.000068,-1.999891,0.010416,-0.001257,0.001979,0.024529,-0.002901,0.003772
4.580000,1.250774,-0.000094,-1.999851,0.010801,-0.001303,0.002036,0.013936,-0.001630,0.001878
4.600000,1.250992,-0.000120,-1.999810,0.010973,-0.001322,0.002054,0.003344,-0.000360,-0.000016
4.620000,1.251212,-0.000146,-1.999769,0.010934,-0.001317,0.002035,-0.007248,0.000911,-0.001910
4.640000,1.251428,-0.000172,-1.999729,0.010683,-0.001286,0.001978,-0.017841,0.002181,-0.003804
4.660000,1.251638,-0.000198,-1.999690,0.010221,-0.001230,0.001883,-0.028433,0.003452,-0.005698
4.680000,1.251836,-0.000221,-1.999654,0.009546,-0.001148,0.001750,-0.039025,0.004722,-0.007592
4.700000,1.252018,-0.000243,-1.999621,0.008660,-0.001041,0.001579,-0.049617,0.005993,-0.009486
4.720000,1.252181,-0.000263,-1.999591,0.007561,-0.000908,0.001370,-0.060210,0.007263,-0.011380
4.740000,1.252319,-0.000279,-1.999566,0.006251,-0.000750,0.001124,-0.070802,0.008534,-0.013274
4.760000,1.252429,-0.000293,-1.999546,0.004729,-0.000567,0.000839,-0.081394,0.009805,-0.015167
4.780000,1.252507,-0.000302,-1.999533,0.002996,-0.000358,0.000517,-0.091987,0.011075,-0.017061
4.800000,1.252548,-0.000307,-1.999526,0.001050,-0.000124,0.000157,-0.102579,0.012346,-0.018955
4.820000,1.252548,-0.000307,-1.999527,-0.001108,0.000136,-0.000241,-0.113171,0.013616,-0.020849
4.840000,1.252502,-0.000301,-1.999536,-0.003477,0.000421,-0.000677,-0.123764,0.014887,-0.022743
4.860000,1.252407,-0.000290,-1.999554,-0.006058,0.000731,-0.001151,-0.134356,0.016157,-0.024637
4.880000,1.252258,-0.000272,-1.999582,-0.008851,0.001067,-0.001662,-0.144948,0.017428,-0.026531
4.900000,1.252052,-0.000247,-1.999621,-0.011856,0.001428,-0.002212,-0.155540,0.018698,-0.028425
4.920000,1.251783,-0.000215,-1.999671,-0.015073,0.001815,-0.002799,-0.166133,0.019969,-0.030319
4.940000,1.251447,-0.000174,-1.999733,-0.018501,0.002227,-0.003425,-0.176725,0.021239,-0.032213
4.960000,1.251041,-0.000125,-1.999808,-0.022142,0.002665,-0.004088,-0.187317,0.022510,-0.034107
4.980000,1.250560,-0.000067,-1.999897,-0.025994,0.003127,-0.004789,-0.197910,0.023780,-0.036001
5.000000,1.250000,-0.000000,-2.000000,-0.030058,0.003616,-0.005528,-0.208502,0.025051,-0.037895
5.020000,1.249360,0.000077,-2.000118,-0.033834,0.004069,-0.006214,-0.169054,0.020309,-0.030694
5.040000,1.248652,0.000162,-2.000248,-0.036820,0.004428,-0.006756,-0.129606,0.015568,-0.023493
5.060000,1.247892,0.000254,-2.000387,-0.039018,0.004692,-0.007154,-0.090157,0.010826,-0.016292
5.080000,1.247096,0.000349,-2.000533,-0.040427,0.004861,-0.007407,-0.050709,0.006084,-0.009091
5.100000,1.246280,0.000447,-2.000682,-0.041046,0.004935,-0.007517,-0.011261,0.001342,-0.001891
5.120000,1.245460,0.000546,-2.000833,-0.040877,0.004915,-0.007483,0.028187,-0.003399,0.005310
5.140000,1.244651,0.000643,-2.000981,-0.039919,0.004800,-0.007305,0.067635,-0.008141,0.012511
5.160000,1.243868,0.000737,-2.001124,-0.038172,0.004589,-0.006983,0.107083,-0.012883,0.019712
5.180000,1.243129,0.000826,-2.001259,-0.035636,0.004284,-0.006516,0.146532,-0.017624,0.026912
5.200000,1.242448,0.000908,-2.001383,-0.032310,0.003884,-0.005906,0.185980,-0.022366,0.034113
5.220000,1.241842,0.000981,-2.001494,-0.028196,0.003390,-0.005152,0.225428,-0.027108,0.041314
5.240000,1.241326,0.001043,-2.001589,-0.023293,0.002800,-0.004254,0.264876,-0.031849,0.048515
5.260000,1.240915,0.001092,-2.001663,-0.017601,0.002116,-0.003211,0.304324,-0.036591,0.055716
5.280000,1.240627,0.001127,-2.001716,-0.011120,0.001336,-0.002025,0.343772,-0.041333,0.062916
5.300000,1.240476,0.001145,-2.001743,-0.003850,0.000462,-0.000695,0.383221,-0.046075,0.070117
5.320000,1.240478,0.001145,-2.001743,0.004208,-0.000507,0.000780,0.422669,-0.050816,0.077318
5.340000,1.240649,0.001124,-2.001711,0.013056,-0.001570,0.002398,0.462117,-0.055558,0.084519
5.360000,1.241006,0.001081,-2.001646,0.022693,-0.002729,0.004160,0.501565,-0.060300,0.091719
5.380000,1.241562,0.001014,-2.001544,0.033119,-0.003982,0.006067,0.541013,-0.065041,0.098920
5.400000,1.242336,0.000921,-2.001402,0.044334,-0.005331,0.008117,0.580461,-0.069783,0.106121
5.420000,1.243341,0.000801,-2.001218,0.056337,-0.006774,0.010312,0.619910,-0.074525,0.113322
5.440000,1.244594,0.000650,-2.000989,0.069130,-0.008312,0.012650,0.659358,-0.079266,0.120523
5.460000,1.246111,0.000468,-2.000711,0.082712,-0.009944,0.015133,0.698806,-0.084008,0.127723
5.480000,1.247908,0.000252,-2.000383,0.097082,-0.011672,0.017759,0.738254,-0.088750,0.134924
5.500000,1.250000,0.000000,-2.000000,0.112242,-0.013494,0.020530,0.777702,-0.093492,0.142125
5.520000,1.252391,-0.000287,-1.999563,0.126324,-0.015187,0.023103,0.630502,-0.075795,0.115216
5.540000,1.255033,-0.000605,-1.999079,0.137462,-0.016526,0.025138,0.483302,-0.058099,0.088306
5.560000,1.257869,-0.000946,-1.998561,0.145656,-0.017511,0.026635,0.336101,-0.040403,0.061397
5.580000,1.260840,-0.001303,-1.998018,0.150906,-0.018142,0.027594,0.188901,-0.022706,0.034488
5.600000,1.263886,-0.001669,-1.997461,0.153212,-0.018419,0.028015,0.041700,-0.005010,0.007579
5.620000,1.266949,-0.002038,-1.996901,0.152574,-0.018343,0.027897,-0.105500,0.012686,-0.019330
5.640000,1.269969,-0.002401,-1.996348,0.148992,-0.017912,0.027242,-0.252700,0.030382,-0.046239
5.660000,1.272889,-0.002752,-1.995815,0.142466,-0.017127,0.026048,-0.399901,0.048079,-0.073149
5.680000,1.275648,-0.003084,-1.995310,0.132996,-0.015989,0.024316,-0.547101,0.065775,-0.100058
5.700000,1.278189,-0.003389,-1.994846,0.120582,-0.014496,0.022045,-0.694301,0.083471,-0.126967
5.720000,1.280452,-0.003661,-1.994432,0.105224,-0.012650,0.019237,-0.841502,0.101167,-0.153876
5.740000,1.282378,-0.003893,-1.994080,0.086922,-0.010450,0.015890,-0.988702,0.118864,-0.180785
5.760000,1.283909,-0.004077,-1.993800,0.065676,-0.007895,0.012006,-1.135903,0.136560,-0.207695
5.780000,1.284986,-0.004206,-1.993603,0.041486,-0.004987,0.007583,-1.283103,0.154256,-0.234604
5.800000,1.285549,-0.004274,-1.993500,0.014352,-0.001725,0.002621,-1.430303,0.171953,-0.261513
5.820000,1.285540,-0.004273,-1.993502,-0.015726,0.001891,-0.002878,-1.577504,0.189649,-0.288422
5.840000,1.284900,-0.004196,-1.993619,-0.048748,0.005861,-0.008916,-1.724704,0.207345,-0.315331
5.860000,1.283571,-0.004036,-1.993862,-0.084715,0.010185,-0.015491,-1.871904,0.225041,-0.342240
5.880000,1.281492,-0.003786,-1.994242,-0.123625,0.014862,-0.022605,-2.019105,0.242738,-0.369150
5.900000,1.278606,-0.003439,-1.994770,-0.165479,0.019894,-0.030257,-2.166305,0.260434,-0.396059
5.920000,1.274853,-0.002988,-1.995456,-0.210277,0.025280,-0.038447,-2.313506,0.278130,-0.422968
5.940000,1.270175,-0.002426,-1.996311,-0.258019,0.031019,-0.047176,-2.460706,0.295826,-0.449877
5.960000,1.264513,-0.001745,-1.997347,-0.308705,0.037113,-0.056443,-2.607906,0.313523,-0.476786
5.980000,1.257808,-0.000939,-1.998573,-0.362335,0.043560,-0.066247,-2.755107,0.331219,-0.503696
6.000000,1.250000,0.000000,-2.000000,-0.418909,0.050362,-0.076590,-2.902307,0.348915,-0.530605
6.020000,1.241046,0.001077,-2.001636,-0.476297,0.057270,-0.086970,-2.836421,0.341937,-0.507389
6.040000,1.230957,0.002290,-2.003476,-0.532366,0.064039,-0.096886,-2.770534,0.334959,-0.484173
6.060000,1.219760,0.003637,-2.005509,-0.587118,0.070668,-0.106337,-2.704648,0.327980,-0.460957
6.080000,1.207481,0.005116,-2.007726,-0.640552,0.077158,-0.115324,-2.638761,0.321002,-0.437741
6.100000,1.194147,0.006723,-2.010119,-0.692668,0.083509,-0.123847,-2.572875,0.314024,-0.414525
6.120000,1.179783,0.008455,-2.012677,-0.743467,0.089719,-0.131905,-2.506988,0.307045,-0.391310
6.140000,1.164417,0.010310,-2.015392,-0.792948,0.095790,-0.139499,-2.441102,0.300067,-0.368094
6.160000,1.148074,0.012286,-2.018254,-0.841111,0.101722,-0.146629,-2.375215,0.293089,-0.344878
6.180000,1.130781,0.014378,-2.021254,-0.887957,0.107514,-0.153294,-2.309329,0.286111,-0.321662
6.200000,1.112564,0.016585,-2.024382,-0.933484,0.113166,-0.159495,-2.243442,0.279132,-0.298446
6.220000,1.093450,0.018904,-2.027631,-0.977694,0.118679,-0.165232,-2.177556,0.272154,-0.275230
6.240000,1.073465,0.021332,-2.030989,-1.020586,0.124052,-0.170505,-2.111669,0.265176,-0.252015
6.260000,1.052636,0.023865,-2.034448,-1.062161,0.129286,-0.175313,-2.045783,0.258197,-0.228799
6.280000,1.030988,0.026502,-2.037998,-1.102418,0.134380,-0.179657,-1.979896,0.251219,-0.205583
6.300000,1.008548,0.029240,-2.041631,-1.141357,0.139335,-0.183536,-1.914010,0.244241,-0.182367
6.320000,0.985342,0.032075,-2.045336,-1.178978,0.144150,-0.186951,-1.848123,0.237262,-0.159151
6.340000,0.961397,0.035005,-2.049106,-1.215282,0.148825,-0.189902,-1.782237,0.230284,-0.135935
6.360000,0.936740,0.038027,-2.052929,-1.250268,0.153361,-0.192389,-1.716350,0.223306,-0.112719
6.380000,0.911396,0.041138,-2.056798,-1.283936,0.157758,-0.194411,-1.650464,0.216327,-0.089504
6.400000,0.885391,0.044336,-2.060703,-1.316286,0.162014,-0.195969,-1.584577,0.209349,-0.066288
6.420000,0.858753,0.047618,-2.064634,-1.347319,0.166132,-0.197062,-1.518691,0.202371,-0.043072
6.440000,0.831507,0.050980,-2.068582,-1.377034,0.170109,-0.197692,-1.452804,0.195393,-0.019856
6.460000,0.803680,0.054421,-2.072538,-1.405431,0.173947,-0.197857,-1.386918,0.188414,0.003360
6.480000,0.775299,0.057937,-2.076493,-1.432511,0.177646,-0.197557,-1.321031,0.181436,0.026576
6.500000,0.746389,0.061526,-2.080438,-1.458272,0.181205,-0.196794,-1.255145,0.174458,0.049792
6.520000,0.716977,0.065185,-2.084362,-1.482716,0.184624,-0.195566,-1.189258,0.167479,0.073007
6.540000,0.687089,0.068910,-2.088257,-1.505843,0.187904,-0.193873,-1.123372,0.160501,0.096223
6.560000,0.656752,0.072700,-2.092114,-1.527651,0.191044,-0.191717,-1.057485,0.153523,0.119439
6.580000,0.625992,0.076551,-2.095923,-1.548142,0.194045,-0.189096,-0.991599,0.146544,0.142655
6.600000,0.594835,0.080461,-2.099675,-1.567315,0.196906,-0.186011,-0.925712,0.139566,0.165871
6.620000,0.563308,0.084426,-2.103360,-1.585171,0.199628,-0.182461,-0.859826,0.132588,0.189087
6.640000,0.531437,0.088445,-2.106970,-1.601708,0.202210,-0.178447,-0.793939,0.125609,0.212303
6.660000,0.499248,0.092514,-2.110495,-1.616928,0.204652,-0.173969,-0.728053,0.118631,0.235518
6.680000,0.466768,0.096630,-2.113926,-1.630830,0.206955,-0.169026,-0.662166,0.111653,0.258734
6.700000,0.434024,0.100791,-2.117253,-1.643415,0.209118,-0.163620,-0.596280,0.104675,0.281950
6.720000,0.401041,0.104994,-2.120467,-1.654681,0.211142,-0.157748,-0.530393,0.097696,0.305166
6.740000,0.367845,0.109236,-2.123560,-1.664631,0.213026,-0.151413,-0.464507,0.090718,0.328382
6.760000,0.334464,0.113514,-2.126521,-1.673262,0.214770,-0.144613,-0.398620,0.083740,0.351598
6.780000,0.300924,0.117826,-2.129341,-1.680575,0.216375,-0.137349,-0.332734,0.076761,0.374814
6.800000,0.267250,0.122168,-2.132012,-1.686571,0.217841,-0.129621,-0.266847,0.069783,0.398029
6.820000,0.233470,0.126538,-2.134523,-1.691249,0.219167,-0.121428,-0.200961,0.062805,0.421245
6.840000,0.199609,0.130934,-2.136866,-1.694610,0.220353,-0.112771,-0.135074,0.055826,0.444461
6.860000,0.165694,0.135352,-2.139031,-1.696652,0.221400,-0.103649,-0.069188,0.048848,0.467677
6.880000,0.131751,0.139789,-2.141008,-1.697377,0.222307,-0.094064,-0.003301,0.041870,0.490893
6.900000,0.097808,0.144243,-2.142790,-1.696784,0.223075,-0.084014,0.062585,0.034892,0.514109
6.920000,0.063889,0.148711,-2.144366,-1.694874,0.223703,-0.073499,0.128472,0.027913,0.537325
6.940000,0.030022,0.153190,-2.145727,-1.691645,0.224191,-0.062521,0.194358,0.020935,0.560540
6.960000,-0.003768,0.157678,-2.146864,-1.687099,0.224540,-0.051078,0.260245,0.013957,0.583756
6.980000,-0.037454,0.162171,-2.147767,-1.681236,0.224749,-0.039170,0.326131,0.006978,0.606972
7.000000,-0.071009,0.166667,-2.148427,-1.674054,0.224819,-0.026799,0.392018,-0.000000,0.630188
7.020000,-0.104407,0.171163,-2.148836,-1.665555,0.224749,-0.013963,0.457904,-0.006978,0.653404
7.040000,-0.137622,0.175656,-2.148983,-1.655738,0.224540,-0.000663,0.523791,-0.013957,0.676620
7.060000,-0.170628,0.180143,-2.148859,-1.644603,0.224191,0.013102,0.589677,-0.020935,0.699836
7.080000,-0.203398,0.184622,-2.148456,-1.632151,0.223703,0.027331,0.655564,-0.027913,0.723051
7.100000,-0.235905,0.189090,-2.147763,-1.618381,0.223075,0.042024,0.721450,-0.034892,0.746267
7.120000,-0.268124,0.193544,-2.146772,-1.603293,0.222307,0.057181,0.787337,-0.041870,0.769483
7.140000,-0.300028,0.197982,-2.145472,-1.586887,0.221400,0.072803,0.853223,-0.048848,0.792699
7.160000,-0.331591,0.202400,-2.143856,-1.569164,0.220353,0.088889,0.919109,-0.055826,0.815915
7.180000,-0.362786,0.206795,-2.141914,-1.550123,0.219167,0.105440,0.984996,-0.062805,0.839131
7.200000,-0.393587,0.211165,-2.139636,-1.529764,0.217841,0.122455,1.050882,-0.069783,0.862347
7.220000,-0.423968,0.215508,-2.137012,-1.508088,0.216375,0.139934,1.116769,-0.076761,0.885562
7.240000,-0.453902,0.219819,-2.134035,-1.485093,0.214770,0.157877,1.182655,-0.083740,0.908778
7.260000,-0.483362,0.224098,-2.130694,-1.460781,0.213026,0.176285,1.248542,-0.090718,0.931994
7.280000,-0.512324,0.228339,-2.126981,-1.435152,0.211142,0.195157,1.314428,-0.097696,0.955210
7.300000,-0.540760,0.232542,-2.122885,-1.408204,0.209118,0.214493,1.380315,-0.104675,0.978426
7.320000,-0.568643,0.236703,-2.118398,-1.379939,0.206955,0.234294,1.446201,-0.111653,1.001642
7.340000,-0.595949,0.240820,-2.113510,-1.350356,0.204652,0.254559,1.512088,-0.118631,1.024858
7.360000,-0.622649,0.244888,-2.108212,-1.319456,0.202210,0.275288,1.577974,-0.125609,1.048073
7.380000,-0.648718,0.248907,-2.102495,-1.287237,0.199628,0.296482,1.643861,-0.132588,1.071289
7.400000,-0.674130,0.252873,-2.096350,-1.253701,0.196906,0.318140,1.709747,-0.139566,1.094505
7.420000,-0.698857,0.256782,-2.089767,-1.218847,0.194045,0.340262,1.775634,-0.146544,1.117721
7.440000,-0.722875,0.260633,-2.082736,-1.182676,0.191044,0.362849,1.841520,-0.153523,1.140937
7.460000,-0.746155,0.264423,-2.075250,-1.145186,0.187904,0.385900,1.907407,-0.160501,1.164153
7.480000,-0.768673,0.268149,-2.067297,-1.106379,0.184624,0.409415,1.973293,-0.167479,1.187368
7.500000,-0.790402,0.271807,-2.058870,-1.066255,0.181205,0.433394,2.039180,-0.174458,1.210584
7.520000,-0.811315,0.275396,-2.049958,-1.024812,0.177646,0.457838,2.105066,-0.181436,1.233800
7.540000,-0.831386,0.278912,-2.040553,-0.982052,0.173947,0.482746,2.170953,-0.188414,1.257016
7.560000,-0.850588,0.282353,-2.030646,-0.937974,0.170109,0.508119,2.236839,-0.195393,1.280232
7.580000,-0.868896,0.285716,-2.020226,-0.892579,0.166132,0.533956,2.302726,-0.202371,1.303448
7.600000,-0.886282,0.288997,-2.009284,-0.845865,0.162014,0.560257,2.368612,-0.209349,1.326664
7.620000,-0.902722,0.292195,-1.997812,-0.797834,0.157758,0.587022,2.434499,-0.216327,1.349879
7.640000,-0.918187,0.295307,-1.985800,-0.748485,0.153361,0.614252,2.500385,-0.223306,1.373095
7.660000,-0.932652,0.298329,-1.973239,-0.697819,0.148825,0.641946,2.566272,-0.230284,1.396311
7.680000,-0.946091,0.301259,-1.960119,-0.645834,0.144150,0.670104,2.632158,-0.237262,1.419527
7.700000,-0.958477,0.304094,-1.946432,-0.592532,0.139335,0.698727,2.698045,-0.244241,1.442743
7.720000,-0.969783,0.306831,-1.932167,-0.537913,0.134380,0.727814,2.763931,-0.251219,1.465959
7.740000,-0.979985,0.309468,-1.917316,-0.481975,0.129286,0.757365,2.829818,-0.258197,1.489175
7.760000,-0.989054,0.312002,-1.901869,-0.424720,0.124052,0.787381,2.895704,-0.265176,1.512390
7.780000,-0.996965,0.314429,-1.885818,-0.366147,0.118679,0.817861,2.961591,-0.272154,1.535606
7.800000,-1.003691,0.316748,-1.869152,-0.306256,0.113166,0.848805,3.027477,-0.279132,1.558822
7.820000,-1.009206,0.318955,-1.851862,-0.245048,0.107514,0.880214,3.093364,-0.286111,1.582038
7.840000,-1.013484,0.321048,-1.833940,-0.182522,0.101722,0.912087,3.159250,-0.293089,1.605254
7.860000,-1.016498,0.323023,-1.815376,-0.118678,0.095790,0.944424,3.225137,-0.300067,1.628470
7.880000,-1.018222,0.324878,-1.796160,-0.053516,0.089719,0.977226,3.291023,-0.307045,1.651686
7.900000,-1.018630,0.326611,-1.776284,0.012963,0.083509,1.010491,3.356910,-0.314024,1.674901
7.920000,-1.017695,0.328218,-1.755737,0.080760,0.077158,1.044222,3.422796,-0.321002,1.698117
7.940000,-1.015391,0.329696,-1.734512,0.149875,0.070668,1.078416,3.488683,-0.327980,1.721333
7.960000,-1.011691,0.331043,-1.712598,0.220308,0.064039,1.113075,3.554569,-0.334959,1.744549
7.980000,-1.006570,0.332257,-1.689986,0.292058,0.057270,1.148198,3.620456,-0.341937,1.767765
8.000000,-1.000000,0.333333,-1.666667,0.365126,0.050362,1.183786,3.686342,-0.348915,1.790981
8.020000,-0.991968,0.334272,-1.642646,0.437751,0.043560,1.217625,3.576172,-0.331219,1.592943
8.040000,-0.982505,0.335078,-1.617988,0.508173,0.037113,1.247503,3.466003,-0.313523,1.394905
8.060000,-0.971655,0.335759,-1.592772,0.576391,0.031019,1.273421,3.355833,-0.295826,1.196867
8.080000,-0.959464,0.336321,-1.567078,0.642406,0.025280,1.295378,3.245663,-0.278130,0.998828
8.100000,-0.945974,0.336772,-1.540984,0.706218,0.019894,1.313374,3.135493,-0.260434,0.800790
8.120000,-0.931230,0.337119,-1.514569,0.767826,0.014862,1.327410,3.025324,-0.242738,0.602752
8.140000,-0.915275,0.337369,-1.487914,0.827230,0.010185,1.337484,2.915154,-0.225041,0.404714
8.160000,-0.898155,0.337529,-1.461096,0.884432,0.005861,1.343598,2.804984,-0.207345,0.206676
8.180000,-0.879913,0.337606,-1.434196,0.939430,0.001891,1.345751,2.694814,-0.189649,0.008638
8.200000,-0.860593,0.337607,-1.407292,0.992224,-0.001725,1.343944,2.584644,-0.171953,-0.189400
8.220000,-0.840239,0.337539,-1.380465,1.042816,-0.004987,1.338175,2.474475,-0.154256,-0.387438
8.240000,-0.818895,0.337410,-1.353792,1.091203,-0.007895,1.328446,2.364305,-0.136560,-0.585476
8.260000,-0.796605,0.337226,-1.327353,1.137388,-0.010450,1.314756,2.254135,-0.118864,-0.783514
8.280000,-0.773414,0.336994,-1.301228,1.181369,-0.012650,1.297106,2.143965,-0.101167,-0.981552
8.300000,-0.749365,0.336722,-1.275495,1.223146,-0.014496,1.275494,2.033796,-0.083471,-1.179590
8.320000,-0.724503,0.336417,-1.250235,1.262721,-0.015989,1.249922,1.923626,-0.065775,-1.377628
8.340000,-0.698871,0.336085,-1.225525,1.300091,-0.017127,1.220389,1.813456,-0.048079,-1.575667
8.360000,-0.672514,0.335734,-1.201446,1.335259,-0.017912,1.186895,1.703286,-0.030382,-1.773705
8.380000,-0.645475,0.335371,-1.178076,1.368223,-0.018343,1.149441,1.593116,-0.012686,-1.971743
8.400000,-0.617800,0.335003,-1.155494,1.398984,-0.018419,1.108026,1.482947,0.005010,-2.169781
8.420000,-0.589531,0.334637,-1.133781,1.427541,-0.018142,1.062650,1.372777,0.022706,-2.367819
8.440000,-0.560713,0.334279,-1.113015,1.453895,-0.017511,1.013313,1.262607,0.040403,-2.565857
8.460000,-0.531390,0.333938,-1.093275,1.478045,-0.016526,0.960015,1.152437,0.058099,-2.763895
8.480000,-0.501605,0.333621,-1.074641,1.499992,-0.015187,0.902757,1.042268,0.075795,-2.961933
8.500000,-0.471405,0.333333,-1.057191,1.519736,-0.013494,0.841538,0.932098,0.093492,-3.159971
8.520000,-0.440828,0.333082,-1.040990,1.537690,-0.011672,0.778640,0.863321,0.088750,-3.129809
8.540000,-0.409906,0.332866,-1.026041,1.554269,-0.009944,0.716346,0.794545,0.084008,-3.099648
8.560000,-0.378666,0.332683,-1.012332,1.569472,-0.008312,0.654654,0.725768,0.079266,-3.069486
8.580000,-0.347136,0.332533,-0.999851,1.583299,-0.006774,0.593566,0.656992,0.074525,-3.039325
8.600000,-0.315344,0.332412,-0.988586,1.595751,-0.005331,0.533081,0.588215,0.069783,-3.009163
8.620000,-0.283316,0.332319,-0.978524,1.606828,-0.003982,0.473200,0.519438,0.065041,-2.979001
8.640000,-0.251080,0.332252,-0.969654,1.616529,-0.002729,0.413921,0.450662,0.060300,-2.948840
8.660000,-0.218664,0.332209,-0.961963,1.624854,-0.001570,0.355246,0.381885,0.055558,-2.918678
8.680000,-0.186095,0.332188,-0.955440,1.631804,-0.000507,0.297174,0.313109,0.050816,-2.888516
8.700000,-0.153401,0.332188,-0.950072,1.637379,0.000462,0.239705,0.244332,0.046075,-2.858355
8.720000,-0.120609,0.332206,-0.945848,1.641578,0.001336,0.182840,0.175556,0.041333,-2.828193
8.740000,-0.087747,0.332241,-0.942754,1.644401,0.002116,0.126578,0.106779,0.036591,-2.798032
8.760000,-0.054842,0.332290,-0.940780,1.645849,0.002800,0.070919,0.038002,0.031849,-2.767870
8.780000,-0.021922,0.332352,-0.939914,1.645921,0.003390,0.015863,-0.030774,0.027108,-2.737708
8.800000,0.010986,0.332425,-0.940142,1.644618,0.003884,-0.038590,-0.099551,0.022366,-2.707547
8.820000,0.043854,0.332507,-0.941453,1.641939,0.004284,-0.092439,-0.168327,0.017624,-2.677385
8.840000,0.076654,0.332596,-0.943835,1.637885,0.004589,-0.145685,-0.237104,0.012883,-2.647223
8.860000,0.109360,0.332690,-0.947277,1.632455,0.004800,-0.198328,-0.305880,0.008141,-2.617062
8.880000,0.141943,0.332787,-0.951765,1.625650,0.004915,-0.250368,-0.374657,0.003399,-2.586900
8.900000,0.174377,0.332886,-0.957287,1.617469,0.004935,-0.301804,-0.443434,-0.001342,-2.556739
8.920000,0.206633,0.332984,-0.963833,1.607912,0.004861,-0.352637,-0.512210,-0.006084,-2.526577
8.940000,0.238684,0.333080,-0.971389,1.596980,0.004692,-0.402867,-0.580987,-0.010826,-2.496415
8.960000,0.270503,0.333171,-0.979943,1.584673,0.004428,-0.452494,-0.649763,-0.015568,-2.466254
8.980000,0.302062,0.333256,-0.989484,1.570990,0.004069,-0.501517,-0.718540,-0.020309,-2.436092
9.000000,0.333333,0.333333,-1.000000,1.555931,0.003616,-0.549937,-0.787316,-0.025051,-2.405930
9.020000,0.364290,0.333401,-1.011477,1.539512,0.003127,-0.597604,-0.854589,-0.023780,-2.360700
9.040000,0.394905,0.333459,-1.023898,1.521748,0.002665,-0.644365,-0.921861,-0.022510,-2.315471
9.060000,0.425151,0.333507,-1.037246,1.502638,0.002227,-0.690223,-0.989133,-0.021239,-2.270241
9.080000,0.455001,0.333548,-1.051501,1.482182,0.001815,-0.735175,-1.056406,-0.019969,-2.225011
9.100000,0.484429,0.333580,-1.066646,1.460381,0.001428,-0.779223,-1.123678,-0.018698,-2.179781
9.120000,0.513408,0.333605,-1.082664,1.437235,0.001067,-0.822366,-1.190950,-0.017428,-2.134551
9.140000,0.541910,0.333623,-1.099535,1.412743,0.000731,-0.864605,-1.258222,-0.016157,-2.089321
9.160000,0.569908,0.333635,-1.117242,1.386906,0.000421,-0.905939,-1.325495,-0.014887,-2.044091
9.180000,0.597377,0.333640,-1.135767,1.359724,0.000136,-0.946369,-1.392767,-0.013616,-1.998861
9.200000,0.624288,0.333640,-1.155091,1.331196,-0.000124,-0.985894,-1.460039,-0.012346,-1.953631
9.220000,0.650616,0.333635,-1.175196,1.301322,-0.000358,-1.024514,-1.527312,-0.011075,-1.908401
9.240000,0.676332,0.333626,-1.196065,1.270103,-0.000567,-1.062230,-1.594584,-0.009805,-1.863171
9.260000,0.701411,0.333613,-1.217679,1.237539,-0.000750,-1.099041,-1.661856,-0.008534,-1.817941
9.280000,0.725825,0.333596,-1.240021,1.203629,-0.000908,-1.134947,-1.729128,-0.007263,-1.772711
9.300000,0.749547,0.333577,-1.263071,1.168374,-0.001041,-1.169949,-1.796401,-0.005993,-1.727481
9.320000,0.772551,0.333555,-1.286813,1.131773,-0.001148,-1.204046,-1.863673,-0.004722,-1.682251
9.340000,0.794809,0.333531,-1.311227,1.093827,-0.001230,-1.237239,-1.930945,-0.003452,-1.637021
9.360000,0.816295,0.333506,-1.336296,1.054535,-0.001286,-1.269527,-1.998218,-0.002181,-1.591791
9.380000,0.836982,0.333480,-1.362002,1.013898,-0.001317,-1.300911,-2.065490,-0.000911,-1.546561
9.400000,0.856842,0.333453,-1.388327,0.971915,-0.001322,-1.331390,-2.132762,0.000360,-1.501331
9.420000,0.875849,0.333427,-1.415252,0.928587,-0.001303,-1.360964,-2.200035,0.001630,-1.456102
9.440000,0.893976,0.333401,-1.442759,0.883914,-0.001257,-1.389634,-2.267307,0.002901,-1.410872
9.460000,0.911197,0.333377,-1.470831,0.837895,-0.001187,-1.417399,-2.334579,0.004171,-1.365642
9.480000,0.927483,0.333354,-1.499449,0.790531,-0.001090,-1.444260,-2.401851,0.005442,-1.320412
9.500000,0.942809,0.333333,-1.528595,0.741821,-0.000969,-1.470215,-2.469124,0.006712,-1.275182
9.520000,0.957151,0.333315,-1.558249,0.692390,-0.000838,-1.494857,-2.474000,0.006372,-1.189005
9.540000,0.970504,0.333300,-1.588378,0.642861,-0.000714,-1.517776,-2.478876,0.006032,-1.102828
9.560000,0.982865,0.333287,-1.618949,0.593235,-0.000597,-1.538970,-2.483752,0.005691,-1.016651
9.580000,0.994233,0.333276,-1.649926,0.543511,-0.000486,-1.558442,-2.488628,0.005351,-0.930474
9.600000,1.004605,0.333267,-1.681275,0.493690,-0.000383,-1.576189,-2.493504,0.005010,-0.844297
9.620000,1.013980,0.333260,-1.712962,0.443771,-0.000286,-1.592214,-2.498379,0.004670,-0.758120
9.640000,1.022355,0.333256,-1.744952,0.393755,-0.000196,-1.606514,-2.503255,0.004329,-0.671944
9.660000,1.029729,0.333253,-1.777211,0.343641,-0.000113,-1.619091,-2.508131,0.003989,-0.585767
9.680000,1.036100,0.333251,-1.809704,0.293429,-0.000036,-1.629945,-2.513007,0.003648,-0.499590
9.700000,1.041466,0.333251,-1.842397,0.243120,0.000033,-1.639075,-2.517883,0.003308,-0.413413
9.720000,1.045824,0.333252,-1.875256,0.192714,0.000096,-1.646481,-2.522759,0.002968,-0.327236
9.740000,1.049174,0.333255,-1.908245,0.142210,0.000152,-1.652164,-2.527635,0.002627,-0.241059
9.760000,1.051512,0.333258,-1.941331,0.091609,0.000201,-1.656124,-2.532511,0.002287,-0.154882
9.780000,1.052837,0.333263,-1.974478,0.040910,0.000243,-1.658360,-2.537387,0.001946,-0.068705
9.800000,1.053148,0.333268,-2.007653,-0.009887,0.000279,-1.658872,-2.542263,0.001606,0.017472
9.820000,1.052441,0.333274,-2.040822,-0.060781,0.000308,-1.657661,-2.547139,0.001265,0.103648
9.840000,1.050716,0.333280,-2.073948,-0.111772,0.000329,-1.654726,-2.552015,0.000925,0.189825
9.860000,1.047970,0.333287,-2.106999,-0.162862,0.000345,-1.650068,-2.556891,0.000584,0.276002
9.880000,1.044201,0.333294,-2.139940,-0.214048,0.000353,-1.643686,-2.561767,0.000244,0.362179
9.900000,1.039407,0.333301,-2.172735,-0.265332,0.000354,-1.635581,-2.566643,-0.000096,0.448356
9.920000,1.033587,0.333308,-2.205351,-0.316714,0.000349,-1.625752,-2.571519,-0.000437,0.534533
9.940000,1.026738,0.333315,-2.237754,-0.368193,0.000337,-1.614199,-2.576395,-0.000777,0.620710
9.960000,1.018858,0.333322,-2.269908,-0.419770,0.000318,-1.600923,-2.581271,-0.001118,0.706887
9.980000,1.009946,0.333328,-2.301779,-0.471444,0.000292,-1.585924,-2.586147,-0.001458,0.793064
10.000000,1.000000,0.333333,-2.333333,-0.523216,0.000260,-1.569201,-2.591023,-0.001799,0.879240
10.020000,0.989021,0.333338,-2.364537,-0.574490,0.000225,-1.550990,-2.536408,-0.001707,0.941851
10.040000,0.977028,0.333342,-2.395365,-0.624672,0.000191,-1.531527,-2.481794,-0.001616,1.004462
10.060000,0.964042,0.333346,-2.425790,-0.673762,0.000160,-1.510811,-2.427179,-0.001525,1.067073
10.080000,0.950085,0.333349,-2.455789,-0.721759,0.000130,-1.488844,-2.372565,-0.001434,1.129684
10.100000,0.935178,0.333351,-2.485335,-0.768664,0.000103,-1.465624,-2.317950,-0.001342,1.192295
10.120000,0.919345,0.333353,-2.514405,-0.814477,0.000077,-1.441152,-2.263336,-0.001251,1.254905
10.140000,0.902607,0.333354,-2.542973,-0.859198,0.000052,-1.415428,-2.208721,-0.001160,1.317516
10.160000,0.884985,0.333355,-2.571014,-0.902826,0.000030,-1.388451,-2.154107,-0.001069,1.380127
10.180000,0.866501,0.333355,-2.598503,-0.945362,0.000010,-1.360223,-2.099492,-0.000978,1.442738
10.200000,0.847177,0.333355,-2.625415,-0.986806,-0.000009,-1.330742,-2.044878,-0.000886,1.505349
10.220000,0.827036,0.333355,-2.651724,-1.027157,-0.000026,-1.300009,-1.990263,-0.000795,1.567960
10.240000,0.806098,0.333354,-2.677407,-1.066416,-0.000041,-1.268023,-1.935649,-0.000704,1.630571
10.260000,0.784387,0.333353,-2.702437,-1.104583,-0.000054,-1.234786,-1.881034,-0.000613,1.693181
10.280000,0.761922,0.333352,-2.726790,-1.141657,-0.000065,-1.200296,-1.826420,-0.000521,1.755792
10.300000,0.738728,0.333351,-2.750440,-1.177640,-0.000075,-1.164554,-1.771805,-0.000430,1.818403
10.320000,0.714824,0.333349,-2.773364,-1.212530,-0.000082,-1.127560,-1.717191,-0.000339,1.881014
10.340000,0.690234,0.333348,-2.795534,-1.246327,-0.000088,-1.089314,-1.662576,-0.000248,1.943625
10.360000,0.664978,0.333346,-2.816928,-1.279033,-0.000092,-1.049815,-1.607961,-0.000157,2.006236
10.380000,0.639080,0.333344,-2.837519,-1.310646,-0.000095,-1.009064,-1.553347,-0.000065,2.068846
10.400000,0.612560,0.333342,-2.857282,-1.341167,-0.000095,-0.967061,-1.498732,0.000026,2.131457
10.420000,0.585440,0.333340,-2.876193,-1.370595,-0.000094,-0.923806,-1.444118,0.000117,2.194068
10.440000,0.557743,0.333338,-2.894226,-1.398931,-0.000090,-0.879299,-1.389503,0.000208,2.256679
10.460000,0.529490,0.333336,-2.911356,-1.426175,-0.000085,-0.833539,-1.334889,0.000299,2.319290
10.480000,0.500703,0.333335,-2.927559,-1.452327,-0.000078,-0.786527,-1.280274,0.000391,2.381901
10.500000,0.471405,0.333333,-2.942809,-1.477386,-0.000070,-0.738263,-1.225660,0.000482,2.444512
10.520000,0.441617,0.333332,-2.957085,-1.501063,-0.000060,-0.689311,-1.141984,0.000457,2.450633
10.540000,0.411373,0.333331,-2.970381,-1.523066,-0.000051,-0.640237,-1.058307,0.000433,2.456754
10.560000,0.380706,0.333330,-2.982694,-1.543395,-0.000043,-0.591041,-0.974631,0.000409,2.462876
10.580000,0.349649,0.333329,-2.994022,-1.562051,-0.000035,-0.541722,-0.890955,0.000384,2.468997
10.600000,0.318235,0.333329,-3.004362,-1.579033,-0.000027,-0.492281,-0.807279,0.000360,2.475119
10.620000,0.286498,0.333328,-3.013712,-1.594342,-0.000021,-0.442718,-0.723603,0.000335,2.481240
10.640000,0.254472,0.333328,-3.022070,-1.607977,-0.000014,-0.393032,-0.639926,0.000311,2.487362
10.660000,0.222190,0.333328,-3.029432,-1.619939,-0.000008,-0.343223,-0.556250,0.000286,2.493483
10.680000,0.189686,0.333327,-3.035798,-1.630227,-0.000003,-0.293292,-0.472574,0.000262,2.499604
10.700000,0.156993,0.333327,-3.041163,-1.638842,0.000002,-0.243239,-0.388898,0.000238,2.505726
10.720000,0.124143,0.333328,-3.045527,-1.645783,0.000007,-0.193063,-0.305222,0.000213,2.511847
10.740000,0.091172,0.333328,-3.048885,-1.651051,0.000011,-0.142765,-0.221545,0.000189,2.517969
10.760000,0.058113,0.333328,-3.051236,-1.654645,0.000014,-0.092345,-0.137869,0.000164,2.524090
10.780000,0.024998,0.333328,-3.052578,-1.656566,0.000017,-0.041802,-0.054193,0.000140,2.530212
10.800000,-0.008139,0.333329,-3.052908,-1.656813,0.000020,0.008864,0.029483,0.000115,2.536333
10.820000,-0.041264,0.333329,-3.052223,-1.655386,0.000022,0.059652,0.113159,0.000091,2.542455
10.840000,-0.074343,0.333330,-3.050521,-1.652286,0.000024,0.110562,0.196836,0.000066,2.548576
10.860000,-0.107344,0.333330,-3.047799,-1.647513,0.000025,0.161595,0.280512,0.000042,2.554697
10.880000,-0.140233,0.333331,-3.044056,-1.641066,0.000025,0.212750,0.364188,0.000018,2.560819
10.900000,-0.172975,0.333331,-3.039288,-1.632945,0.000025,0.264028,0.447864,-0.000007,2.566940
10.920000,-0.205539,0.333332,-3.033494,-1.623151,0.000025,0.315428,0.531540,-0.000031,2.573062
10.940000,-0.237890,0.333332,-3.026671,-1.611684,0.000024,0.366950,0.615217,-0.000056,2.579183
10.960000,-0.269995,0.333332,-3.018815,-1.598543,0.000023,0.418595,0.698893,-0.000080,2.585305
10.980000,-0.301821,0.333333,-3.009926,-1.583728,0.000021,0.470362,0.782569,-0.000105,2.591426
11.000000,-0.333333,0.333333,-3.000000,-1.567240,0.000019,0.522252,0.866245,-0.000129,2.597548
11.020000,-0.364501,0.333334,-2.989039,-1.549283,0.000016,0.573654,0.929474,-0.000123,2.542613
11.040000,-0.395296,0.333334,-2.977061,-1.530061,0.000014,0.623956,0.992703,-0.000116,2.487678
11.060000,-0.425695,0.333334,-2.964088,-1.509574,0.000011,0.673161,1.055932,-0.000109,2.432743
11.080000,-0.455671,0.333334,-2.950142,-1.487824,0.000009,0.721266,1.119161,-0.000103,2.377808
11.100000,-0.485199,0.333335,-2.935245,-1.464808,0.000007,0.768273,1.182390,-0.000096,2.322873
11.120000,-0.514255,0.333335,-2.919418,-1.440528,0.000006,0.814181,1.245619,-0.000090,2.267938
11.140000,-0.542812,0.333335,-2.902685,-1.414983,0.000004,0.858990,1.308848,-0.000083,2.213003
11.160000,-0.570846,0.333335,-2.885066,-1.388174,0.000002,0.902701,1.372077,-0.000077,2.158068
11.180000,-0.598330,0.333335,-2.866584,-1.360100,0.000001,0.945313,1.435306,-0.000070,2.103133
11.200000,-0.625241,0.333335,-2.847261,-1.330762,-0.000001,0.986826,1.498535,-0.000064,2.048198
11.220000,-0.651552,0.333335,-2.827118,-1.300159,-0.000002,1.027241,1.561764,-0.000057,1.993263
11.240000,-0.677239,0.333335,-2.806179,-1.268291,-0.000003,1.066557,1.624993,-0.000051,1.938328
11.260000,-0.702276,0.333335,-2.784464,-1.235159,-0.000004,1.104774,1.688222,-0.000044,1.883393
11.280000,-0.726637,0.333335,-2.761995,-1.200762,-0.000005,1.141893,1.751451,-0.000037,1.828458
11.300000,-0.750298,0.333335,-2.738795,-1.165101,-0.000005,1.177913,1.814680,-0.000031,1.773523
11.320000,-0.773233,0.333334,-2.714886,-1.128175,-0.000006,1.212834,1.877909,-0.000024,1.718588
11.340000,-0.795416,0.333334,-2.690289,-1.089985,-0.000006,1.246656,1.941138,-0.000018,1.663653
11.360000,-0.816824,0.333334,-2.665027,-1.050530,-0.000007,1.279380,2.004367,-0.000011,1.608718
11.380000,-0.837429,0.333334,-2.639121,-1.009810,-0.000007,1.311005,2.067596,-0.000005,1.553783
11.400000,-0.857208,0.333334,-2.612594,-0.967826,-0.000007,1.341531,2.130825,0.000002,1.498848
11.420000,-0.876134,0.333334,-2.585467,-0.924577,-0.000007,1.370959,2.194054,0.000008,1.443913
11.440000,-0.894182,0.333334,-2.557763,-0.880064,-0.000006,1.399288,2.257283,0.000015,1.388978
11.460000,-0.911328,0.333334,-2.529503,-0.834286,-0.000006,1.426518,2.320512,0.000022,1.334043
11.480000,-0.927545,0.333333,-2.500710,-0.787243,-0.000006,1.452649,2.383741,0.000028,1.279108
11.500000,-0.942809,0.333333,-2.471405,-0.738936,-0.000005,1.477682,2.446970,0.000035,1.224173
11.520000,-0.957098,0.333333,-2.441612,-0.689935,-0.000004,1.501329,2.453120,0.000033,1.140533
11.540000,-0.970406,0.333333,-2.411363,-0.640811,-0.000004,1.523303,2.459269,0.000031,1.056893
11.560000,-0.982730,0.333333,-2.380691,-0.591564,-0.000003,1.543605,2.465419,0.000029,0.973254
11.580000,-0.994067,0.333333,-2.349629,-0.542194,-0.000003,1.562234,2.471568,0.000028,0.889614
11.600000,-1.004417,0.333333,-2.318212,-0.492702,-0.000002,1.579189,2.477718,0.000026,0.805974
11.620000,-1.013775,0.333333,-2.286473,-0.443086,-0.000001,1.594473,2.483867,0.000024,0.722334
11.640000,-1.022139,0.333333,-2.254445,-0.393347,-0.000001,1.608083,2.490017,0.000022,0.638694
11.660000,-1.029508,0.333333,-2.222161,-0.343485,-0.000001,1.620020,2.496166,0.000021,0.555054
11.680000,-1.035878,0.333333,-2.189655,-0.293500,-0.000000,1.630285,2.502316,0.000019,0.471415
11.700000,-1.041247,0.333333,-2.156961,-0.243392,0.000000,1.638877,2.508465,0.000017,0.387775
11.720000,-1.045613,0.333333,-2.124111,-0.193162,0.000000,1.645796,2.514615,0.000015,0.304135
11.740000,-1.048973,0.333333,-2.091140,-0.142808,0.000001,1.651042,2.520764,0.000014,0.220495
11.760000,-1.051324,0.333333,-2.058081,-0.092331,0.000001,1.654616,2.526914,0.000012,0.136855
11.780000,-1.052665,0.333333,-2.024966,-0.041731,0.000001,1.656516,2.533063,0.000010,0.053216
11.800000,-1.052993,0.333333,-1.991831,0.008992,0.000001,1.656744,2.539213,0.000008,-0.030424
11.820000,-1.052304,0.333333,-1.958708,0.059837,0.000002,1.655300,2.545362,0.000007,-0.114064
11.840000,-1.050598,0.333333,-1.925630,0.110806,0.000002,1.652182,2.551512,0.000005,-0.197704
11.860000,-1.047871,0.333333,-1.892632,0.161898,0.000002,1.647391,2.557661,0.000003,-0.281344
11.880000,-1.044121,0.333333,-1.859746,0.213112,0.000002,1.640928,2.563811,0.000001,-0.364984
11.900000,-1.039346,0.333333,-1.827006,0.264450,0.000002,1.632792,2.569960,-0.000000,-0.448623
11.920000,-1.033543,0.333333,-1.794445,0.315911,0.000002,1.622983,2.576110,-0.000002,-0.532263
11.940000,-1.026709,0.333333,-1.762098,0.367495,0.000002,1.611501,2.582259,-0.000004,-0.615903
11.960000,-1.018842,0.333333,-1.729996,0.419201,0.000002,1.598347,2.588409,-0.000006,-0.699543
11.980000,-1.009940,0.333333,-1.698175,0.471031,0.000002,1.583520,2.594558,-0.000008,-0.783183
12.000000,-1.000000,0.333333,-1.666667,0.522984,0.000001,1.567020,2.600708,-0.000009,-0.866822
12.020000,-0.989024,0.333333,-1.635504,0.574441,0.000001,1.549053,2.545043,-0.000009,-0.929877
12.040000,-0.977030,0.333333,-1.604713,0.624785,0.000001,1.529825,2.489377,-0.000008,-0.992931
12.060000,-0.964040,0.333333,-1.574319,0.674016,0.000001,1.509336,2.433712,-0.000008,-1.055985
12.080000,-0.950077,0.333333,-1.544348,0.722134,0.000001,1.487585,2.378046,-0.000007,-1.119039
12.100000,-0.935162,0.333333,-1.514824,0.769138,0.000001,1.464574,2.322381,-0.000007,-1.182093
12.120000,-0.919318,0.333333,-1.485773,0.815029,0.000000,1.440302,2.266715,-0.000006,-1.245147
12.140000,-0.902568,0.333333,-1.457221,0.859807,0.000000,1.414768,2.211050,-0.000006,-1.308201
12.160000,-0.884934,0.333333,-1.429191,0.903471,0.000000,1.387974,2.155385,-0.000006,-1.371255
12.180000,-0.866437,0.333333,-1.401710,0.946022,0.000000,1.359918,2.099719,-0.000005,-1.434309
12.200000,-0.847100,0.333333,-1.374803,0.987460,-0.000000,1.330601,2.044054,-0.000005,-1.497363
12.220000,-0.826946,0.333333,-1.348494,1.027784,-0.000000,1.300023,1.988388,-0.000004,-1.560417
12.240000,-0.805996,0.333333,-1.322810,1.066995,-0.000000,1.268184,1.932723,-0.000004,-1.623472
12.260000,-0.784273,0.333333,-1.297775,1.105093,-0.000000,1.235084,1.877057,-0.000003,-1.686526
12.280000,-0.761800,0.333333,-1.273415,1.142078,-0.000000,1.200723,1.821392,-0.000003,-1.749580
12.300000,-0.738598,0.333333,-1.249755,1.177949,-0.000000,1.165101,1.765727,-0.000002,-1.812634
12.320000,-0.714689,0.333333,-1.226820,1.212707,-0.000000,1.128218,1.710061,-0.000002,-1.875688
12.340000,-0.690097,0.333333,-1.204635,1.246351,-0.000000,1.090074,1.654396,-0.000001,-1.938742
12.360000,-0.664843,0.333333,-1.183225,1.278882,-0.000000,1.050668,1.598730,-0.000001,-2.001796
12.380000,-0.638949,0.333333,-1.162616,1.310300,-0.000000,1.010002,1.543065,-0.000000,-2.064850
12.400000,-0.612438,0.333333,-1.142833,1.340605,-0.000000,0.968074,1.487400,0.000000,-2.127904
12.420000,-0.585332,0.333333,-1.123902,1.369796,-0.000000,0.924886,1.431734,0.000001,-2.190958
12.440000,-0.557654,0.333333,-1.105846,1.397874,-0.000000,0.880436,1.376069,0.000001,-2.254013
12.460000,-0.529425,0.333333,-1.088693,1.424839,-0.000000,0.834725,1.320403,0.000002,-2.317067
12.480000,-0.500668,0.333333,-1.072466,1.450691,-0.000000,0.787753,1.264738,0.000002,-2.380121
12.500000,-0.471405,0.333333,-1.057191,1.475429,-0.000000,0.739520,1.209072,0.000002,-2.443175
12.520000,-0.441660,0.333333,-1.042890,1.498803,-0.000000,0.690588,1.128326,0.000002,-2.450060
12.540000,-0.411463,0.333333,-1.029568,1.520562,-0.000000,0.641518,1.047580,0.000002,-2.456946
12.560000,-0.380848,0.333333,-1.017230,1.540706,-0.000000,0.592310,0.966834,0.000002,-2.463831
12.580000,-0.349846,0.333333,-1.005877,1.559235,-0.000000,0.542965,0.886088,0.000002,-2.470717
12.600000,-0.318489,0.333333,-0.995512,1.576149,-0.000000,0.493482,0.805342,0.000002,-2.477602
12.620000,-0.286811,0.333333,-0.986139,1.591449,-0.000000,0.443861,0.724596,0.000002,-2.484488
12.640000,-0.254842,0.333333,-0.977759,1.605133,-0.000000,0.394102,0.643850,0.000002,-2.491373
12.660000,-0.222616,0.333333,-0.970375,1.617203,-0.000000,0.344206,0.563103,0.000001,-2.498259
12.680000,-0.190165,0.333333,-0.963991,1.627657,-0.000000,0.294172,0.482357,0.000001,-2.505144
12.700000,-0.157520,0.333333,-0.958609,1.636497,0.000000,0.244000,0.401611,0.000001,-2.512030
12.720000,-0.124716,0.333333,-0.954232,1.643722,0.000000,0.193690,0.320865,0.000001,-2.518915
12.740000,-0.091782,0.333333,-0.950863,1.649332,0.000000,0.143243,0.240119,0.000001,-2.525801
12.760000,-0.058753,0.333333,-0.948503,1.653327,0.000000,0.092658,0.159373,0.000001,-2.532686
12.780000,-0.025660,0.333333,-0.947157,1.655707,0.000000,0.041936,0.078627,0.000001,-2.539572
12.800000,0.007464,0.333333,-0.946827,1.656472,0.000000,-0.008924,-0.002119,0.000001,-2.546457
12.820000,0.040588,0.333333,-0.947515,1.655622,0.000000,-0.059922,-0.082866,0.000000,-2.553343
12.840000,0.073679,0.333333,-0.949225,1.653157,0.000000,-0.111058,-0.163612,0.000000,-2.560228
12.860000,0.106704,0.333333,-0.951958,1.649077,0.000000,-0.162332,-0.244358,0.000000,-2.567114
12.880000,0.139631,0.333333,-0.955719,1.643383,0.000000,-0.213743,-0.325104,0.000000,-2.573999
12.900000,0.172428,0.333333,-0.960509,1.636073,0.000000,-0.265292,-0.405850,-0.000000,-2.580885
12.920000,0.205063,0.333333,-0.966332,1.627149,0.000000,-0.316978,-0.486596,-0.000000,-2.587770
12.940000,0.237503,0.333333,-0.973189,1.616609,0.000000,-0.368802,-0.567342,-0.000000,-2.594656
12.960000,0.269717,0.333333,-0.981085,1.604455,0.000000,-0.420764,-0.648088,-0.000000,-2.601541
12.980000,0.301671,0.333333,-0.990021,1.590686,0.000000,-0.472864,-0.728835,-0.000001,-2.608427
13.000000,0.333333,0.333333,-1.000000,1.575302,0.000000,-0.525101,-0.809581,-0.000001,-2.615312
13.020000,0.364673,0.333333,-1.011021,1.558371,0.000000,-0.576823,-0.883479,-0.000001,-2.556878
13.040000,0.395658,0.333333,-1.023065,1.539962,0.000000,-0.627376,-0.957378,-0.000001,-2.498443
13.060000,0.426261,0.333333,-1.036108,1.520076,0.000000,-0.676761,-1.031276,-0.000001,-2.440009
13.080000,0.456452,0.333333,-1.050128,1.498711,0.000000,-0.724977,-1.105174,-0.000001,-2.381574
13.100000,0.486200,0.333333,-1.065100,1.475869,0.000000,-0.772024,-1.179073,-0.000000,-2.323140
13.120000,0.515476,0.333333,-1.081001,1.451549,0.000000,-0.817902,-1.252971,-0.000000,-2.264705
13.140000,0.544252,0.333333,-1.097808,1.425750,0.000000,-0.862612,-1.326870,-0.000000,-2.206271
13.160000,0.572497,0.333333,-1.115498,1.398474,0.000000,-0.906153,-1.400768,-0.000000,-2.147836
13.180000,0.600181,0.333333,-1.134046,1.369719,0.000000,-0.948526,-1.474666,-0.000000,-2.089402
13.200000,0.627275,0.333333,-1.153431,1.339487,-0.000000,-0.989729,-1.548565,-0.000000,-2.030968
13.220000,0.653751,0.333333,-1.173628,1.307777,-0.000000,-1.029764,-1.622463,-0.000000,-1.972533
13.240000,0.679577,0.333333,-1.194614,1.274589,-0.000000,-1.068631,-1.696362,-0.000000,-1.914099
13.260000,0.704724,0.333333,-1.216365,1.239922,-0.000000,-1.106328,-1.770260,-0.000000,-1.855664
13.280000,0.729164,0.333333,-1.238859,1.203778,-0.000000,-1.142857,-1.844159,-0.000000,-1.797230
13.300000,0.752866,0.333333,-1.262072,1.166156,-0.000000,-1.178217,-1.918057,-0.000000,-1.738795
13.320000,0.775800,0.333333,-1.285980,1.127056,-0.000000,-1.212409,-1.991955,-0.000000,-1.680361
13.340000,0.797938,0.333333,-1.310560,1.086478,-0.000000,-1.245432,-2.065854,-0.000000,-1.621926
13.360000,0.819249,0.333333,-1.335789,1.044422,-0.000000,-1.277286,-2.139752,-0.000000,-1.563492
13.380000,0.839705,0.333333,-1.361644,1.000888,-0.000000,-1.307972,-2.213651,-0.000000,-1.505057
13.400000,0.859275,0.333333,-1.388100,0.955876,-0.000000,-1.337488,-2.287549,0.000000,-1.446623
13.420000,0.877930,0.333333,-1.415136,0.909386,-0.000000,-1.365836,-2.361448,0.000000,-1.388188
13.440000,0.895641,0.333333,-1.442726,0.861418,-0.000000,-1.393016,-2.435346,0.000000,-1.329754
13.460000,0.912377,0.333333,-1.470849,0.811972,-0.000000,-1.419027,-2.509244,0.000000,-1.271319
13.480000,0.928110,0.333333,-1.499479,0.761048,-0.000000,-1.443869,-2.583143,0.000000,-1.212885
13.500000,0.942809,0.333333,-1.528595,0.708646,-0.000000,-1.467542,-2.657041,0.000000,-1.154450
13.520000,0.956453,0.333333,-1.558173,0.655841,-0.000000,-1.489927,-2.623443,0.000000,-1.084044
13.540000,0.969047,0.333333,-1.588183,0.603708,-0.000000,-1.510904,-2.589845,0.000000,-1.013639
13.560000,0.980606,0.333333,-1.618599,0.552247,-0.000000,-1.530473,-2.556247,0.000000,-0.943233
13.580000,0.991142,0.333333,-1.649393,0.501459,-0.000000,-1.548633,-2.522649,0.000000,-0.872827
13.600000,1.000668,0.333333,-1.680535,0.451342,-0.000000,-1.565386,-2.489051,0.000000,-0.802421
13.620000,1.009200,0.333333,-1.711999,0.401897,-0.000000,-1.580730,-2.455453,0.000000,-0.732015
13.640000,1.016749,0.333333,-1.743755,0.353123,-0.000000,-1.594666,-2.421854,0.000000,-0.661609
13.660000,1.023329,0.333333,-1.775776,0.305022,-0.000000,-1.607194,-2.388256,0.000000,-0.591203
13.680000,1.028954,0.333333,-1.808033,0.257593,-0.000000,-1.618314,-2.354658,0.000000,-0.520797
13.700000,1.033637,0.333333,-1.840499,0.210836,0.000000,-1.628026,-2.321060,0.000000,-0.450392
13.720000,1.037392,0.333333,-1.873145,0.164751,0.000000,-1.636330,-2.287462,0.000000,-0.379986
13.740000,1.040232,0.333333,-1.905943,0.119338,0.000000,-1.643226,-2.253864,0.000000,-0.309580
13.760000,1.042170,0.333333,-1.938865,0.074596,0.000000,-1.648713,-2.220266,0.000000,-0.239174
13.780000,1.043220,0.333333,-1.971882,0.030527,0.000000,-1.652793,-2.186667,0.000000,-0.168768
13.800000,1.043396,0.333333,-2.004967,-0.012870,0.000000,-1.655464,-2.153069,0.000000,-0.098362
13.820000,1.042710,0.333333,-2.038091,-0.055596,0.000000,-1.656727,-2.119471,0.000000,-0.027956
13.840000,1.041176,0.333333,-2.071227,-0.097649,0.000000,-1.656582,-2.085873,0.000000,0.042449
13.860000,1.038808,0.333333,-2.104345,-0.139031,0.000000,-1.655029,-2.052275,0.000000,0.112855
13.880000,1.035619,0.333333,-2.137419,-0.179740,0.000000,-1.652068,-2.018677,0.000000,0.183261
13.900000,1.031623,0.333333,-2.170419,-0.219778,0.000000,-1.647699,-1.985079,-0.000000,0.253667
13.920000,1.026833,0.333333,-2.203317,-0.259143,0.000000,-1.641921,-1.951481,-0.000000,0.324073
13.940000,1.021262,0.333333,-2.236086,-0.297837,0.000000,-1.634736,-1.917882,-0.000000,0.394479
13.960000,1.014924,0.333333,-2.268697,-0.335859,0.000000,-1.626142,-1.884284,-0.000000,0.464885
13.980000,1.007832,0.333333,-2.301122,-0.373208,0.000000,-1.616140,-1.850686,-0.000000,0.535291
14.000000,1.000000,0.333333,-2.333333,-0.409886,0.000000,-1.604730,-1.817088,-0.000000,0.605696
14.020000,0.991433,0.333333,-2.365299,-0.447155,0.000000,-1.591492,-1.909744,-0.000000,0.718187
14.040000,0.982101,0.333333,-2.396978,-0.486276,0.000000,-1.576003,-2.002399,-0.000000,0.830677
14.060000,0.971969,0.333333,-2.428324,-0.527251,0.000000,-1.558265,-2.095055,-0.000000,0.943168
14.080000,0.960999,0.333333,-2.459294,-0.570078,0.000000,-1.538276,-2.187711,-0.000000,1.055658
14.100000,0.949154,0.333333,-2.489840,-0.614759,0.000000,-1.516038,-2.280367,-0.000000,1.168148
14.120000,0.936396,0.333333,-2.519920,-0.661293,0.000000,-1.491550,-2.373022,-0.000000,1.280639
14.140000,0.922690,0.333333,-2.549487,-0.709680,0.000000,-1.464813,-2.465678,-0.000000,1.393129
14.160000,0.907997,0.333333,-2.578498,-0.759920,0.000000,-1.435825,-2.558334,-0.000000,1.505620
14.180000,0.892281,0.333333,-2.606906,-0.812013,0.000000,-1.404588,-2.650989,-0.000000,1.618110
14.200000,0.875504,0.333333,-2.634666,-0.865960,-0.000000,-1.371101,-2.743645,-0.000000,1.730600
14.220000,0.857630,0.333333,-2.661735,-0.921759,-0.000000,-1.335364,-2.836301,-0.000000,1.843091
14.240000,0.838621,0.333333,-2.688066,-0.979412,-0.000000,-1.297377,-2.928957,-0.000000,1.955581
14.260000,0.818441,0.333333,-2.713615,-1.038917,-0.000000,-1.257141,-3.021612,-0.000000,2.068071
14.280000,0.797052,0.333333,-2.738336,-1.100276,-0.000000,-1.214654,-3.114268,-0.000000,2.180562
14.300000,0.774418,0.333333,-2.762186,-1.163488,-0.000000,-1.169918,-3.206924,-0.000000,2.293052
14.320000,0.750500,0.333333,-2.785118,-1.228553,-0.000000,-1.122932,-3.299579,-0.000000,2.405543
14.340000,0.725263,0.333333,-2.807088,-1.295471,-0.000000,-1.073696,-3.392235,-0.000000,2.518033
14.360000,0.698669,0.333333,-2.828051,-1.364242,-0.000000,-1.022211,-3.484891,-0.000000,2.630523
14.380000,0.670681,0.333333,-2.847962,-1.434867,-0.000000,-0.968476,-3.577547,-0.000000,2.743014
14.400000,0.641262,0.333333,-2.866775,-1.507344,-0.000000,-0.912490,-3.670202,0.000000,2.855504
14.420000,0.610375,0.333333,-2.884446,-1.581675,-0.000000,-0.854255,-3.762858,0.000000,2.967994
14.440000,0.577983,0.333333,-2.900930,-1.657859,-0.000000,-0.793771,-3.855514,0.000000,3.080485
14.460000,0.544048,0.333333,-2.916182,-1.735895,-0.000000,-0.731036,-3.948169,0.000000,3.192975
14.480000,0.508535,0.333333,-2.930157,-1.815785,-0.000000,-0.666052,-4.040825,0.000000,3.305466
14.500000,0.471405,0.333333,-2.942809,-1.897528,-0.000000,-0.598817,-4.133481,0.000000,3.417956
14.520000,0.432670,0.333333,-2.954114,-1.973855,-0.000000,-0.532235,-3.499198,0.000000,3.240330
14.540000,0.392535,0.333333,-2.964122,-2.037496,-0.000000,-0.469204,-2.864915,0.000000,3.062705
14.560000,0.351254,0.333333,-2.972905,-2.088452,-0.000000,-0.409726,-2.230632,0.000000,2.885079
14.580000,0.309081,0.333333,-2.980535,-2.126722,-0.000000,-0.353801,-1.596349,0.000000,2.707453
14.600000,0.266270,0.333333,-2.987081,-2.152306,-0.000000,-0.301428,-0.962066,0.000000,2.529828
14.620000,0.223074,0.333333,-2.992616,-2.165204,-0.000000,-0.252608,-0.327783,0.000000,2.352202
14.640000,0.179746,0.333333,-2.997209,-2.165417,-0.000000,-0.207340,0.306500,0.000000,2.174576
14.660000,0.136542,0.333333,-3.000933,-2.152944,-0.000000,-0.165625,0.940783,0.000000,1.996950
14.680000,0.093713,0.333333,-3.003858,-2.127786,0.000000,-0.127462,1.575066,0.000000,1.819325
14.700000,0.051515,0.333333,-3.006055,-2.089942,0.000000,-0.092852,2.209349,0.000000,1.641699
14.720000,0.010200,0.333333,-3.007596,-2.039412,0.000000,-0.061794,2.843632,0.000000,1.464073
14.740000,-0.029977,0.333333,-3.008551,-1.976196,0.000000,-0.034289,3.477915,0.000000,1.286448
14.760000,-0.068763,0.333333,-3.008991,-1.900295,0.000000,-0.010336,4.112198,0.000000,1.108822
14.780000,-0.105904,0.333333,-3.008988,-1.811708,0.000000,0.010064,4.746481,0.000000,0.931196
14.800000,-0.141147,0.333333,-3.008612,-1.710436,0.000000,0.026912,5.380764,0.000000,0.753571
14.820000,-0.174237,0.333333,-3.007935,-1.596478,0.000000,0.040207,6.015047,0.000000,0.575945
14.840000,-0.204922,0.333333,-3.007027,-1.469834,0.000000,0.049949,6.649331,-0.000000,0.398319
14.860000,-0.232946,0.333333,-3.005961,-1.330505,0.000000,0.056140,7.283614,-0.000000,0.220693
14.880000,-0.258057,0.333333,-3.004806,-1.178489,0.000000,0.058777,7.917897,-0.000000,0.043068
14.900000,-0.280001,0.333333,-3.003633,-1.013789,0.000000,0.057862,8.552180,-0.000000,-0.134558
14.920000,-0.298524,0.333333,-3.002515,-0.836402,0.000000,0.053395,9.186463,-0.000000,-0.312184
14.940000,-0.313373,0.333333,-3.001521,-0.646330,0.000000,0.045375,9.820746,-0.000000,-0.489809
14.960000,-0.324293,0.333333,-3.000723,-0.443572,0.000000,0.033802,10.455029,-0.000000,-0.667435
14.980000,-0.331031,0.333333,-3.000193,-0.228129,0.000000,0.018677,11.089312,-0.000000,-0.845061
