0.000000,0.000000,0.000000,0.000000,0.000000,0.000000,0.000000,6.127406,1.286755,-12.032574
0.020000,0.001211,0.000254,-0.002378,0.120372,0.025278,-0.236378,5.909762,1.241050,-11.605179
0.040000,0.004786,0.001005,-0.009398,0.236390,0.049642,-0.464207,5.692117,1.195345,-11.177784
0.060000,0.010638,0.002234,-0.020889,0.348056,0.073092,-0.683489,5.474473,1.149639,-10.750390
0.080000,0.018679,0.003923,-0.036681,0.455369,0.095628,-0.894223,5.256829,1.103934,-10.322995
0.100000,0.028823,0.006053,-0.056601,0.558330,0.117249,-1.096409,5.039184,1.058229,-9.895600
0.120000,0.040983,0.008606,-0.080480,0.656937,0.137957,-1.290047,4.821540,1.012523,-9.468205
0.140000,0.055072,0.011565,-0.108146,0.751191,0.157750,-1.475137,4.603895,0.966818,-9.040810
0.160000,0.071002,0.014910,-0.139429,0.841093,0.176629,-1.651679,4.386251,0.921113,-8.613415
0.180000,0.088686,0.018624,-0.174156,0.926641,0.194595,-1.819674,4.168607,0.875407,-8.186020
0.200000,0.108038,0.022688,-0.212158,1.007837,0.211646,-1.979120,3.950962,0.829702,-7.758626
0.220000,0.128971,0.027084,-0.253264,1.084680,0.227783,-2.130019,3.733318,0.783997,-7.331231
0.240000,0.151397,0.031793,-0.297302,1.157170,0.243006,-2.272369,3.515674,0.738292,-6.903836
0.260000,0.175229,0.036798,-0.344102,1.225307,0.257314,-2.406172,3.298029,0.692586,-6.476441
0.280000,0.200380,0.042080,-0.393492,1.289091,0.270709,-2.531427,3.080385,0.646881,-6.049046
0.300000,0.226763,0.047620,-0.445302,1.348522,0.283190,-2.648134,2.862741,0.601176,-5.621651
0.320000,0.254292,0.053401,-0.499361,1.403600,0.294756,-2.756293,2.645096,0.555470,-5.194257
0.340000,0.282878,0.059404,-0.555497,1.454326,0.305408,-2.855904,2.427452,0.509765,-4.766862
0.360000,0.312436,0.065612,-0.613540,1.500698,0.315147,-2.946967,2.209808,0.464060,-4.339467
0.380000,0.342877,0.072004,-0.673318,1.542718,0.323971,-3.029483,1.992163,0.418354,-3.912072
0.400000,0.374115,0.078564,-0.734662,1.580385,0.331881,-3.103450,1.774519,0.372649,-3.484677
0.420000,0.406064,0.085273,-0.797399,1.613699,0.338877,-3.168870,1.556874,0.326944,-3.057282
0.440000,0.438634,0.092113,-0.861360,1.642660,0.344959,-3.225742,1.339230,0.281238,-2.629888
0.460000,0.471741,0.099066,-0.926372,1.667268,0.350126,-3.274065,1.121586,0.235533,-2.202493
0.480000,0.505296,0.106112,-0.992265,1.687523,0.354380,-3.313841,0.903941,0.189828,-1.775098
0.500000,0.539213,0.113235,-1.058869,1.703426,0.357719,-3.345069,0.686297,0.144122,-1.347703
0.520000,0.573404,0.120415,-1.126011,1.714975,0.360145,-3.367749,0.468653,0.098417,-0.920308
0.540000,0.607783,0.127634,-1.193522,1.722172,0.361656,-3.381882,0.251008,0.052712,-0.492913
0.560000,0.642262,0.134875,-1.261230,1.725016,0.362253,-3.387466,0.033364,0.007006,-0.065518
0.580000,0.676754,0.142118,-1.328963,1.723506,0.361936,-3.384502,-0.184280,-0.038699,0.361876
0.600000,0.711173,0.149346,-1.396553,1.717644,0.360705,-3.372991,-0.401925,-0.084404,0.789271
0.620000,0.745431,0.156541,-1.463826,1.707429,0.358560,-3.352931,-0.619569,-0.130110,1.216666
0.640000,0.779441,0.163683,-1.530613,1.692862,0.355501,-3.324324,-0.837214,-0.175815,1.644061
0.660000,0.813117,0.170755,-1.596742,1.673941,0.351528,-3.287169,-1.054858,-0.221520,2.071456
0.680000,0.846370,0.177738,-1.662043,1.650667,0.346640,-3.241466,-1.272502,-0.267226,2.498851
0.700000,0.879114,0.184614,-1.726344,1.623041,0.340839,-3.187215,-1.490147,-0.312931,2.926245
0.720000,0.911263,0.191365,-1.789474,1.591061,0.334123,-3.124416,-1.707791,-0.358636,3.353640
0.740000,0.942728,0.197973,-1.851263,1.554729,0.326493,-3.053069,-1.925435,-0.404342,3.781035
0.760000,0.973423,0.204419,-1.911540,1.514044,0.317949,-2.973175,-2.143080,-0.450047,4.208430
0.780000,1.003261,0.210685,-1.970133,1.469006,0.308491,-2.884732,-2.360724,-0.495752,4.635825
0.800000,1.032154,0.216752,-2.026872,1.419615,0.298119,-2.787742,-2.578368,-0.541458,5.063220
0.820000,1.060016,0.222603,-2.081586,1.365871,0.286833,-2.682203,-2.796013,-0.587163,5.490614
0.840000,1.086760,0.228220,-2.134104,1.307775,0.274633,-2.568117,-3.013657,-0.632868,5.918009
0.860000,1.112298,0.233583,-2.184254,1.245325,0.261518,-2.445483,-3.231302,-0.678574,6.345404
0.880000,1.136544,0.238674,-2.231866,1.178522,0.247490,-2.314301,-3.448946,-0.724279,6.772799
0.900000,1.159410,0.243476,-2.276769,1.107367,0.232547,-2.174571,-3.666590,-0.769984,7.200194
0.920000,1.180809,0.247970,-2.318792,1.031859,0.216690,-2.026293,-3.884235,-0.815690,7.627589
0.940000,1.200655,0.252138,-2.357764,0.951998,0.199919,-1.869468,-4.101879,-0.861395,8.054984
0.960000,1.218860,0.255961,-2.393513,0.867784,0.182235,-1.704094,-4.319523,-0.907100,8.482378
0.980000,1.235338,0.259421,-2.425870,0.779217,0.163635,-1.530172,-4.537168,-0.952806,8.909773
1.000000,1.250000,0.262500,-2.454663,0.686297,0.144122,-1.347703,-4.754812,-0.998511,9.337168
1.020000,1.262791,0.265186,-2.479782,0.593612,0.124658,-1.165695,-4.513657,-0.947868,8.863605
1.040000,1.273777,0.267493,-2.501354,0.505751,0.106208,-0.993159,-4.272502,-0.897226,8.390043
1.060000,1.283053,0.269441,-2.519571,0.422712,0.088769,-0.830094,-4.031347,-0.846583,7.916480
1.080000,1.290717,0.271051,-2.534621,0.344497,0.072344,-0.676500,-3.790192,-0.795940,7.442917
1.100000,1.296865,0.272342,-2.546694,0.271105,0.056932,-0.532377,-3.549038,-0.745298,6.969354
1.120000,1.301594,0.273335,-2.555979,0.202535,0.042532,-0.397725,-3.307883,-0.694655,6.495792
1.140000,1.304999,0.274050,-2.562666,0.138789,0.029146,-0.272545,-3.066728,-0.644013,6.022229
1.160000,1.307177,0.274507,-2.566944,0.079866,0.016772,-0.156836,-2.825573,-0.593370,5.548666
1.180000,1.308226,0.274727,-2.569003,0.025766,0.005411,-0.050599,-2.584418,-0.542727,5.075103
1.200000,1.308240,0.274730,-2.569031,-0.023511,-0.004937,0.046168,-2.343263,-0.492085,4.601541
1.220000,1.307317,0.274537,-2.567219,-0.067964,-0.014273,0.133463,-2.102108,-0.441442,4.127978
1.240000,1.305554,0.274166,-2.563756,-0.107595,-0.022595,0.211287,-1.860953,-0.390800,3.654415
1.260000,1.303046,0.273640,-2.558831,-0.142402,-0.029905,0.279640,-1.619798,-0.340157,3.180853
1.280000,1.299890,0.272977,-2.552634,-0.172387,-0.036201,0.338521,-1.378644,-0.289514,2.707290
1.300000,1.296182,0.272198,-2.545353,-0.197548,-0.041485,0.387931,-1.137489,-0.238872,2.233727
1.320000,1.292020,0.271324,-2.537179,-0.217886,-0.045756,0.427870,-0.896334,-0.188229,1.760164
1.340000,1.287499,0.270375,-2.528302,-0.233401,-0.049014,0.458338,-0.655179,-0.137587,1.286602
1.360000,1.282716,0.269370,-2.518909,-0.244094,-0.051260,0.479334,-0.414024,-0.086944,0.813039
1.380000,1.277768,0.268331,-2.509191,-0.249962,-0.052492,0.490859,-0.172869,-0.036301,0.339476
1.400000,1.272750,0.267277,-2.499338,-0.251008,-0.052712,0.492913,0.068286,0.014341,-0.134087
1.420000,1.267759,0.266229,-2.489538,-0.247231,-0.051918,0.485496,0.309441,0.064984,-0.607649
1.440000,1.262893,0.265207,-2.479981,-0.238631,-0.050112,0.468607,0.550596,0.115626,-1.081212
1.460000,1.258246,0.264232,-2.470857,-0.225207,-0.047293,0.442247,0.791750,0.166269,-1.554775
1.480000,1.253917,0.263322,-2.462354,-0.206961,-0.043462,0.406416,1.032905,0.216912,-2.028338
1.500000,1.250000,0.262500,-2.454663,-0.183891,-0.038617,0.361114,1.274060,0.267554,-2.501900
1.520000,1.246573,0.261780,-2.447933,-0.159056,-0.033401,0.312345,1.209441,0.253984,-2.375007
1.540000,1.243629,0.261162,-2.442153,-0.135513,-0.028457,0.266114,1.144821,0.240413,-2.248114
1.560000,1.241144,0.260640,-2.437272,-0.113263,-0.023785,0.222420,1.080202,0.226843,-2.121220
1.580000,1.239090,0.260209,-2.433239,-0.092305,-0.019384,0.181265,1.015582,0.213273,-1.994327
1.600000,1.237443,0.259863,-2.430004,-0.072640,-0.015254,0.142647,0.950962,0.199702,-1.867434
1.620000,1.236176,0.259597,-2.427516,-0.054267,-0.011396,0.106568,0.886343,0.186132,-1.740540
1.640000,1.235263,0.259405,-2.425724,-0.037186,-0.007809,0.073026,0.821723,0.172561,-1.613647
1.660000,1.234680,0.259283,-2.424578,-0.021398,-0.004493,0.042022,0.757104,0.158991,-1.486754
1.680000,1.234399,0.259224,-2.424027,-0.006902,-0.001449,0.013556,0.692484,0.145420,-1.359860
1.700000,1.234395,0.259223,-2.424019,0.006302,0.001324,-0.012373,0.627865,0.131850,-1.232967
1.720000,1.234642,0.259275,-2.424505,0.018213,0.003825,-0.035763,0.563245,0.118280,-1.106074
1.740000,1.235115,0.259374,-2.425433,0.028831,0.006055,-0.056616,0.498625,0.104709,-0.979180
1.760000,1.235787,0.259515,-2.426752,0.038158,0.008013,-0.074930,0.434006,0.091139,-0.852287
1.780000,1.236633,0.259693,-2.428413,0.046192,0.009700,-0.090707,0.369386,0.077568,-0.725394
1.800000,1.237626,0.259902,-2.430364,0.052933,0.011116,-0.103946,0.304767,0.063998,-0.598500
1.820000,1.238741,0.260136,-2.432554,0.058382,0.012260,-0.114647,0.240147,0.050427,-0.471607
1.840000,1.239953,0.260390,-2.434933,0.062539,0.013133,-0.122810,0.175528,0.036857,-0.344714
1.860000,1.241234,0.260659,-2.437449,0.065403,0.013735,-0.128436,0.110908,0.023287,-0.217820
1.880000,1.242560,0.260938,-2.440053,0.066975,0.014065,-0.131523,0.046289,0.009716,-0.090927
1.900000,1.243905,0.261220,-2.442693,0.067255,0.014123,-0.132073,-0.018331,-0.003854,0.035967
1.920000,1.245242,0.261501,-2.445319,0.066242,0.013910,-0.130085,-0.082951,-0.017425,0.162860
1.940000,1.246546,0.261775,-2.447880,0.063937,0.013426,-0.125558,-0.147570,-0.030995,0.289753
1.960000,1.247791,0.262036,-2.450325,0.060339,0.012671,-0.118494,-0.212190,-0.044565,0.416647
1.980000,1.248951,0.262280,-2.452603,0.055449,0.011644,-0.108893,-0.276809,-0.058136,0.543540
2.000000,1.250000,0.262500,-2.454663,0.049267,0.010345,-0.096753,-0.341429,-0.071706,0.670433
2.020000,1.250918,0.262693,-2.456467,0.042612,0.008947,-0.083684,-0.324105,-0.068067,0.636423
2.040000,1.251707,0.262858,-2.458015,0.036303,0.007622,-0.071296,-0.306782,-0.064428,0.602412
2.060000,1.252373,0.262998,-2.459323,0.030340,0.006370,-0.059588,-0.289459,-0.060789,0.568401
2.080000,1.252923,0.263114,-2.460403,0.024724,0.005191,-0.048560,-0.272135,-0.057150,0.534391
2.100000,1.253364,0.263206,-2.461270,0.019455,0.004084,-0.038212,-0.254812,-0.053511,0.500380
2.120000,1.253703,0.263278,-2.461936,0.014532,0.003050,-0.028545,-0.237489,-0.049872,0.466369
2.140000,1.253947,0.263329,-2.462416,0.009955,0.002089,-0.019557,-0.220165,-0.046233,0.432359
2.160000,1.254104,0.263362,-2.462723,0.005725,0.001201,-0.011250,-0.202842,-0.042594,0.398348
2.180000,1.254179,0.263377,-2.462871,0.001842,0.000386,-0.003623,-0.185519,-0.038954,0.364338
2.200000,1.254180,0.263378,-2.462873,-0.001696,-0.000357,0.003323,-0.168195,-0.035315,0.330327
2.220000,1.254113,0.263364,-2.462742,-0.004886,-0.001027,0.009590,-0.150872,-0.031676,0.296316
2.240000,1.253987,0.263337,-2.462494,-0.007730,-0.001624,0.015176,-0.133549,-0.028037,0.262306
2.260000,1.253806,0.263299,-2.462140,-0.010228,-0.002148,0.020082,-0.116225,-0.024398,0.228295
2.280000,1.253580,0.263251,-2.461695,-0.012379,-0.002600,0.024308,-0.098902,-0.020759,0.194284
2.300000,1.253314,0.263196,-2.461172,-0.014184,-0.002979,0.027853,-0.081579,-0.017120,0.160274
2.320000,1.253015,0.263133,-2.460585,-0.015643,-0.003285,0.030719,-0.064255,-0.013481,0.126263
2.340000,1.252690,0.263065,-2.459948,-0.016754,-0.003518,0.032904,-0.046932,-0.009842,0.092252
2.360000,1.252347,0.262993,-2.459274,-0.017520,-0.003678,0.034409,-0.029609,-0.006203,0.058242
2.380000,1.251992,0.262918,-2.458576,-0.017939,-0.003766,0.035233,-0.012285,-0.002564,0.024231
2.400000,1.251632,0.262842,-2.457869,-0.018011,-0.003781,0.035378,0.005038,0.001076,-0.009779
2.420000,1.251274,0.262767,-2.457165,-0.017737,-0.003723,0.034842,0.022361,0.004715,-0.043790
2.440000,1.250924,0.262694,-2.456480,-0.017117,-0.003592,0.033626,0.039685,0.008354,-0.077801
2.460000,1.250591,0.262624,-2.455825,-0.016150,-0.003389,0.031730,0.057008,0.011993,-0.111811
2.480000,1.250281,0.262559,-2.455215,-0.014836,-0.003113,0.029154,0.074331,0.015632,-0.145822
2.500000,1.250000,0.262500,-2.454663,-0.013177,-0.002764,0.025897,0.091655,0.019271,-0.179833
2.520000,1.249754,0.262449,-2.454181,-0.011390,-0.002388,0.022392,0.086981,0.018285,-0.170683
2.540000,1.249544,0.262404,-2.453766,-0.009697,-0.002032,0.019070,0.082307,0.017299,-0.161534
2.560000,1.249366,0.262367,-2.453417,-0.008098,-0.001696,0.015931,0.077633,0.016313,-0.152385
2.580000,1.249219,0.262336,-2.453128,-0.006592,-0.001380,0.012975,0.072960,0.015327,-0.143236
2.600000,1.249102,0.262312,-2.452897,-0.005180,-0.001083,0.010201,0.068286,0.014341,-0.134087
2.620000,1.249011,0.262293,-2.452719,-0.003861,-0.000806,0.007611,0.063612,0.013355,-0.124937
2.640000,1.248947,0.262279,-2.452591,-0.002635,-0.000549,0.005204,0.058938,0.012369,-0.115788
2.660000,1.248905,0.262271,-2.452509,-0.001503,-0.000311,0.002980,0.054264,0.011383,-0.106639
2.680000,1.248886,0.262267,-2.452470,-0.000465,-0.000094,0.000938,0.049590,0.010397,-0.097490
2.700000,1.248886,0.262267,-2.452471,0.000481,0.000105,-0.000920,0.044917,0.009411,-0.088341
2.720000,1.248904,0.262271,-2.452506,0.001332,0.000283,-0.002595,0.040243,0.008426,-0.079192
2.740000,1.248939,0.262278,-2.452573,0.002090,0.000442,-0.004088,0.035569,0.007440,-0.070042
2.760000,1.248987,0.262288,-2.452668,0.002755,0.000581,-0.005397,0.030895,0.006454,-0.060893
2.780000,1.249048,0.262301,-2.452788,0.003326,0.000700,-0.006523,0.026221,0.005468,-0.051744
2.800000,1.249120,0.262316,-2.452928,0.003804,0.000799,-0.007467,0.021548,0.004482,-0.042595
2.820000,1.249200,0.262333,-2.453085,0.004188,0.000879,-0.008227,0.016874,0.003496,-0.033446
2.840000,1.249287,0.262351,-2.453256,0.004479,0.000939,-0.008805,0.012200,0.002510,-0.024296
2.860000,1.249378,0.262370,-2.453436,0.004676,0.000979,-0.009199,0.007526,0.001524,-0.015147
2.880000,1.249473,0.262390,-2.453623,0.004780,0.001000,-0.009410,0.002852,0.000538,-0.005998
2.900000,1.249569,0.262410,-2.453811,0.004790,0.001001,-0.009439,-0.001822,-0.000448,0.003151
2.920000,1.249664,0.262430,-2.453999,0.004707,0.000982,-0.009284,-0.006495,-0.001434,0.012300
2.940000,1.249757,0.262450,-2.454182,0.004530,0.000944,-0.008947,-0.011169,-0.002420,0.021449
2.960000,1.249845,0.262468,-2.454356,0.004260,0.000885,-0.008426,-0.015843,-0.003406,0.030599
2.980000,1.249926,0.262485,-2.454517,0.003897,0.000807,-0.007723,-0.020517,-0.004392,0.039748
3.000000,1.250000,0.262500,-2.454663,0.003439,0.000710,-0.006837,-0.025191,-0.005378,0.048897
3.020000,1.250064,0.262513,-2.454790,0.002949,0.000605,-0.005884,-0.023819,-0.005073,0.046311
3.040000,1.250118,0.262524,-2.454899,0.002487,0.000507,-0.004984,-0.022447,-0.004768,0.043725
3.060000,1.250163,0.262533,-2.454990,0.002052,0.000414,-0.004135,-0.021075,-0.004464,0.041139
3.080000,1.250200,0.262541,-2.455065,0.001644,0.000328,-0.003339,-0.019703,-0.004159,0.038553
3.100000,1.250229,0.262547,-2.455124,0.001263,0.000248,-0.002593,-0.018331,-0.003854,0.035967
3.120000,1.250251,0.262551,-2.455169,0.000910,0.000174,-0.001900,-0.016959,-0.003549,0.033380
3.140000,1.250266,0.262554,-2.455200,0.000585,0.000106,-0.001258,-0.015587,-0.003245,0.030794
3.160000,1.250275,0.262555,-2.455220,0.000287,0.000044,-0.000668,-0.014215,-0.002940,0.028208
3.180000,1.250278,0.262555,-2.455227,0.000016,-0.000012,-0.000130,-0.012843,-0.002635,0.025622
3.200000,1.250276,0.262555,-2.455225,-0.000227,-0.000061,0.000357,-0.011471,-0.002331,0.023036
3.220000,1.250269,0.262553,-2.455214,-0.000442,-0.000105,0.000792,-0.010099,-0.002026,0.020450
3.240000,1.250258,0.262551,-2.455194,-0.000631,-0.000142,0.001175,-0.008727,-0.001721,0.017864
3.260000,1.250244,0.262547,-2.455167,-0.000792,-0.000174,0.001506,-0.007356,-0.001416,0.015278
3.280000,1.250227,0.262544,-2.455134,-0.000925,-0.000199,0.001786,-0.005984,-0.001112,0.012692
3.300000,1.250207,0.262539,-2.455096,-0.001031,-0.000218,0.002014,-0.004612,-0.000807,0.010106
3.320000,1.250185,0.262535,-2.455054,-0.001109,-0.000231,0.002190,-0.003240,-0.000502,0.007519
3.340000,1.250163,0.262530,-2.455009,-0.001160,-0.000238,0.002315,-0.001868,-0.000197,0.004933
3.360000,1.250139,0.262525,-2.454961,-0.001184,-0.000239,0.002387,-0.000496,0.000107,0.002347
3.380000,1.250116,0.262521,-2.454913,-0.001180,-0.000234,0.002408,0.000876,0.000412,-0.000239
3.400000,1.250092,0.262516,-2.454865,-0.001149,-0.000223,0.002378,0.002248,0.000717,-0.002825
3.420000,1.250070,0.262512,-2.454819,-0.001090,-0.000205,0.002296,0.003620,0.001022,-0.005411
3.440000,1.250049,0.262508,-2.454774,-0.001004,-0.000182,0.002161,0.004992,0.001326,-0.007997
3.460000,1.250030,0.262505,-2.454733,-0.000891,-0.000152,0.001976,0.006364,0.001631,-0.010583
3.480000,1.250013,0.262502,-2.454695,-0.000750,-0.000116,0.001738,0.007736,0.001936,-0.013169
3.500000,1.250000,0.262500,-2.454663,-0.000581,-0.000075,0.001449,0.009108,0.002241,-0.015755
3.520000,1.249990,0.262499,-2.454637,-0.000407,-0.000032,0.001146,0.008294,0.002008,-0.014560
3.540000,1.249984,0.262499,-2.454617,-0.000250,0.000006,0.000866,0.007480,0.001775,-0.013365
3.560000,1.249980,0.262499,-2.454603,-0.000108,0.000039,0.000611,0.006666,0.001542,-0.012170
3.580000,1.249979,0.262500,-2.454593,0.000017,0.000067,0.000380,0.005852,0.001309,-0.010975
3.600000,1.249981,0.262502,-2.454587,0.000126,0.000091,0.000172,0.005038,0.001076,-0.009779
3.620000,1.249984,0.262504,-2.454586,0.000219,0.000110,-0.000012,0.004224,0.000843,-0.008584
3.640000,1.249989,0.262506,-2.454588,0.000295,0.000125,-0.000171,0.003410,0.000610,-0.007389
3.660000,1.249996,0.262509,-2.454592,0.000355,0.000135,-0.000307,0.002596,0.000377,-0.006194
3.680000,1.250003,0.262512,-2.454600,0.000399,0.000140,-0.000419,0.001783,0.000144,-0.004999
3.700000,1.250012,0.262514,-2.454609,0.000426,0.000140,-0.000507,0.000969,-0.000089,-0.003803
3.720000,1.250020,0.262517,-2.454620,0.000438,0.000136,-0.000571,0.000155,-0.000322,-0.002608
3.740000,1.250029,0.262520,-2.454632,0.000433,0.000127,-0.000611,-0.000659,-0.000555,-0.001413
3.760000,1.250037,0.262522,-2.454644,0.000411,0.000114,-0.000628,-0.001473,-0.000788,-0.000218
3.780000,1.250045,0.262524,-2.454657,0.000374,0.000096,-0.000620,-0.002287,-0.001021,0.000978
3.800000,1.250052,0.262526,-2.454669,0.000320,0.000073,-0.000589,-0.003101,-0.001254,0.002173
3.820000,1.250058,0.262527,-2.454680,0.000250,0.000046,-0.000533,-0.003915,-0.001487,0.003368
3.840000,1.250062,0.262528,-2.454690,0.000163,0.000014,-0.000454,-0.004728,-0.001720,0.004563
3.860000,1.250064,0.262528,-2.454698,0.000060,-0.000023,-0.000351,-0.005542,-0.001953,0.005758
3.880000,1.250065,0.262527,-2.454704,-0.000059,-0.000064,-0.000224,-0.006356,-0.002186,0.006954
3.900000,1.250062,0.262525,-2.454707,-0.000194,-0.000111,-0.000072,-0.007170,-0.002419,0.008149
3.920000,1.250057,0.262522,-2.454707,-0.000345,-0.000161,0.000102,-0.007984,-0.002652,0.009344
3.940000,1.250048,0.262519,-2.454703,-0.000513,-0.000217,0.000301,-0.008798,-0.002885,0.010539
3.960000,1.250036,0.262514,-2.454694,-0.000697,-0.000277,0.000524,-0.009612,-0.003118,0.011734
3.980000,1.250020,0.262508,-2.454681,-0.000898,-0.000341,0.000771,-0.010426,-0.003351,0.012930
4.000000,1.250000,0.262500,-2.454663,-0.001114,-0.000411,0.001041,-0.011240,-0.003585,0.014125
4.020000,1.249976,0.262491,-2.454640,-0.001320,-0.000476,0.001302,-0.009356,-0.002957,0.011930
4.040000,1.249947,0.262481,-2.454612,-0.001489,-0.000529,0.001518,-0.007472,-0.002330,0.009735
4.060000,1.249916,0.262470,-2.454579,-0.001619,-0.000569,0.001691,-0.005589,-0.001703,0.007541
4.080000,1.249883,0.262458,-2.454544,-0.001712,-0.000597,0.001820,-0.003705,-0.001075,0.005346
4.100000,1.249848,0.262446,-2.454507,-0.001767,-0.000612,0.001905,-0.001822,-0.000448,0.003151
4.120000,1.249812,0.262434,-2.454468,-0.001785,-0.000615,0.001946,0.000062,0.000179,0.000956
4.140000,1.249777,0.262422,-2.454429,-0.001765,-0.000605,0.001943,0.001946,0.000806,-0.001238
4.160000,1.249742,0.262410,-2.454391,-0.001707,-0.000583,0.001897,0.003829,0.001434,-0.003433
4.180000,1.249709,0.262398,-2.454354,-0.001612,-0.000548,0.001806,0.005713,0.002061,-0.005628
4.200000,1.249678,0.262388,-2.454319,-0.001479,-0.000500,0.001671,0.007597,0.002688,-0.007823
4.220000,1.249650,0.262379,-2.454287,-0.001308,-0.000440,0.001493,0.009480,0.003316,-0.010017
4.240000,1.249626,0.262370,-2.454259,-0.001099,-0.000368,0.001271,0.011364,0.003943,-0.012212
4.260000,1.249606,0.262364,-2.454237,-0.000853,-0.000283,0.001005,0.013247,0.004570,-0.014407
4.280000,1.249592,0.262359,-2.454220,-0.000569,-0.000185,0.000694,0.015131,0.005197,-0.016602
4.300000,1.249584,0.262357,-2.454209,-0.000248,-0.000075,0.000340,0.017015,0.005825,-0.018796
4.320000,1.249582,0.262356,-2.454206,0.000111,0.000048,-0.000057,0.018898,0.006452,-0.020991
4.340000,1.249588,0.262359,-2.454212,0.000508,0.000183,-0.000499,0.020782,0.007079,-0.023186
4.360000,1.249603,0.262364,-2.454227,0.000942,0.000331,-0.000985,0.022665,0.007706,-0.025381
4.380000,1.249626,0.262372,-2.454251,0.001415,0.000492,-0.001514,0.024549,0.008334,-0.027576
4.400000,1.249660,0.262384,-2.454287,0.001924,0.000665,-0.002088,0.026433,0.008961,-0.029770
4.420000,1.249704,0.262399,-2.454335,0.002472,0.000850,-0.002705,0.028316,0.009588,-0.031965
4.440000,1.249759,0.262418,-2.454396,0.003057,0.001048,-0.003366,0.030200,0.010216,-0.034160
4.460000,1.249826,0.262441,-2.454470,0.003680,0.001259,-0.004072,0.032084,0.010843,-0.036355
4.480000,1.249906,0.262468,-2.454559,0.004340,0.001482,-0.004821,0.033967,0.011470,-0.038549
4.500000,1.250000,0.262500,-2.454663,0.005038,0.001718,-0.005614,0.035851,0.012097,-0.040744
4.520000,1.250107,0.262537,-2.454783,0.005688,0.001937,-0.006353,0.029130,0.009821,-0.033160
4.540000,1.250227,0.262577,-2.454916,0.006204,0.002110,-0.006940,0.022410,0.007545,-0.025576
4.560000,1.250355,0.262621,-2.455060,0.006585,0.002239,-0.007376,0.015689,0.005269,-0.017993
4.580000,1.250489,0.262666,-2.455210,0.006831,0.002321,-0.007660,0.008968,0.002993,-0.010409
4.600000,1.250627,0.262713,-2.455365,0.006943,0.002358,-0.007792,0.002248,0.000717,-0.002825
4.620000,1.250766,0.262760,-2.455521,0.006921,0.002350,-0.007773,-0.004473,-0.001559,0.004759
4.640000,1.250903,0.262807,-2.455675,0.006765,0.002296,-0.007602,-0.011193,-0.003835,0.012343
4.660000,1.251036,0.262852,-2.455824,0.006473,0.002196,-0.007279,-0.017914,-0.006111,0.019926
4.680000,1.251161,0.262895,-2.455965,0.006048,0.002051,-0.006805,-0.024634,-0.008387,0.027510
4.700000,1.251277,0.262934,-2.456095,0.005488,0.001861,-0.006179,-0.031355,-0.010664,0.035094
4.720000,1.251380,0.262969,-2.456211,0.004794,0.001625,-0.005401,-0.038075,-0.012940,0.042678
4.740000,1.251468,0.262998,-2.456310,0.003965,0.001343,-0.004471,-0.044796,-0.015216,0.050262
4.760000,1.251537,0.263022,-2.456389,0.003002,0.001016,-0.003390,-0.051517,-0.017492,0.057846
4.780000,1.251587,0.263039,-2.456445,0.001904,0.000644,-0.002158,-0.058237,-0.019768,0.065429
4.800000,1.251613,0.263048,-2.456475,0.000672,0.000226,-0.000773,-0.064958,-0.022044,0.073013
4.820000,1.251613,0.263047,-2.456475,-0.000694,-0.000238,0.000763,-0.071678,-0.024320,0.080597
4.840000,1.251584,0.263038,-2.456443,-0.002195,-0.000747,0.002451,-0.078399,-0.026596,0.088181
4.860000,1.251524,0.263017,-2.456376,-0.003830,-0.001302,0.004290,-0.085119,-0.028872,0.095765
4.880000,1.251430,0.262985,-2.456270,-0.005599,-0.001902,0.006281,-0.091840,-0.031148,0.103349
4.900000,1.251299,0.262941,-2.456124,-0.007503,-0.002548,0.008424,-0.098561,-0.033425,0.110932
4.920000,1.251129,0.262883,-2.455932,-0.009542,-0.003239,0.010719,-0.105281,-0.035701,0.118516
4.940000,1.250917,0.262811,-2.455694,-0.011715,-0.003976,0.013165,-0.112002,-0.037977,0.126100
4.960000,1.250659,0.262724,-2.455405,-0.014022,-0.004758,0.015763,-0.118722,-0.040253,0.133684
4.980000,1.250355,0.262620,-2.455062,-0.016464,-0.005586,0.018512,-0.125443,-0.042529,0.141268
5.000000,1.250000,0.262500,-2.454663,-0.019040,-0.006459,0.021413,-0.132163,-0.044805,0.148851
5.020000,1.249594,0.262362,-2.454207,-0.021433,-0.007271,0.024109,-0.107165,-0.036328,0.120711
5.040000,1.249146,0.262210,-2.453703,-0.023326,-0.007913,0.026242,-0.082166,-0.027851,0.092570
5.060000,1.248665,0.262047,-2.453161,-0.024720,-0.008385,0.027812,-0.057167,-0.019374,0.064430
5.080000,1.248161,0.261876,-2.452594,-0.025613,-0.008687,0.028819,-0.032169,-0.010897,0.036289
5.100000,1.247644,0.261701,-2.452012,-0.026006,-0.008821,0.029263,-0.007170,-0.002419,0.008149
5.120000,1.247124,0.261524,-2.451427,-0.025900,-0.008784,0.029145,0.017828,0.006058,-0.019992
5.140000,1.246611,0.261350,-2.450850,-0.025293,-0.008578,0.028464,0.042827,0.014535,-0.048132
5.160000,1.246115,0.261182,-2.450292,-0.024187,-0.008203,0.027220,0.067826,0.023012,-0.076273
5.180000,1.245647,0.261023,-2.449765,-0.022580,-0.007658,0.025413,0.092824,0.031489,-0.104413
5.200000,1.245215,0.260877,-2.449280,-0.020474,-0.006943,0.023043,0.117823,0.039966,-0.132554
5.220000,1.244831,0.260747,-2.448847,-0.017867,-0.006059,0.020111,0.142822,0.048443,-0.160694
5.240000,1.244504,0.260636,-2.448479,-0.014761,-0.005006,0.016615,0.167820,0.056920,-0.188835
5.260000,1.244244,0.260548,-2.448186,-0.011154,-0.003782,0.012557,0.192819,0.065398,-0.216975
5.280000,1.244061,0.260486,-2.447980,-0.007048,-0.002390,0.007936,0.217818,0.073875,-0.245116
5.300000,1.243965,0.260453,-2.447873,-0.002442,-0.000827,0.002752,0.242816,0.082352,-0.273256
5.320000,1.243967,0.260454,-2.447874,0.002665,0.000904,-0.002994,0.267815,0.090829,-0.301397
5.340000,1.244075,0.260491,-2.447996,0.008271,0.002806,-0.009303,0.292814,0.099306,-0.329538
5.360000,1.244301,0.260567,-2.448250,0.014377,0.004877,-0.016176,0.317812,0.107783,-0.357678
5.380000,1.244654,0.260687,-2.448647,0.020983,0.007117,-0.023611,0.342811,0.116260,-0.385819
5.400000,1.245144,0.260853,-2.449198,0.028090,0.009527,-0.031608,0.367809,0.124737,-0.413959
5.420000,1.245781,0.261069,-2.449915,0.035696,0.012107,-0.040169,0.392808,0.133214,-0.442100
5.440000,1.246575,0.261338,-2.450809,0.043802,0.014856,-0.049292,0.417807,0.141692,-0.470240
5.460000,1.247536,0.261664,-2.451890,0.052408,0.017774,-0.058978,0.442805,0.150169,-0.498381
5.480000,1.248674,0.262050,-2.453172,0.061514,0.020862,-0.069228,0.467804,0.158646,-0.526521
5.500000,1.250000,0.262500,-2.454663,0.071120,0.024120,-0.080039,0.492803,0.167123,-0.554662
5.520000,1.251515,0.263014,-2.456368,0.080043,0.027146,-0.090083,0.399529,0.135491,-0.449683
5.540000,1.253189,0.263582,-2.458253,0.087101,0.029540,-0.098027,0.306255,0.103858,-0.344705
5.560000,1.254986,0.264191,-2.460275,0.092294,0.031301,-0.103871,0.212981,0.072226,-0.239727
5.580000,1.256869,0.264829,-2.462393,0.095621,0.032429,-0.107616,0.119707,0.040593,-0.134749
5.600000,1.258799,0.265484,-2.464566,0.097082,0.032924,-0.109261,0.026433,0.008961,-0.029770
5.620000,1.260739,0.266142,-2.466750,0.096678,0.032787,-0.108807,-0.066841,-0.022671,0.075208
5.640000,1.262653,0.266791,-2.468904,0.094408,0.032017,-0.106253,-0.160115,-0.054304,0.180186
5.660000,1.264503,0.267419,-2.470986,0.090273,0.030615,-0.101599,-0.253389,-0.085936,0.285165
5.680000,1.266252,0.268012,-2.472954,0.084273,0.028580,-0.094846,-0.346663,-0.117569,0.390143
5.700000,1.267862,0.268558,-2.474766,0.076407,0.025912,-0.085993,-0.439937,-0.149201,0.495121
5.720000,1.269296,0.269044,-2.476380,0.066675,0.022612,-0.075041,-0.533211,-0.180833,0.600099
5.740000,1.270516,0.269458,-2.477754,0.055078,0.018679,-0.061989,-0.626485,-0.212466,0.705078
5.760000,1.271486,0.269787,-2.478845,0.041616,0.014113,-0.046838,-0.719759,-0.244098,0.810056
5.780000,1.272169,0.270018,-2.479613,0.026288,0.008915,-0.029587,-0.813033,-0.275731,0.915034
5.800000,1.272526,0.270139,-2.480015,0.009094,0.003084,-0.010237,-0.906307,-0.307363,1.020013
5.820000,1.272520,0.270137,-2.480009,-0.009964,-0.003379,0.011213,-0.999581,-0.338995,1.124991
5.840000,1.272115,0.270000,-2.479552,-0.030889,-0.010476,0.034763,-1.092855,-0.370628,1.229969
5.860000,1.271272,0.269714,-2.478604,-0.053679,-0.018205,0.060412,-1.186129,-0.402260,1.334948
5.880000,1.269955,0.269267,-2.477122,-0.078334,-0.026566,0.088161,-1.279403,-0.433892,1.439926
5.900000,1.268126,0.268647,-2.475064,-0.104855,-0.035560,0.118009,-1.372677,-0.465525,1.544904
5.920000,1.265748,0.267841,-2.472387,-0.133241,-0.045187,0.149957,-1.465951,-0.497157,1.649882
5.940000,1.262784,0.266836,-2.469051,-0.163493,-0.055447,0.184004,-1.559225,-0.528790,1.754861
5.960000,1.259196,0.265619,-2.465013,-0.195610,-0.066339,0.220151,-1.652499,-0.560422,1.859839
5.980000,1.254947,0.264178,-2.460231,-0.229593,-0.077863,0.258398,-1.745773,-0.592054,1.964817
6.000000,1.250000,0.262500,-2.454663,-0.265441,-0.090021,0.298744,-1.839047,-0.623687,2.069796
6.020000,1.244327,0.260576,-2.448278,-0.301728,-0.102370,0.339648,-1.789662,-0.611213,2.020559
6.040000,1.237937,0.258407,-2.441084,-0.337027,-0.114469,0.379566,-1.740278,-0.598739,1.971323
6.060000,1.230852,0.255999,-2.433102,-0.371339,-0.126319,0.418501,-1.690893,-0.586266,1.922087
6.080000,1.223090,0.253356,-2.424351,-0.404663,-0.137920,0.456450,-1.641509,-0.573792,1.872851
6.100000,1.214672,0.250483,-2.414850,-0.437000,-0.149271,0.493415,-1.592124,-0.561318,1.823614
6.120000,1.205617,0.247387,-2.404621,-0.468348,-0.160373,0.529395,-1.542739,-0.548844,1.774378
6.140000,1.195945,0.244070,-2.393681,-0.498709,-0.171225,0.564390,-1.493355,-0.536371,1.725142
6.160000,1.185675,0.240539,-2.382051,-0.528082,-0.181828,0.598400,-1.443970,-0.523897,1.675906
6.180000,1.174828,0.236799,-2.369752,-0.556468,-0.192181,0.631426,-1.394585,-0.511423,1.626669
6.200000,1.163423,0.232854,-2.356801,-0.583866,-0.202285,0.663467,-1.345201,-0.498950,1.577433
6.220000,1.151480,0.228709,-2.343219,-0.610276,-0.212139,0.694523,-1.295816,-0.486476,1.528197
6.240000,1.139019,0.224370,-2.329027,-0.635698,-0.221744,0.724595,-1.246431,-0.474002,1.478961
6.260000,1.126059,0.219841,-2.314242,-0.660133,-0.231099,0.753682,-1.197047,-0.461528,1.429724
6.280000,1.112620,0.215127,-2.298886,-0.683580,-0.240205,0.781784,-1.147662,-0.449055,1.380488
6.300000,1.098722,0.210234,-2.282977,-0.706040,-0.249061,0.808901,-1.098277,-0.436581,1.331252
6.320000,1.084385,0.205167,-2.266536,-0.727511,-0.257668,0.835034,-1.048893,-0.424107,1.282016
6.340000,1.069628,0.199929,-2.249583,-0.747995,-0.266025,0.860182,-0.999508,-0.411633,1.232779
6.360000,1.054472,0.194527,-2.232136,-0.767492,-0.274133,0.884345,-0.950124,-0.399160,1.183543
6.380000,1.038935,0.188966,-2.214215,-0.786000,-0.281992,0.907524,-0.900739,-0.386686,1.134307
6.400000,1.023038,0.183249,-2.195841,-0.803521,-0.289601,0.929717,-0.851354,-0.374212,1.085071
6.420000,1.006801,0.177383,-2.177033,-0.820054,-0.296960,0.950926,-0.801970,-0.361738,1.035835
6.440000,0.990243,0.171373,-2.157811,-0.835600,-0.304070,0.971151,-0.752585,-0.349265,0.986598
6.460000,0.973384,0.165222,-2.138194,-0.850158,-0.310931,0.990390,-0.703200,-0.336791,0.937362
6.480000,0.956243,0.158937,-2.118202,-0.863728,-0.317542,1.008645,-0.653816,-0.324317,0.888126
6.500000,0.938841,0.152522,-2.097855,-0.876311,-0.323903,1.025915,-0.604431,-0.311844,0.838890
6.520000,0.921197,0.145983,-2.077172,-0.887905,-0.330016,1.042201,-0.555046,-0.299370,0.789653
6.540000,0.903331,0.139323,-2.056173,-0.898512,-0.335878,1.057502,-0.505662,-0.286896,0.740417
6.560000,0.885263,0.132549,-2.034878,-0.908132,-0.341491,1.071818,-0.456277,-0.274422,0.691181
6.580000,0.867013,0.125665,-2.013307,-0.916763,-0.346855,1.085149,-0.406892,-0.261949,0.641945
6.600000,0.848599,0.118677,-1.991479,-0.924407,-0.351969,1.097495,-0.357508,-0.249475,0.592708
6.620000,0.830043,0.111588,-1.969414,-0.931064,-0.356834,1.108857,-0.308123,-0.237001,0.543472
6.640000,0.811363,0.104405,-1.947131,-0.936732,-0.361449,1.119234,-0.258739,-0.224527,0.494236
6.660000,0.792580,0.097132,-1.924651,-0.941413,-0.365815,1.128627,-0.209354,-0.212054,0.445000
6.680000,0.773713,0.089774,-1.901993,-0.945107,-0.369932,1.137034,-0.159969,-0.199580,0.395763
6.700000,0.754783,0.082336,-1.879176,-0.947812,-0.373798,1.144457,-0.110585,-0.187106,0.346527
6.720000,0.735807,0.074824,-1.856221,-0.949530,-0.377416,1.150895,-0.061200,-0.174632,0.297291
6.740000,0.716808,0.067241,-1.833147,-0.950260,-0.380784,1.156349,-0.011815,-0.162159,0.248055
6.760000,0.697804,0.059594,-1.809974,-0.950003,-0.383902,1.160817,0.037569,-0.149685,0.198818
6.780000,0.678814,0.051887,-1.786721,-0.948757,-0.386771,1.164301,0.086954,-0.137211,0.149582
6.800000,0.659860,0.044125,-1.763408,-0.946524,-0.389391,1.166801,0.136339,-0.124738,0.100346
6.820000,0.640960,0.036313,-1.740055,-0.943304,-0.391761,1.168315,0.185723,-0.112264,0.051110
6.840000,0.622134,0.028456,-1.716682,-0.939095,-0.393881,1.168845,0.235108,-0.099790,0.001873
6.860000,0.603403,0.020559,-1.693308,-0.933899,-0.395752,1.168390,0.284493,-0.087316,-0.047363
6.880000,0.584785,0.012628,-1.669953,-0.927716,-0.397374,1.166951,0.333877,-0.074843,-0.096599
6.900000,0.566301,0.004666,-1.646637,-0.920544,-0.398746,1.164526,0.383262,-0.062369,-0.145835
6.920000,0.547970,-0.003321,-1.623379,-0.912385,-0.399869,1.161117,0.432646,-0.049895,-0.195071
6.940000,0.529812,-0.011327,-1.600198,-0.903238,-0.400742,1.156723,0.482031,-0.037421,-0.244308
6.960000,0.511847,-0.019349,-1.577116,-0.893104,-0.401365,1.151345,0.531416,-0.024948,-0.293544
6.980000,0.494094,-0.027380,-1.554151,-0.881982,-0.401740,1.144982,0.580800,-0.012474,-0.342780
7.000000,0.476574,-0.035417,-1.531323,-0.869872,-0.401864,1.137634,0.630185,-0.000000,-0.392016
7.020000,0.459306,-0.043453,-1.508652,-0.856774,-0.401740,1.129301,0.679570,0.012473,-0.441253
7.040000,0.442310,-0.051484,-1.486158,-0.842689,-0.401365,1.119984,0.728954,0.024947,-0.490489
7.060000,0.425605,-0.059506,-1.463860,-0.827616,-0.400742,1.109681,0.778339,0.037421,-0.539725
7.080000,0.409212,-0.067512,-1.441777,-0.811556,-0.399869,1.098395,0.827724,0.049895,-0.588961
7.100000,0.393149,-0.075499,-1.419930,-0.794507,-0.398746,1.086123,0.877108,0.062368,-0.638198
7.120000,0.377438,-0.083461,-1.398339,-0.776471,-0.397374,1.072867,0.926493,0.074842,-0.687434
7.140000,0.362097,-0.091392,-1.377022,-0.757448,-0.395752,1.058626,0.975877,0.087316,-0.736670
7.160000,0.347147,-0.099289,-1.356000,-0.737436,-0.393881,1.043400,1.025262,0.099790,-0.785906
7.180000,0.332606,-0.107146,-1.335293,-0.716437,-0.391761,1.027189,1.074647,0.112263,-0.835143
7.200000,0.318496,-0.114958,-1.314919,-0.694450,-0.389391,1.009994,1.124031,0.124737,-0.884379
7.220000,0.304835,-0.122720,-1.294900,-0.671476,-0.386771,0.991814,1.173416,0.137211,-0.933615
7.240000,0.291643,-0.130427,-1.275253,-0.647514,-0.383902,0.972650,1.222801,0.149685,-0.982851
7.260000,0.278941,-0.138074,-1.256000,-0.622564,-0.380784,0.952500,1.272185,0.162158,-1.032088
7.280000,0.266747,-0.145657,-1.237160,-0.596626,-0.377416,0.931366,1.321570,0.174632,-1.081324
7.300000,0.255082,-0.153169,-1.218752,-0.569701,-0.373799,0.909247,1.370955,0.187106,-1.130560
7.320000,0.243966,-0.160607,-1.200797,-0.541788,-0.369932,0.886144,1.420339,0.199579,-1.179796
7.340000,0.233417,-0.167965,-1.183313,-0.512888,-0.365815,0.862055,1.469724,0.212053,-1.229033
7.360000,0.223457,-0.175238,-1.166321,-0.482999,-0.361450,0.836982,1.519109,0.224527,-1.278269
7.380000,0.214104,-0.182421,-1.149840,-0.452123,-0.356834,0.810925,1.568493,0.237001,-1.327505
7.400000,0.205379,-0.189510,-1.133891,-0.420259,-0.351970,0.783882,1.617878,0.249474,-1.376741
7.420000,0.197300,-0.196498,-1.118492,-0.387408,-0.346855,0.755855,1.667262,0.261948,-1.425977
7.440000,0.189889,-0.203382,-1.103663,-0.353569,-0.341492,0.726843,1.716647,0.274422,-1.475214
7.460000,0.183164,-0.210156,-1.089424,-0.318742,-0.335879,0.696846,1.766032,0.286896,-1.524450
7.480000,0.177146,-0.216816,-1.075796,-0.282928,-0.330016,0.665865,1.815416,0.299369,-1.573686
7.500000,0.171854,-0.223355,-1.062796,-0.246126,-0.323904,0.633899,1.864801,0.311843,-1.622922
7.520000,0.167307,-0.229770,-1.050446,-0.208336,-0.317542,0.600948,1.914186,0.324317,-1.672159
7.540000,0.163527,-0.236055,-1.038765,-0.169558,-0.310931,0.567013,1.963570,0.336791,-1.721395
7.560000,0.160532,-0.242206,-1.027772,-0.129793,-0.304071,0.532092,2.012955,0.349264,-1.770631
7.580000,0.158342,-0.248217,-1.017488,-0.089040,-0.296960,0.496187,2.062340,0.361738,-1.819867
7.600000,0.156977,-0.254083,-1.007931,-0.047299,-0.289601,0.459298,2.111724,0.374212,-1.869104
7.620000,0.156456,-0.259799,-0.999123,-0.004571,-0.281992,0.421423,2.161109,0.386685,-1.918340
7.640000,0.156800,-0.265361,-0.991081,0.039145,-0.274134,0.382564,2.210494,0.399159,-1.967576
7.660000,0.158029,-0.270763,-0.983827,0.083849,-0.266026,0.342720,2.259878,0.411633,-2.016812
7.680000,0.160161,-0.276000,-0.977379,0.129540,-0.257668,0.301892,2.309263,0.424107,-2.066049
7.700000,0.163217,-0.281068,-0.971757,0.176219,-0.249061,0.260078,2.358647,0.436580,-2.115285
7.720000,0.167216,-0.285961,-0.966982,0.223886,-0.240205,0.217280,2.408032,0.449054,-2.164521
7.740000,0.172179,-0.290674,-0.963073,0.272541,-0.231099,0.173497,2.457417,0.461528,-2.213757
7.760000,0.178124,-0.295203,-0.960049,0.322183,-0.221744,0.128730,2.506801,0.474002,-2.262994
7.780000,0.185073,-0.299542,-0.957930,0.372813,-0.212139,0.082978,2.556186,0.486475,-2.312230
7.800000,0.193044,-0.303687,-0.956736,0.424430,-0.202285,0.036241,2.605571,0.498949,-2.361466
7.820000,0.202057,-0.307632,-0.956487,0.477036,-0.192181,-0.011481,2.654955,0.511423,-2.410702
7.840000,0.212132,-0.311372,-0.957202,0.530628,-0.181828,-0.060187,2.704340,0.523897,-2.459939
7.860000,0.223288,-0.314903,-0.958901,0.585209,-0.171225,-0.109879,2.753725,0.536370,-2.509175
7.880000,0.235547,-0.318220,-0.961604,0.640777,-0.160373,-0.160554,2.803109,0.548844,-2.558411
7.900000,0.248926,-0.321317,-0.965330,0.697333,-0.149272,-0.212215,2.852494,0.561318,-2.607647
7.920000,0.263446,-0.324189,-0.970099,0.754877,-0.137920,-0.264860,2.901879,0.573791,-2.656883
7.940000,0.279128,-0.326832,-0.975931,0.813409,-0.126320,-0.318490,2.951263,0.586265,-2.706120
7.960000,0.295989,-0.329240,-0.982845,0.872928,-0.114470,-0.373105,3.000648,0.598739,-2.755356
7.980000,0.314051,-0.331409,-0.990862,0.933435,-0.102370,-0.428705,3.050032,0.611213,-2.804592
8.000000,0.333333,-0.333333,-1.000000,0.994929,-0.090021,-0.485289,3.099417,0.623686,-2.853828
8.020000,0.353834,-0.335011,-1.010272,1.054273,-0.077864,-0.541686,2.835018,0.592054,-2.785882
8.040000,0.375469,-0.336452,-1.021658,1.108330,-0.066339,-0.596724,2.570618,0.560422,-2.717936
8.060000,0.398132,-0.337669,-1.034132,1.157098,-0.055447,-0.650403,2.306219,0.528790,-2.649989
8.080000,0.421718,-0.338674,-1.047665,1.200579,-0.045188,-0.702724,2.041820,0.497158,-2.582043
8.100000,0.446120,-0.339481,-1.062232,1.238771,-0.035561,-0.753685,1.777421,0.465526,-2.514097
8.120000,0.471233,-0.340101,-1.077804,1.271675,-0.026567,-0.803288,1.513021,0.433894,-2.446150
8.140000,0.496952,-0.340548,-1.094354,1.299292,-0.018205,-0.851531,1.248622,0.402262,-2.378204
8.160000,0.523170,-0.340833,-1.111856,1.321620,-0.010476,-0.898416,0.984223,0.370630,-2.310257
8.180000,0.549781,-0.340971,-1.130282,1.338661,-0.003380,-0.943941,0.719823,0.338997,-2.242311
8.200000,0.576681,-0.340973,-1.149605,1.350413,0.003084,-0.988108,0.455424,0.307365,-2.174365
8.220000,0.603763,-0.340852,-1.169797,1.356878,0.008915,-1.030916,0.191025,0.275733,-2.106418
8.240000,0.630921,-0.340620,-1.190832,1.358054,0.014113,-1.072365,-0.073375,0.244101,-2.038472
8.260000,0.658049,-0.340291,-1.212683,1.353943,0.018679,-1.112455,-0.337774,0.212469,-1.970526
8.280000,0.685043,-0.339877,-1.235321,1.344543,0.022612,-1.151186,-0.602173,0.180837,-1.902579
8.300000,0.711796,-0.339391,-1.258721,1.329856,0.025912,-1.188558,-0.866572,0.149205,-1.834633
8.320000,0.738202,-0.338845,-1.282855,1.309880,0.028580,-1.224571,-1.130972,0.117573,-1.766687
8.340000,0.764156,-0.338252,-1.307695,1.284617,0.030615,-1.259225,-1.395371,0.085941,-1.698740
8.360000,0.789552,-0.337625,-1.333214,1.254065,0.032018,-1.292521,-1.659770,0.054308,-1.630794
8.380000,0.814283,-0.336976,-1.359387,1.218226,0.032788,-1.324457,-1.924170,0.022676,-1.562847
8.400000,0.838245,-0.336317,-1.386184,1.177099,0.032925,-1.355035,-2.188569,-0.008956,-1.494901
8.420000,0.861332,-0.335663,-1.413579,1.130683,0.032429,-1.384253,-2.452968,-0.040588,-1.426955
8.440000,0.883437,-0.335024,-1.441545,1.078980,0.031301,-1.412113,-2.717368,-0.072220,-1.359008
8.460000,0.904456,-0.334415,-1.470054,1.021989,0.029541,-1.438614,-2.981767,-0.103852,-1.291062
8.480000,0.924282,-0.333847,-1.499080,0.959709,0.027147,-1.463755,-3.246166,-0.135484,-1.223116
8.500000,0.942809,-0.333333,-1.528595,0.892142,0.024121,-1.487538,-3.510566,-0.167116,-1.155169
8.520000,0.959953,-0.332884,-1.558572,0.822410,0.020864,-1.509841,-3.462622,-0.158640,-1.075079
8.540000,0.975712,-0.332498,-1.588978,0.753637,0.017776,-1.530541,-3.414679,-0.150165,-0.994989
8.560000,0.990105,-0.332172,-1.619783,0.685823,0.014857,-1.549640,-3.366736,-0.141689,-0.914898
8.580000,1.003151,-0.331902,-1.650953,0.618968,0.012108,-1.567137,-3.318793,-0.133213,-0.834808
8.600000,1.014870,-0.331686,-1.682458,0.553071,0.009528,-1.583033,-3.270850,-0.124737,-0.754718
8.620000,1.025280,-0.331520,-1.714264,0.488134,0.007118,-1.597326,-3.222907,-0.116261,-0.674627
8.640000,1.034402,-0.331400,-1.746340,0.424155,0.004878,-1.610018,-3.174964,-0.107786,-0.594537
8.660000,1.042253,-0.331324,-1.778654,0.361135,0.002807,-1.621107,-3.127021,-0.099310,-0.514447
8.680000,1.048853,-0.331287,-1.811174,0.299074,0.000906,-1.630596,-3.079078,-0.090834,-0.434357
8.700000,1.054222,-0.331286,-1.843867,0.237972,-0.000826,-1.638482,-3.031135,-0.082358,-0.354266
8.720000,1.058379,-0.331319,-1.876702,0.177829,-0.002389,-1.644766,-2.983192,-0.073882,-0.274176
8.740000,1.061342,-0.331381,-1.909647,0.118644,-0.003782,-1.649449,-2.935249,-0.065407,-0.194086
8.760000,1.063131,-0.331469,-1.942670,0.060419,-0.005005,-1.652530,-2.887306,-0.056931,-0.113995
8.780000,1.063765,-0.331580,-1.975738,0.003152,-0.006059,-1.654009,-2.839363,-0.048455,-0.033905
8.800000,1.063263,-0.331710,-2.008819,-0.053156,-0.006943,-1.653886,-2.791420,-0.039979,0.046185
8.820000,1.061645,-0.331856,-2.041882,-0.108505,-0.007658,-1.652161,-2.743477,-0.031504,0.126276
8.840000,1.058930,-0.332015,-2.074895,-0.162895,-0.008203,-1.648835,-2.695533,-0.023028,0.206366
8.860000,1.055136,-0.332183,-2.107825,-0.216326,-0.008579,-1.643907,-2.647590,-0.014552,0.286456
8.880000,1.050283,-0.332357,-2.140641,-0.268799,-0.008785,-1.637377,-2.599647,-0.006076,0.366546
8.900000,1.044390,-0.332534,-2.173309,-0.320312,-0.008822,-1.629245,-2.551704,0.002400,0.446637
8.920000,1.037477,-0.332709,-2.205800,-0.370867,-0.008689,-1.619511,-2.503761,0.010875,0.526727
8.940000,1.029562,-0.332880,-2.238079,-0.420462,-0.008387,-1.608176,-2.455818,0.019351,0.606817
8.960000,1.020665,-0.333044,-2.270116,-0.469099,-0.007915,-1.595238,-2.407875,0.027827,0.686908
8.980000,1.010804,-0.333196,-2.301878,-0.516777,-0.007274,-1.580699,-2.359932,0.036303,0.766998
9.000000,1.000000,-0.333333,-2.333333,-0.563497,-0.006463,-1.564558,-2.311989,0.044779,0.847088
9.020000,0.988270,-0.333454,-2.364451,-0.609332,-0.005590,-1.546974,-2.271523,0.042508,0.911329
9.040000,0.975632,-0.333557,-2.395204,-0.654358,-0.004763,-1.528105,-2.231058,0.040237,0.975570
9.060000,0.962101,-0.333645,-2.425566,-0.698574,-0.003981,-1.507951,-2.190593,0.037965,1.039811
9.080000,0.947695,-0.333717,-2.455513,-0.741981,-0.003244,-1.486513,-2.150127,0.035694,1.104051
9.100000,0.932428,-0.333775,-2.485018,-0.784579,-0.002553,-1.463789,-2.109662,0.033423,1.168292
9.120000,0.916317,-0.333819,-2.514056,-0.826368,-0.001907,-1.439781,-2.069196,0.031152,1.232533
9.140000,0.899378,-0.333851,-2.542601,-0.867347,-0.001307,-1.414488,-2.028731,0.028881,1.296774
9.160000,0.881628,-0.333872,-2.570627,-0.907517,-0.000752,-1.387910,-1.988266,0.026610,1.361015
9.180000,0.863083,-0.333882,-2.598109,-0.946878,-0.000243,-1.360048,-1.947800,0.024339,1.425255
9.200000,0.843759,-0.333882,-2.625021,-0.985429,0.000221,-1.330900,-1.907335,0.022068,1.489496
9.220000,0.823671,-0.333873,-2.651336,-1.023171,0.000640,-1.300468,-1.866869,0.019797,1.553737
9.240000,0.802837,-0.333857,-2.677031,-1.060104,0.001013,-1.268751,-1.826404,0.017526,1.617978
9.260000,0.781272,-0.333833,-2.702078,-1.096227,0.001341,-1.235749,-1.785938,0.015255,1.682218
9.280000,0.758993,-0.333803,-2.726452,-1.131541,0.001623,-1.201462,-1.745473,0.012984,1.746459
9.300000,0.736016,-0.333768,-2.750128,-1.166046,0.001860,-1.165890,-1.705008,0.010712,1.810700
9.320000,0.712357,-0.333729,-2.773079,-1.199742,0.002052,-1.129034,-1.664542,0.008441,1.874941
9.340000,0.688032,-0.333686,-2.795281,-1.232628,0.002198,-1.090893,-1.624077,0.006170,1.939182
9.360000,0.663057,-0.333641,-2.816706,-1.264705,0.002299,-1.051467,-1.583611,0.003899,2.003422
9.380000,0.637449,-0.333595,-2.837331,-1.295972,0.002354,-1.010756,-1.543146,0.001628,2.067663
9.400000,0.611224,-0.333548,-2.857128,-1.326431,0.002364,-0.968760,-1.502680,-0.000643,2.131904
9.420000,0.584397,-0.333501,-2.876072,-1.356080,0.002328,-0.925480,-1.462215,-0.002914,2.196145
9.440000,0.556986,-0.333455,-2.894139,-1.384919,0.002247,-0.880914,-1.421750,-0.005185,2.260386
9.460000,0.529006,-0.333411,-2.911300,-1.412950,0.002121,-0.835064,-1.381284,-0.007456,2.324626
9.480000,0.500473,-0.333370,-2.927533,-1.440171,0.001949,-0.787929,-1.340819,-0.009727,2.388867
9.500000,0.471405,-0.333333,-2.942809,-1.466582,0.001732,-0.739509,-1.300353,-0.011998,2.453108
9.520000,0.441819,-0.333301,-2.957108,-1.491715,0.001498,-0.690390,-1.212900,-0.011390,2.458796
9.540000,0.411748,-0.333273,-2.970424,-1.515098,0.001276,-0.641158,-1.125446,-0.010781,2.464484
9.560000,0.381226,-0.333250,-2.982754,-1.536733,0.001067,-0.591811,-1.037993,-0.010173,2.470173
9.580000,0.350290,-0.333231,-2.994096,-1.556618,0.000869,-0.542351,-0.950539,-0.009564,2.475861
9.600000,0.318973,-0.333215,-3.004447,-1.574754,0.000684,-0.492777,-0.863086,-0.008956,2.481549
9.620000,0.287311,-0.333203,-3.013806,-1.591141,0.000511,-0.443089,-0.775632,-0.008347,2.487237
9.640000,0.255339,-0.333195,-3.022170,-1.605779,0.000350,-0.393287,-0.688179,-0.007739,2.492926
9.660000,0.223092,-0.333189,-3.029537,-1.618669,0.000202,-0.343372,-0.600725,-0.007130,2.498614
9.680000,0.190604,-0.333186,-3.035904,-1.629808,0.000065,-0.293343,-0.513271,-0.006522,2.504302
9.700000,0.157911,-0.333186,-3.041270,-1.639199,-0.000059,-0.243200,-0.425818,-0.005913,2.509990
9.720000,0.125048,-0.333189,-3.045631,-1.646841,-0.000172,-0.192943,-0.338364,-0.005305,2.515679
9.740000,0.092049,-0.333193,-3.048987,-1.652734,-0.000272,-0.142572,-0.250911,-0.004696,2.521367
9.760000,0.058950,-0.333199,-3.051333,-1.656878,-0.000359,-0.092088,-0.163457,-0.004087,2.527055
9.780000,0.025786,-0.333207,-3.052669,-1.659272,-0.000435,-0.041490,-0.076004,-0.003479,2.532743
9.800000,-0.007409,-0.333217,-3.052992,-1.659918,-0.000498,0.009222,0.011450,-0.002870,2.538432
9.820000,-0.040599,-0.333227,-3.052300,-1.658814,-0.000550,0.060047,0.098903,-0.002262,2.544120
9.840000,-0.073750,-0.333239,-3.050590,-1.655962,-0.000589,0.110986,0.186357,-0.001653,2.549808
9.860000,-0.106826,-0.333251,-3.047859,-1.651360,-0.000616,0.162039,0.273810,-0.001045,2.555496
9.880000,-0.139793,-0.333263,-3.044107,-1.645009,-0.000631,0.213206,0.361264,-0.000436,2.561185
9.900000,-0.172615,-0.333276,-3.039330,-1.636909,-0.000633,0.264487,0.448717,0.000172,2.566873
9.920000,-0.205257,-0.333289,-3.033527,-1.627061,-0.000624,0.315881,0.536171,0.000781,2.572561
9.940000,-0.237686,-0.333301,-3.026694,-1.615463,-0.000602,0.367389,0.623625,0.001389,2.578249
9.960000,-0.269864,-0.333313,-3.018831,-1.602116,-0.000568,0.419011,0.711078,0.001998,2.583938
9.980000,-0.301758,-0.333323,-3.009933,-1.587019,-0.000522,0.470747,0.798532,0.002606,2.589626
10.000000,-0.333333,-0.333333,-3.000000,-1.570174,-0.000464,0.522596,0.885985,0.003215,2.595314
10.020000,-0.364555,-0.333342,-2.989033,-1.551832,-0.000401,0.573954,0.948254,0.003052,2.540482
10.040000,-0.395398,-0.333349,-2.977049,-1.532244,-0.000342,0.624215,1.010523,0.002889,2.485650
10.060000,-0.425837,-0.333356,-2.964071,-1.511411,-0.000286,0.673380,1.072791,0.002726,2.430818
10.080000,-0.455846,-0.333361,-2.950121,-1.489332,-0.000233,0.721448,1.135060,0.002563,2.375985
10.100000,-0.485402,-0.333365,-2.935221,-1.466009,-0.000183,0.768419,1.197329,0.002400,2.321153
10.120000,-0.514478,-0.333368,-2.919392,-1.441439,-0.000137,0.814294,1.259598,0.002237,2.266321
10.140000,-0.543051,-0.333371,-2.902656,-1.415625,-0.000094,0.859072,1.321866,0.002074,2.211489
10.160000,-0.571095,-0.333372,-2.885036,-1.388565,-0.000054,0.902754,1.384135,0.001911,2.156657
10.180000,-0.598585,-0.333373,-2.866553,-1.360259,-0.000017,0.945339,1.446404,0.001747,2.101825
10.200000,-0.625497,-0.333373,-2.847230,-1.330709,0.000016,0.986827,1.508673,0.001584,2.046992
10.220000,-0.651806,-0.333372,-2.827088,-1.299912,0.000046,1.027218,1.570942,0.001421,1.992160
10.240000,-0.677485,-0.333371,-2.806149,-1.267871,0.000073,1.066513,1.633210,0.001258,1.937328
10.260000,-0.702512,-0.333369,-2.784434,-1.234584,0.000096,1.104711,1.695479,0.001095,1.882496
10.280000,-0.726860,-0.333367,-2.761967,-1.200052,0.000117,1.141813,1.757748,0.000932,1.827664
10.300000,-0.750506,-0.333365,-2.738769,-1.164274,0.000134,1.177818,1.820017,0.000769,1.772832
10.320000,-0.773423,-0.333362,-2.714862,-1.127251,0.000147,1.212726,1.882285,0.000606,1.717999
10.340000,-0.795588,-0.333359,-2.690268,-1.088983,0.000158,1.246538,1.944554,0.000443,1.663167
10.360000,-0.816974,-0.333355,-2.665008,-1.049469,0.000165,1.279253,2.006823,0.000280,1.608335
10.380000,-0.837558,-0.333352,-2.639105,-1.008710,0.000169,1.310871,2.069092,0.000117,1.553503
10.400000,-0.857314,-0.333349,-2.612580,-0.966705,0.000170,1.341393,2.131360,-0.000046,1.498671
10.420000,-0.876218,-0.333345,-2.585456,-0.923455,0.000167,1.370818,2.193629,-0.000209,1.443839
10.440000,-0.894244,-0.333342,-2.557755,-0.878960,0.000161,1.399147,2.255898,-0.000372,1.389007
10.460000,-0.911368,-0.333339,-2.529498,-0.833219,0.000152,1.426378,2.318167,-0.000535,1.334174
10.480000,-0.927565,-0.333336,-2.500707,-0.786233,0.000140,1.452514,2.380436,-0.000698,1.279342
10.500000,-0.942809,-0.333333,-2.471405,-0.738002,0.000124,1.477552,2.442704,-0.000861,1.224510
10.520000,-0.957080,-0.333331,-2.441614,-0.689086,0.000108,1.501206,2.448917,-0.000818,1.140892
10.540000,-0.970372,-0.333329,-2.411367,-0.640045,0.000092,1.523188,2.455130,-0.000774,1.057274
10.560000,-0.982681,-0.333327,-2.380698,-0.590881,0.000077,1.543497,2.461344,-0.000730,0.973656
10.580000,-0.994006,-0.333326,-2.349639,-0.541592,0.000062,1.562134,2.467557,-0.000687,0.890038
10.600000,-1.004344,-0.333325,-2.318224,-0.492178,0.000049,1.579099,2.473770,-0.000643,0.806421
10.620000,-1.013692,-0.333324,-2.286486,-0.442641,0.000037,1.594391,2.479983,-0.000599,0.722803
10.640000,-1.022049,-0.333323,-2.254459,-0.392979,0.000025,1.608011,2.486196,-0.000556,0.639185
10.660000,-1.029411,-0.333323,-2.222177,-0.343193,0.000014,1.619958,2.492409,-0.000512,0.555567
10.680000,-1.035776,-0.333323,-2.189672,-0.293283,0.000005,1.630233,2.498622,-0.000468,0.471949
10.700000,-1.041141,-0.333323,-2.156978,-0.243248,-0.000004,1.638836,2.504835,-0.000425,0.388331
10.720000,-1.045505,-0.333323,-2.124130,-0.193089,-0.000012,1.645767,2.511048,-0.000381,0.304713
10.740000,-1.048864,-0.333323,-2.091159,-0.142806,-0.000019,1.651025,2.517261,-0.000337,0.221095
10.760000,-1.051216,-0.333324,-2.058100,-0.092399,-0.000026,1.654611,2.523475,-0.000293,0.137477
10.780000,-1.052559,-0.333324,-2.024986,-0.041867,-0.000031,1.656524,2.529688,-0.000250,0.053860
10.800000,-1.052890,-0.333325,-1.991850,0.008789,-0.000036,1.656765,2.535901,-0.000206,-0.029758
10.820000,-1.052207,-0.333326,-1.958726,0.059569,-0.000039,1.655334,2.542114,-0.000162,-0.113376
10.840000,-1.050506,-0.333327,-1.925648,0.110473,-0.000042,1.652230,2.548327,-0.000119,-0.196994
10.860000,-1.047787,-0.333327,-1.892648,0.161502,-0.000044,1.647454,2.554540,-0.000075,-0.280612
10.880000,-1.044045,-0.333328,-1.859761,0.212655,-0.000045,1.641005,2.560753,-0.000031,-0.364230
10.900000,-1.039280,-0.333329,-1.827019,0.263932,-0.000045,1.632885,2.566966,0.000012,-0.447848
10.920000,-1.033487,-0.333330,-1.794457,0.315334,-0.000045,1.623091,2.573179,0.000056,-0.531466
10.940000,-1.026666,-0.333331,-1.762107,0.366859,-0.000043,1.611626,2.579392,0.000100,-0.615084
10.960000,-1.018812,-0.333332,-1.730003,0.418509,-0.000041,1.598488,2.585606,0.000143,-0.698701
10.980000,-1.009924,-0.333333,-1.698178,0.470284,-0.000037,1.583678,2.591819,0.000187,-0.782319
11.000000,-1.000000,-0.333333,-1.666667,0.522182,-0.000033,1.567195,2.598032,0.000231,-0.865937
11.020000,-0.989040,-0.333334,-1.635500,0.573593,-0.000029,1.549244,2.543072,0.000219,-0.929182
11.040000,-0.977064,-0.333334,-1.604705,0.623905,-0.000025,1.530028,2.488113,0.000207,-0.992426
11.060000,-0.964092,-0.333335,-1.574307,0.673118,-0.000021,1.509547,2.433153,0.000196,-1.055671
11.080000,-0.950146,-0.333335,-1.544332,0.721231,-0.000017,1.487801,2.378194,0.000184,-1.118916
11.100000,-0.935250,-0.333336,-1.514804,0.768245,-0.000013,1.464790,2.323234,0.000172,-1.182160
11.120000,-0.919424,-0.333336,-1.485749,0.814160,-0.000010,1.440515,2.268275,0.000161,-1.245405
11.140000,-0.902691,-0.333336,-1.457192,0.858976,-0.000007,1.414974,2.213315,0.000149,-1.308650
11.160000,-0.885072,-0.333336,-1.429158,0.902693,-0.000004,1.388169,2.158355,0.000137,-1.371894
11.180000,-0.866590,-0.333336,-1.401673,0.945311,-0.000001,1.360099,2.103396,0.000125,-1.435139
11.200000,-0.847267,-0.333336,-1.374763,0.986829,0.000001,1.330763,2.048436,0.000114,-1.498383
11.220000,-0.827124,-0.333336,-1.348451,1.027248,0.000003,1.300163,1.993477,0.000102,-1.561628
11.240000,-0.806184,-0.333336,-1.322765,1.066568,0.000005,1.268298,1.938517,0.000090,-1.624873
11.260000,-0.784469,-0.333336,-1.297728,1.104789,0.000007,1.235168,1.883558,0.000079,-1.688117
11.280000,-0.762000,-0.333336,-1.273366,1.141910,0.000008,1.200773,1.828598,0.000067,-1.751362
11.300000,-0.738800,-0.333336,-1.249705,1.177933,0.000010,1.165114,1.773639,0.000055,-1.814607
11.320000,-0.714890,-0.333335,-1.226770,1.212856,0.000011,1.128189,1.718679,0.000044,-1.877851
11.340000,-0.690293,-0.333335,-1.204586,1.246680,0.000011,1.090000,1.663720,0.000032,-1.941096
11.360000,-0.665030,-0.333335,-1.183179,1.279405,0.000012,1.050545,1.608760,0.000020,-2.004340
11.380000,-0.639124,-0.333335,-1.162573,1.311030,0.000012,1.009826,1.553800,0.000008,-2.067585
11.400000,-0.612596,-0.333334,-1.142794,1.341557,0.000012,0.967842,1.498841,-0.000003,-2.130830
11.420000,-0.585469,-0.333334,-1.123868,1.370984,0.000012,0.924593,1.443881,-0.000015,-2.194074
11.440000,-0.557764,-0.333334,-1.105819,1.399312,0.000012,0.880079,1.388922,-0.000027,-2.257319
11.460000,-0.529504,-0.333334,-1.088673,1.426541,0.000011,0.834300,1.333962,-0.000038,-2.320563
11.480000,-0.500710,-0.333334,-1.072455,1.452670,0.000010,0.787256,1.279003,-0.000050,-2.383808
11.500000,-0.471405,-0.333333,-1.057191,1.477701,0.000009,0.738948,1.224043,-0.000062,-2.447053
11.520000,-0.441611,-0.333333,-1.042902,1.501345,0.000008,0.689945,1.140410,-0.000059,-2.453198
11.540000,-0.411362,-0.333333,-1.029594,1.523317,0.000007,0.640820,1.056777,-0.000056,-2.459343
11.560000,-0.380690,-0.333333,-1.017270,1.543616,0.000005,0.591572,0.973144,-0.000052,-2.465489
11.580000,-0.349628,-0.333333,-1.005932,1.562243,0.000004,0.542200,0.889510,-0.000049,-2.471634
11.600000,-0.318211,-0.333333,-0.995583,1.579197,0.000004,0.492706,0.805877,-0.000046,-2.477779
11.620000,-0.286472,-0.333333,-0.986224,1.594478,0.000003,0.443089,0.722244,-0.000043,-2.483925
11.640000,-0.254443,-0.333333,-0.977860,1.608087,0.000002,0.393349,0.638611,-0.000040,-2.490070
11.660000,-0.222159,-0.333333,-0.970491,1.620022,0.000001,0.343486,0.554977,-0.000037,-2.496215
11.680000,-0.189653,-0.333333,-0.964121,1.630286,0.000000,0.293501,0.471344,-0.000034,-2.502361
11.700000,-0.156959,-0.333333,-0.958752,1.638876,-0.000000,0.243392,0.387711,-0.000030,-2.508506
11.720000,-0.124110,-0.333333,-0.954386,1.645794,-0.000001,0.193160,0.304078,-0.000027,-2.514651
11.740000,-0.091138,-0.333333,-0.951027,1.651039,-0.000001,0.142806,0.220444,-0.000024,-2.520797
11.760000,-0.058079,-0.333333,-0.948675,1.654612,-0.000002,0.092329,0.136811,-0.000021,-2.526942
11.780000,-0.024965,-0.333333,-0.947334,1.656512,-0.000002,0.041728,0.053178,-0.000018,-2.533087
11.800000,0.008170,-0.333333,-0.947007,1.656739,-0.000003,-0.008995,-0.030455,-0.000015,-2.539233
11.820000,0.041293,-0.333333,-0.947695,1.655294,-0.000003,-0.059841,-0.114089,-0.000012,-2.545378
11.840000,0.074371,-0.333333,-0.949401,1.652175,-0.000003,-0.110810,-0.197722,-0.000009,-2.551523
11.860000,0.107369,-0.333333,-0.952128,1.647385,-0.000003,-0.161902,-0.281355,-0.000005,-2.557669
11.880000,0.140255,-0.333333,-0.955878,1.640921,-0.000003,-0.213117,-0.364988,-0.000002,-2.563814
11.900000,0.172995,-0.333333,-0.960654,1.632785,-0.000003,-0.264455,-0.448621,0.000001,-2.569959
11.920000,0.205555,-0.333333,-0.966457,1.622976,-0.000003,-0.315915,-0.532255,0.000004,-2.576105
11.940000,0.237903,-0.333333,-0.973291,1.611495,-0.000003,-0.367499,-0.615888,0.000007,-2.582250
11.960000,0.270004,-0.333333,-0.981158,1.598341,-0.000003,-0.419205,-0.699521,0.000010,-2.588395
11.980000,0.301825,-0.333333,-0.990060,1.583514,-0.000003,-0.471035,-0.783154,0.000013,-2.594541
12.000000,0.333333,-0.333333,-1.000000,1.567015,-0.000002,-0.522987,-0.866788,0.000017,-2.600686
12.020000,0.364496,-0.333333,-1.010976,1.549048,-0.000002,-0.574444,-0.929844,0.000016,-2.545022
12.040000,0.395287,-0.333333,-1.022970,1.529821,-0.000002,-0.624788,-0.992899,0.000015,-2.489357
12.060000,0.425680,-0.333333,-1.035960,1.509332,-0.000001,-0.674018,-1.055955,0.000014,-2.433693
12.080000,0.455652,-0.333333,-1.049924,1.487583,-0.000001,-0.722135,-1.119011,0.000013,-2.378029
12.100000,0.485175,-0.333333,-1.064838,1.464572,-0.000001,-0.769139,-1.182067,0.000012,-2.322364
12.120000,0.514226,-0.333334,-1.080682,1.440300,-0.000001,-0.815030,-1.245123,0.000012,-2.266700
12.140000,0.542779,-0.333334,-1.097432,1.414767,-0.000000,-0.859807,-1.308179,0.000011,-2.211036
12.160000,0.570808,-0.333334,-1.115067,1.387973,-0.000000,-0.903471,-1.371235,0.000010,-2.155371
12.180000,0.598290,-0.333334,-1.133563,1.359918,-0.000000,-0.946022,-1.434290,0.000009,-2.099707
12.200000,0.625197,-0.333334,-1.152900,1.330601,0.000000,-0.987460,-1.497346,0.000008,-2.044043
12.220000,0.651505,-0.333334,-1.173054,1.300024,0.000000,-1.027784,-1.560402,0.000007,-1.988379
12.240000,0.677189,-0.333334,-1.194004,1.268185,0.000000,-1.066995,-1.623458,0.000006,-1.932714
12.260000,0.702224,-0.333334,-1.215727,1.235086,0.000000,-1.105092,-1.686514,0.000006,-1.877050
12.280000,0.726584,-0.333334,-1.238200,1.200725,0.000001,-1.142077,-1.749570,0.000005,-1.821386
12.300000,0.750245,-0.333333,-1.261402,1.165103,0.000001,-1.177948,-1.812626,0.000004,-1.765721
12.320000,0.773180,-0.333333,-1.285311,1.128220,0.000001,-1.212706,-1.875681,0.000003,-1.710057
12.340000,0.795365,-0.333333,-1.309903,1.090075,0.000001,-1.246350,-1.938737,0.000002,-1.654393
12.360000,0.816775,-0.333333,-1.335157,1.050670,0.000001,-1.278881,-2.001793,0.000001,-1.598728
12.380000,0.837384,-0.333333,-1.361051,1.010004,0.000001,-1.310299,-2.064849,0.000001,-1.543064
12.400000,0.857166,-0.333333,-1.387562,0.968076,0.000001,-1.340604,-2.127905,-0.000000,-1.487400
12.420000,0.876098,-0.333333,-1.414668,0.924888,0.000001,-1.369795,-2.190961,-0.000001,-1.431736
12.440000,0.894154,-0.333333,-1.442346,0.880438,0.000001,-1.397873,-2.254017,-0.000002,-1.376071
12.460000,0.911307,-0.333333,-1.470575,0.834727,0.000001,-1.424838,-2.317072,-0.000003,-1.320407
12.480000,0.927534,-0.333333,-1.499332,0.787755,0.000001,-1.450690,-2.380128,-0.000004,-1.264743
12.500000,0.942809,-0.333333,-1.528595,0.739522,0.000001,-1.475428,-2.443184,-0.000004,-1.209078
12.520000,0.957110,-0.333333,-1.558340,0.690589,0.000001,-1.498802,-2.450069,-0.000004,-1.128332
12.540000,0.970432,-0.333333,-1.588537,0.641519,0.000000,-1.520561,-2.456954,-0.000004,-1.047585
12.560000,0.982770,-0.333333,-1.619152,0.592311,0.000000,-1.540705,-2.463839,-0.000004,-0.966839
12.580000,0.994123,-0.333333,-1.650154,0.542965,0.000000,-1.559235,-2.470724,-0.000004,-0.886093
12.600000,1.004488,-0.333333,-1.681511,0.493482,0.000000,-1.576149,-2.477609,-0.000003,-0.805346
12.620000,1.013862,-0.333333,-1.713189,0.443861,0.000000,-1.591449,-2.484494,-0.000003,-0.724600
12.640000,1.022241,-0.333333,-1.745158,0.394102,0.000000,-1.605133,-2.491379,-0.000003,-0.643853
12.660000,1.029625,-0.333333,-1.777384,0.344206,0.000000,-1.617203,-2.498264,-0.000003,-0.563107
12.680000,1.036009,-0.333333,-1.809835,0.294172,0.000000,-1.627657,-2.505149,-0.000002,-0.482361
12.700000,1.041391,-0.333333,-1.842480,0.244000,-0.000000,-1.636497,-2.512034,-0.000002,-0.401614
12.720000,1.045768,-0.333333,-1.875284,0.193690,-0.000000,-1.643722,-2.518919,-0.000002,-0.320868
12.740000,1.049137,-0.333333,-1.908218,0.143243,-0.000000,-1.649332,-2.525804,-0.000002,-0.240121
12.760000,1.051497,-0.333333,-1.941247,0.092658,-0.000000,-1.653327,-2.532690,-0.000002,-0.159375
12.780000,1.052843,-0.333333,-1.974340,0.041936,-0.000000,-1.655707,-2.539575,-0.000001,-0.078628
12.800000,1.053173,-0.333333,-2.007464,-0.008925,-0.000000,-1.656472,-2.546460,-0.000001,0.002118
12.820000,1.052485,-0.333333,-2.040588,-0.059923,-0.000000,-1.655622,-2.553345,-0.000001,0.082864
12.840000,1.050775,-0.333333,-2.073679,-0.111059,-0.000000,-1.653157,-2.560230,-0.000001,0.163611
12.860000,1.048042,-0.333333,-2.106704,-0.162332,-0.000000,-1.649078,-2.567115,-0.000000,0.244357
12.880000,1.044281,-0.333333,-2.139631,-0.213743,-0.000000,-1.643383,-2.574000,-0.000000,0.325104
12.900000,1.039491,-0.333333,-2.172428,-0.265292,-0.000000,-1.636073,-2.580885,0.000000,0.405850
12.920000,1.033669,-0.333333,-2.205063,-0.316979,-0.000000,-1.627149,-2.587770,0.000000,0.486597
12.940000,1.026811,-0.333333,-2.237503,-0.368803,-0.000000,-1.616610,-2.594655,0.000001,0.567343
12.960000,1.018915,-0.333333,-2.269717,-0.420765,-0.000000,-1.604455,-2.601540,0.000001,0.648089
12.980000,1.009979,-0.333333,-2.301671,-0.472864,-0.000000,-1.590686,-2.608425,0.000001,0.728836
13.000000,1.000000,-0.333333,-2.333333,-0.525102,-0.000000,-1.575302,-2.615310,0.000001,0.809582
13.020000,0.988979,-0.333333,-2.364673,-0.576824,-0.000000,-1.558371,-2.556876,0.000001,0.883481
13.040000,0.976935,-0.333333,-2.395658,-0.627377,-0.000000,-1.539963,-2.498441,0.000001,0.957379
13.060000,0.963892,-0.333333,-2.426261,-0.676761,-0.000000,-1.520076,-2.440007,0.000001,1.031277
13.080000,0.949872,-0.333333,-2.456452,-0.724977,-0.000000,-1.498712,-2.381572,0.000001,1.105176
13.100000,0.934900,-0.333333,-2.486200,-0.772024,-0.000000,-1.475869,-2.323138,0.000001,1.179074
13.120000,0.918999,-0.333333,-2.515476,-0.817903,-0.000000,-1.451549,-2.264704,0.000001,1.252972
13.140000,0.902192,-0.333333,-2.544252,-0.862612,-0.000000,-1.425750,-2.206269,0.000001,1.326871
13.160000,0.884502,-0.333333,-2.572497,-0.906153,-0.000000,-1.398474,-2.147835,0.000001,1.400769
13.180000,0.865954,-0.333333,-2.600181,-0.948526,-0.000000,-1.369719,-2.089401,0.000001,1.474667
13.200000,0.846569,-0.333333,-2.627276,-0.989729,0.000000,-1.339487,-2.030966,0.000001,1.548566
13.220000,0.826372,-0.333333,-2.653751,-1.029764,0.000000,-1.307777,-1.972532,0.000001,1.622464
13.240000,0.805386,-0.333333,-2.679577,-1.068631,0.000000,-1.274589,-1.914098,0.000000,1.696362
13.260000,0.783635,-0.333333,-2.704724,-1.106328,0.000000,-1.239922,-1.855663,0.000000,1.770261
13.280000,0.761141,-0.333333,-2.729164,-1.142857,0.000000,-1.203778,-1.797229,0.000000,1.844159
13.300000,0.737928,-0.333333,-2.752866,-1.178217,0.000000,-1.166156,-1.738795,0.000000,1.918057
13.320000,0.714020,-0.333333,-2.775800,-1.212409,0.000000,-1.127056,-1.680360,0.000000,1.991956
13.340000,0.689440,-0.333333,-2.797938,-1.245432,0.000000,-1.086478,-1.621926,0.000000,2.065854
13.360000,0.664211,-0.333333,-2.819249,-1.277286,0.000000,-1.044422,-1.563491,0.000000,2.139752
13.380000,0.638356,-0.333333,-2.839705,-1.307971,0.000000,-1.000888,-1.505057,0.000000,2.213651
13.400000,0.611900,-0.333333,-2.859275,-1.337488,0.000000,-0.955876,-1.446623,-0.000000,2.287549
13.420000,0.584864,-0.333333,-2.877930,-1.365836,0.000000,-0.909386,-1.388188,-0.000000,2.361448
13.440000,0.557274,-0.333333,-2.895641,-1.393016,0.000000,-0.861418,-1.329754,-0.000000,2.435346
13.460000,0.529151,-0.333333,-2.912377,-1.419027,0.000000,-0.811972,-1.271320,-0.000000,2.509244
13.480000,0.500521,-0.333333,-2.928110,-1.443869,0.000000,-0.761048,-1.212885,-0.000000,2.583143
13.500000,0.471405,-0.333333,-2.942809,-1.467542,0.000000,-0.708646,-1.154451,-0.000000,2.657041
13.520000,0.441827,-0.333333,-2.956453,-1.489927,0.000000,-0.655841,-1.084045,-0.000000,2.623443
13.540000,0.411817,-0.333333,-2.969047,-1.510904,0.000000,-0.603708,-1.013639,-0.000000,2.589845
13.560000,0.381401,-0.333333,-2.980606,-1.530472,0.000000,-0.552247,-0.943233,-0.000000,2.556247
13.580000,0.350607,-0.333333,-2.991142,-1.548633,0.000000,-0.501459,-0.872827,-0.000000,2.522648
13.600000,0.319465,-0.333333,-3.000668,-1.565386,0.000000,-0.451342,-0.802421,-0.000000,2.489050
13.620000,0.288001,-0.333333,-3.009200,-1.580730,0.000000,-0.401896,-0.732016,-0.000000,2.455452
13.640000,0.256245,-0.333333,-3.016749,-1.594666,0.000000,-0.353123,-0.661610,-0.000000,2.421854
13.660000,0.224224,-0.333333,-3.023329,-1.607194,0.000000,-0.305022,-0.591204,-0.000000,2.388256
13.680000,0.191967,-0.333333,-3.028954,-1.618314,0.000000,-0.257593,-0.520798,-0.000000,2.354658
13.700000,0.159501,-0.333333,-3.033637,-1.628026,-0.000000,-0.210836,-0.450392,-0.000000,2.321060
13.720000,0.126855,-0.333333,-3.037392,-1.636330,-0.000000,-0.164751,-0.379986,-0.000000,2.287462
13.740000,0.094057,-0.333333,-3.040232,-1.643226,-0.000000,-0.119338,-0.309580,-0.000000,2.253864
13.760000,0.061135,-0.333333,-3.042170,-1.648713,-0.000000,-0.074596,-0.239174,-0.000000,2.220265
13.780000,0.028118,-0.333333,-3.043220,-1.652793,-0.000000,-0.030527,-0.168768,-0.000000,2.186667
13.800000,-0.004967,-0.333333,-3.043396,-1.655464,-0.000000,0.012870,-0.098362,-0.000000,2.153069
13.820000,-0.038091,-0.333333,-3.042710,-1.656727,-0.000000,0.055596,-0.027957,-0.000000,2.119471
13.840000,-0.071227,-0.333333,-3.041176,-1.656582,-0.000000,0.097649,0.042449,-0.000000,2.085873
13.860000,-0.104345,-0.333333,-3.038808,-1.655029,-0.000000,0.139031,0.112855,-0.000000,2.052275
13.880000,-0.137419,-0.333333,-3.035619,-1.652068,-0.000000,0.179740,0.183261,-0.000000,2.018677
13.900000,-0.170419,-0.333333,-3.031623,-1.647699,-0.000000,0.219778,0.253667,0.000000,1.985079
13.920000,-0.203317,-0.333333,-3.026833,-1.641921,-0.000000,0.259143,0.324073,0.000000,1.951481
13.940000,-0.236086,-0.333333,-3.021262,-1.634736,-0.000000,0.297837,0.394479,0.000000,1.917883
13.960000,-0.268697,-0.333333,-3.014924,-1.626142,-0.000000,0.335859,0.464885,0.000000,1.884284
13.980000,-0.301122,-0.333333,-3.007832,-1.616140,-0.000000,0.373208,0.535291,0.000000,1.850686
14.000000,-0.333333,-0.333333,-3.000000,-1.604731,-0.000000,0.409886,0.605697,0.000000,1.817088
14.020000,-0.365299,-0.333333,-2.991433,-1.591492,-0.000000,0.447155,0.718187,0.000000,1.909744
14.040000,-0.396978,-0.333333,-2.982101,-1.576003,-0.000000,0.486276,0.830677,0.000000,2.002400
14.060000,-0.428324,-0.333333,-2.971969,-1.558265,-0.000000,0.527250,0.943168,0.000000,2.095055
14.080000,-0.459294,-0.333333,-2.960999,-1.538276,-0.000000,0.570078,1.055658,0.000000,2.187711
14.100000,-0.489840,-0.333333,-2.949154,-1.516038,-0.000000,0.614759,1.168148,0.000000,2.280367
14.120000,-0.519920,-0.333333,-2.936396,-1.491550,-0.000000,0.661293,1.280639,0.000000,2.373022
14.140000,-0.549487,-0.333333,-2.922690,-1.464813,-0.000000,0.709680,1.393129,0.000000,2.465678
14.160000,-0.578498,-0.333333,-2.907997,-1.435825,-0.000000,0.759920,1.505620,0.000000,2.558334
14.180000,-0.606906,-0.333333,-2.892281,-1.404588,-0.000000,0.812013,1.618110,0.000000,2.650990
14.200000,-0.634666,-0.333333,-2.875504,-1.371101,0.000000,0.865960,1.730600,0.000000,2.743645
14.220000,-0.661735,-0.333333,-2.857630,-1.335364,0.000000,0.921759,1.843091,0.000000,2.836301
14.240000,-0.688066,-0.333333,-2.838621,-1.297377,0.000000,0.979412,1.955581,0.000000,2.928957
14.260000,-0.713615,-0.333333,-2.818441,-1.257141,0.000000,1.038917,2.068071,0.000000,3.021612
14.280000,-0.738336,-0.333333,-2.797052,-1.214654,0.000000,1.100276,2.180562,0.000000,3.114268
14.300000,-0.762186,-0.333333,-2.774418,-1.169918,0.000000,1.163488,2.293052,0.000000,3.206924
14.320000,-0.785118,-0.333333,-2.750500,-1.122932,0.000000,1.228553,2.405543,0.000000,3.299580
14.340000,-0.807088,-0.333333,-2.725263,-1.073696,0.000000,1.295471,2.518033,0.000000,3.392235
14.360000,-0.828051,-0.333333,-2.698669,-1.022211,0.000000,1.364242,2.630523,0.000000,3.484891
14.380000,-0.847962,-0.333333,-2.670681,-0.968476,0.000000,1.434867,2.743014,0.000000,3.577547
14.400000,-0.866775,-0.333333,-2.641262,-0.912490,0.000000,1.507344,2.855504,-0.000000,3.670202
14.420000,-0.884446,-0.333333,-2.610375,-0.854255,0.000000,1.581675,2.967994,-0.000000,3.762858
14.440000,-0.900930,-0.333333,-2.577983,-0.793771,0.000000,1.657859,3.080485,-0.000000,3.855514
14.460000,-0.916182,-0.333333,-2.544048,-0.731036,0.000000,1.735895,3.192975,-0.000000,3.948169
14.480000,-0.930157,-0.333333,-2.508535,-0.666052,0.000000,1.815785,3.305466,-0.000000,4.040825
14.500000,-0.942809,-0.333333,-2.471405,-0.598817,0.000000,1.897528,3.417956,-0.000000,4.133481
14.520000,-0.954114,-0.333333,-2.432670,-0.532235,0.000000,1.973855,3.240330,-0.000000,3.499198
14.540000,-0.964122,-0.333333,-2.392535,-0.469204,0.000000,2.037496,3.062705,-0.000000,2.864915
14.560000,-0.972905,-0.333333,-2.351254,-0.409726,0.000000,2.088452,2.885079,-0.000000,2.230632
14.580000,-0.980535,-0.333333,-2.309081,-0.353801,0.000000,2.126722,2.707453,-0.000000,1.596349
14.600000,-0.987081,-0.333333,-2.266270,-0.301428,0.000000,2.152306,2.529827,-0.000000,0.962066
14.620000,-0.992616,-0.333333,-2.223074,-0.252608,0.000000,2.165204,2.352202,-0.000000,0.327783
14.640000,-0.997209,-0.333333,-2.179746,-0.207340,0.000000,2.165417,2.174576,-0.000000,-0.306500
14.660000,-1.000933,-0.333333,-2.136542,-0.165625,0.000000,2.152944,1.996950,-0.000000,-0.940783
14.680000,-1.003858,-0.333333,-2.093713,-0.127462,-0.000000,2.127786,1.819325,-0.000000,-1.575066
14.700000,-1.006055,-0.333333,-2.051515,-0.092852,-0.000000,2.089942,1.641699,-0.000000,-2.209349
14.720000,-1.007596,-0.333333,-2.010200,-0.061794,-0.000000,2.039412,1.464073,-0.000000,-2.843632
14.740000,-1.008551,-0.333333,-1.970023,-0.034289,-0.000000,1.976196,1.286448,-0.000000,-3.477915
14.760000,-1.008991,-0.333333,-1.931237,-0.010336,-0.000000,1.900295,1.108822,-0.000000,-4.112198
14.780000,-1.008988,-0.333333,-1.894096,0.010064,-0.000000,1.811708,0.931196,-0.000000,-4.746481
14.800000,-1.008612,-0.333333,-1.858853,0.026912,-0.000000,1.710436,0.753570,-0.000000,-5.380764
14.820000,-1.007935,-0.333333,-1.825763,0.040207,-0.000000,1.596478,0.575945,-0.000000,-6.015047
14.840000,-1.007027,-0.333333,-1.795078,0.049949,-0.000000,1.469834,0.398319,0.000000,-6.649331
14.860000,-1.005961,-0.333333,-1.767054,0.056140,-0.000000,1.330505,0.220693,0.000000,-7.283614
14.880000,-1.004806,-0.333333,-1.741943,0.058777,-0.000000,1.178489,0.043068,0.000000,-7.917897
14.900000,-1.003633,-0.333333,-1.719999,0.057862,-0.000000,1.013789,-0.134558,0.000000,-8.552180
14.920000,-1.002515,-0.333333,-1.701476,0.053395,-0.000000,0.836402,-0.312184,0.000000,-9.186463
14.940000,-1.001521,-0.333333,-1.686627,0.045375,-0.000000,0.646330,-0.489809,0.000000,-9.820746
14.960000,-1.000723,-0.333333,-1.675707,0.033802,-0.000000,0.443572,-0.667435,0.000000,-10.455029
14.980000,-1.000193,-0.333333,-1.668969,0.018677,-0.000000,0.228129,-0.845061,0.000000,-11.089312
