0.000000,0.000000,0.000000,0.000000,0.000000,0.000000,0.000000,1.126818,-0.104599,-2.948397
0.020000,0.000224,-0.000021,-0.000586,0.022348,-0.002061,-0.058383,1.108014,-0.101461,-2.889945
0.040000,0.000891,-0.000082,-0.002328,0.044321,-0.004058,-0.115598,1.089209,-0.098323,-2.831493
0.060000,0.001994,-0.000183,-0.005202,0.065917,-0.005994,-0.171643,1.070405,-0.095185,-2.773041
0.080000,0.003526,-0.000321,-0.009185,0.087137,-0.007866,-0.226519,1.051600,-0.092047,-2.714589
0.100000,0.005477,-0.000497,-0.014255,0.107981,-0.009675,-0.280227,1.032796,-0.088909,-2.656137
0.120000,0.007842,-0.000708,-0.020387,0.128449,-0.011422,-0.332765,1.013991,-0.085771,-2.597686
0.140000,0.010613,-0.000953,-0.027558,0.148540,-0.013106,-0.384134,0.995186,-0.082633,-2.539234
0.160000,0.013781,-0.001232,-0.035744,0.168256,-0.014728,-0.434334,0.976382,-0.079495,-2.480782
0.180000,0.017341,-0.001542,-0.044923,0.187596,-0.016286,-0.483365,0.957577,-0.076357,-2.422330
0.200000,0.021283,-0.001883,-0.055071,0.206559,-0.017782,-0.531227,0.938773,-0.073219,-2.363878
0.220000,0.025600,-0.002253,-0.066165,0.225147,-0.019215,-0.577921,0.919968,-0.070081,-2.305426
0.240000,0.030286,-0.002651,-0.078180,0.243358,-0.020585,-0.623445,0.901164,-0.066943,-2.246974
0.260000,0.035332,-0.003076,-0.091095,0.261193,-0.021893,-0.667799,0.882359,-0.063805,-2.188522
0.280000,0.040731,-0.003526,-0.104884,0.278652,-0.023137,-0.710985,0.863555,-0.060667,-2.130070
0.300000,0.046476,-0.004001,-0.119526,0.295735,-0.024319,-0.753002,0.844750,-0.057529,-2.071618
0.320000,0.052558,-0.004499,-0.134997,0.312442,-0.025438,-0.793850,0.825945,-0.054391,-2.013166
0.340000,0.058971,-0.005018,-0.151272,0.328773,-0.026495,-0.833529,0.807141,-0.051253,-1.954715
0.360000,0.065707,-0.005558,-0.168330,0.344728,-0.027489,-0.872039,0.788336,-0.048116,-1.896263
0.380000,0.072758,-0.006117,-0.186146,0.360307,-0.028420,-0.909379,0.769532,-0.044978,-1.837811
0.400000,0.080116,-0.006694,-0.204697,0.375509,-0.029288,-0.945551,0.750727,-0.041840,-1.779359
0.420000,0.087775,-0.007288,-0.223960,0.390336,-0.030093,-0.980554,0.731923,-0.038702,-1.720907
0.440000,0.095727,-0.007898,-0.243912,0.404786,-0.030836,-1.014387,0.713118,-0.035564,-1.662455
0.460000,0.103964,-0.008521,-0.264528,0.418860,-0.031516,-1.047052,0.694314,-0.032426,-1.604003
0.480000,0.112479,-0.009158,-0.285786,0.432559,-0.032133,-1.078548,0.675509,-0.029288,-1.545551
0.500000,0.121264,-0.009806,-0.307662,0.445881,-0.032687,-1.108874,0.656705,-0.026150,-1.487099
0.520000,0.130312,-0.010465,-0.330133,0.458827,-0.033179,-1.138032,0.637900,-0.023012,-1.428647
0.540000,0.139615,-0.011133,-0.353176,0.471397,-0.033608,-1.166020,0.619095,-0.019874,-1.370195
0.560000,0.149165,-0.011809,-0.376766,0.483591,-0.033974,-1.192839,0.600291,-0.016736,-1.311744
0.580000,0.158956,-0.012491,-0.400881,0.495408,-0.034277,-1.218490,0.581486,-0.013598,-1.253292
0.600000,0.168979,-0.013179,-0.425498,0.506850,-0.034518,-1.242971,0.562682,-0.010460,-1.194840
0.620000,0.179227,-0.013872,-0.450593,0.517916,-0.034695,-1.266283,0.543877,-0.007322,-1.136388
0.640000,0.189693,-0.014567,-0.476142,0.528605,-0.034811,-1.288427,0.525073,-0.004184,-1.077936
0.660000,0.200369,-0.015264,-0.502122,0.538919,-0.034863,-1.309401,0.506268,-0.001046,-1.019484
0.680000,0.211247,-0.015961,-0.528510,0.548856,-0.034852,-1.329206,0.487464,0.002092,-0.961032
0.700000,0.222321,-0.016657,-0.555282,0.558417,-0.034779,-1.347842,0.468659,0.005230,-0.902580
0.720000,0.233582,-0.017352,-0.582416,0.567602,-0.034643,-1.365309,0.449855,0.008368,-0.844128
0.740000,0.245022,-0.018043,-0.609887,0.576411,-0.034444,-1.381607,0.431050,0.011506,-0.785676
0.760000,0.256636,-0.018729,-0.637672,0.584844,-0.034183,-1.396736,0.412245,0.014644,-0.727224
0.780000,0.268414,-0.019410,-0.665748,0.592901,-0.033859,-1.410696,0.393441,0.017782,-0.668773
0.800000,0.280349,-0.020083,-0.694092,0.600582,-0.033472,-1.423487,0.374636,0.020920,-0.610321
0.820000,0.292434,-0.020748,-0.722680,0.607887,-0.033022,-1.435109,0.355832,0.024058,-0.551869
0.840000,0.304662,-0.021403,-0.751489,0.614815,-0.032509,-1.445562,0.337027,0.027196,-0.493417
0.860000,0.317025,-0.022048,-0.780495,0.621368,-0.031934,-1.454846,0.318223,0.030334,-0.434965
0.880000,0.329514,-0.022680,-0.809675,0.627544,-0.031296,-1.462960,0.299418,0.033472,-0.376513
0.900000,0.342124,-0.023299,-0.839005,0.633344,-0.030595,-1.469906,0.280614,0.036610,-0.318061
0.920000,0.354846,-0.023904,-0.868463,0.638769,-0.029832,-1.475683,0.261809,0.039748,-0.259609
0.940000,0.367672,-0.024492,-0.898025,0.643817,-0.029005,-1.480290,0.243005,0.042886,-0.201157
0.960000,0.380596,-0.025064,-0.927667,0.648489,-0.028116,-1.483729,0.224200,0.046024,-0.142705
0.980000,0.393609,-0.025616,-0.957366,0.652785,-0.027164,-1.485999,0.205395,0.049162,-0.084253
1.000000,0.406705,-0.026150,-0.987099,0.656705,-0.026150,-1.487099,0.186591,0.052299,-0.025802
1.020000,0.419875,-0.026662,-1.016842,0.660248,-0.025072,-1.487031,0.167786,0.055437,0.032650
1.040000,0.433112,-0.027152,-1.046573,0.663416,-0.023932,-1.485793,0.148982,0.058575,0.091102
1.060000,0.446409,-0.027619,-1.076266,0.666208,-0.022729,-1.483387,0.130177,0.061713,0.149554
1.080000,0.459758,-0.028061,-1.105900,0.668623,-0.021464,-1.479811,0.111373,0.064851,0.208006
1.100000,0.473151,-0.028477,-1.135451,0.670663,-0.020135,-1.475066,0.092568,0.067989,0.266458
1.120000,0.486582,-0.028866,-1.164895,0.672326,-0.018744,-1.469153,0.073764,0.071127,0.324910
1.140000,0.500042,-0.029226,-1.194209,0.673613,-0.017290,-1.462070,0.054959,0.074265,0.383362
1.160000,0.513524,-0.029557,-1.223370,0.674524,-0.015774,-1.453818,0.036154,0.077403,0.441814
1.180000,0.527020,-0.029857,-1.252354,0.675059,-0.014194,-1.444397,0.017350,0.080541,0.500266
1.200000,0.540524,-0.030125,-1.281138,0.675218,-0.012552,-1.433808,-0.001455,0.083679,0.558718
1.220000,0.554026,-0.030359,-1.309699,0.675001,-0.010847,-1.422049,-0.020259,0.086817,0.617170
1.240000,0.567521,-0.030558,-1.338012,0.674408,-0.009079,-1.409121,-0.039064,0.089955,0.675621
1.260000,0.581000,-0.030721,-1.366056,0.673439,-0.007249,-1.395024,-0.057868,0.093093,0.734073
1.280000,0.594456,-0.030847,-1.393806,0.672093,-0.005355,-1.379758,-0.076673,0.096231,0.792525
1.300000,0.607882,-0.030935,-1.421238,0.670372,-0.003399,-1.363323,-0.095477,0.099369,0.850977
1.320000,0.621269,-0.030983,-1.448331,0.668274,-0.001381,-1.345719,-0.114282,0.102507,0.909429
1.340000,0.634610,-0.030990,-1.475059,0.665800,0.000701,-1.326946,-0.133086,0.105645,0.967881
1.360000,0.647898,-0.030955,-1.501401,0.662951,0.002845,-1.307004,-0.151891,0.108783,1.026333
1.380000,0.661125,-0.030876,-1.527332,0.659725,0.005052,-1.285892,-0.170696,0.111921,1.084785
1.400000,0.674285,-0.030752,-1.552829,0.656123,0.007322,-1.263612,-0.189500,0.115059,1.143237
1.420000,0.687368,-0.030582,-1.577868,0.652145,0.009654,-1.240163,-0.208305,0.118197,1.201689
1.440000,0.700368,-0.030365,-1.602427,0.647791,0.012050,-1.215545,-0.227109,0.121335,1.260141
1.460000,0.713277,-0.030100,-1.626482,0.643060,0.014508,-1.189757,-0.245914,0.124473,1.318592
1.480000,0.726088,-0.029785,-1.650010,0.637954,0.017029,-1.162801,-0.264718,0.127611,1.377044
1.500000,0.738793,-0.029418,-1.672987,0.632472,0.019612,-1.134676,-0.283523,0.130749,1.435496
1.520000,0.751384,-0.029000,-1.695389,0.626613,0.022259,-1.105381,-0.302327,0.133887,1.493948
1.540000,0.763855,-0.028528,-1.717194,0.620378,0.024968,-1.074918,-0.321132,0.137025,1.552400
1.560000,0.776197,-0.028001,-1.738378,0.613768,0.027740,-1.043285,-0.339936,0.140163,1.610852
1.580000,0.788403,-0.027418,-1.758918,0.606781,0.030574,-1.010484,-0.358741,0.143301,1.669304
1.600000,0.800465,-0.026777,-1.778790,0.599418,0.033472,-0.976513,-0.377546,0.146439,1.727756
1.620000,0.812377,-0.026078,-1.797970,0.591679,0.036432,-0.941373,-0.396350,0.149577,1.786208
1.640000,0.824130,-0.025320,-1.816437,0.583564,0.039455,-0.905065,-0.415155,0.152714,1.844660
1.660000,0.835717,-0.024500,-1.834165,0.575073,0.042540,-0.867587,-0.433959,0.155852,1.903112
1.680000,0.847131,-0.023618,-1.851132,0.566206,0.045689,-0.828940,-0.452764,0.158990,1.961563
1.700000,0.858363,-0.022672,-1.867315,0.556962,0.048900,-0.789124,-0.471568,0.162128,2.020015
1.720000,0.869407,-0.021661,-1.882690,0.547343,0.052174,-0.748140,-0.490373,0.165266,2.078467
1.740000,0.880254,-0.020584,-1.897233,0.537348,0.055511,-0.705986,-0.509177,0.168404,2.136919
1.760000,0.890898,-0.019440,-1.910921,0.526976,0.058910,-0.662663,-0.527982,0.171542,2.195371
1.780000,0.901331,-0.018228,-1.923732,0.516228,0.062372,-0.618171,-0.546787,0.174680,2.253823
1.800000,0.911545,-0.016945,-1.935640,0.505104,0.065897,-0.572510,-0.565591,0.177818,2.312275
1.820000,0.921532,-0.015591,-1.946624,0.493605,0.069485,-0.525680,-0.584396,0.180956,2.370727
1.840000,0.931286,-0.014165,-1.956660,0.481729,0.073136,-0.477681,-0.603200,0.184094,2.429179
1.860000,0.940799,-0.012665,-1.965724,0.469477,0.076849,-0.428513,-0.622005,0.187232,2.487631
1.880000,0.950063,-0.011091,-1.973792,0.456848,0.080625,-0.378176,-0.640809,0.190370,2.546083
1.900000,0.959070,-0.009440,-1.980843,0.443844,0.084464,-0.326669,-0.659614,0.193508,2.604534
1.920000,0.967814,-0.007712,-1.986851,0.430464,0.088365,-0.273994,-0.678418,0.196646,2.662986
1.940000,0.976286,-0.005905,-1.991795,0.416708,0.092330,-0.220150,-0.697223,0.199784,2.721438
1.960000,0.984480,-0.004018,-1.995650,0.402575,0.096357,-0.165137,-0.716027,0.202922,2.779890
1.980000,0.992387,-0.002050,-1.998392,0.388066,0.100446,-0.108954,-0.734832,0.206060,2.838342
2.000000,1.000000,0.000000,-2.000000,0.373182,0.104599,-0.051603,-0.753637,0.209198,2.896794
2.020000,1.007314,0.002134,-2.000457,0.358223,0.108839,0.005629,-0.742223,0.214784,2.826438
2.040000,1.014330,0.004354,-1.999784,0.343493,0.113190,0.061455,-0.730809,0.220370,2.756083
2.060000,1.021055,0.006663,-1.998009,0.328991,0.117654,0.115873,-0.719396,0.225956,2.685727
2.080000,1.027492,0.009061,-1.995159,0.314717,0.122229,0.168884,-0.707982,0.231542,2.615371
2.100000,1.033645,0.011552,-1.991263,0.300671,0.126915,0.220487,-0.696568,0.237128,2.545015
2.120000,1.039520,0.014139,-1.986349,0.286854,0.131714,0.270684,-0.685155,0.242714,2.474660
2.140000,1.045121,0.016822,-1.980445,0.273265,0.136624,0.319474,-0.673741,0.248301,2.404304
2.160000,1.050452,0.019604,-1.973579,0.259905,0.141646,0.366856,-0.662327,0.253887,2.333948
2.180000,1.055519,0.022488,-1.965780,0.246772,0.146779,0.412832,-0.650914,0.259473,2.263592
2.200000,1.060325,0.025476,-1.957075,0.233868,0.152025,0.457400,-0.639500,0.265059,2.193237
2.220000,1.064875,0.028570,-1.947493,0.221192,0.157382,0.500561,-0.628086,0.270645,2.122881
2.240000,1.069174,0.031772,-1.937062,0.208745,0.162850,0.542315,-0.616673,0.276231,2.052525
2.260000,1.073226,0.035085,-1.925810,0.196525,0.168431,0.582662,-0.605259,0.281817,1.982170
2.280000,1.077036,0.038510,-1.913765,0.184534,0.174123,0.621602,-0.593846,0.287403,1.911814
2.300000,1.080609,0.042050,-1.900955,0.172771,0.179927,0.659135,-0.582432,0.292989,1.841458
2.320000,1.083949,0.045708,-1.887409,0.161237,0.185843,0.695260,-0.571018,0.298575,1.771102
2.340000,1.087060,0.049485,-1.873154,0.149931,0.191870,0.729979,-0.559605,0.304162,1.700747
2.360000,1.089947,0.053384,-1.858219,0.138853,0.198009,0.763290,-0.548191,0.309748,1.630391
2.380000,1.092616,0.057406,-1.842632,0.128003,0.204260,0.795195,-0.536777,0.315334,1.560035
2.400000,1.095069,0.061555,-1.826421,0.117382,0.210623,0.825692,-0.525364,0.320920,1.489679
2.420000,1.097312,0.065832,-1.809614,0.106989,0.217097,0.854782,-0.513950,0.326506,1.419324
2.440000,1.099350,0.070239,-1.792239,0.096824,0.223683,0.882465,-0.502536,0.332092,1.348968
2.460000,1.101187,0.074780,-1.774324,0.086887,0.230380,0.908740,-0.491123,0.337678,1.278612
2.480000,1.102827,0.079455,-1.755899,0.077179,0.237190,0.933609,-0.479709,0.343264,1.208256
2.500000,1.104276,0.084268,-1.736989,0.067699,0.244111,0.957071,-0.468295,0.348850,1.137901
2.520000,1.105537,0.089220,-1.717625,0.058447,0.251144,0.979125,-0.456882,0.354436,1.067545
2.540000,1.106615,0.094315,-1.697834,0.049423,0.258288,0.999772,-0.445468,0.360022,0.997189
2.560000,1.107515,0.099553,-1.677644,0.040628,0.265545,1.019013,-0.434055,0.365609,0.926834
2.580000,1.108242,0.104937,-1.657083,0.032061,0.272913,1.036846,-0.422641,0.371195,0.856478
2.600000,1.108799,0.110470,-1.636179,0.023723,0.280393,1.053272,-0.411227,0.376781,0.786122
2.620000,1.109192,0.116154,-1.614961,0.015612,0.287984,1.068291,-0.399814,0.382367,0.715766
2.640000,1.109425,0.121990,-1.593457,0.007730,0.295687,1.081902,-0.388400,0.387953,0.645411
2.660000,1.109503,0.127982,-1.571695,0.000076,0.303502,1.094107,-0.376986,0.393539,0.575055
2.680000,1.109430,0.134131,-1.549702,-0.007349,0.311429,1.104905,-0.365573,0.399125,0.504699
2.700000,1.109210,0.140440,-1.527508,-0.014547,0.319467,1.114295,-0.354159,0.404711,0.434343
2.720000,1.108849,0.146910,-1.505140,-0.021516,0.327617,1.122278,-0.342745,0.410297,0.363988
2.740000,1.108351,0.153545,-1.482626,-0.028257,0.335879,1.128855,-0.331332,0.415883,0.293632
2.760000,1.107721,0.160346,-1.459995,-0.034769,0.344253,1.134024,-0.319918,0.421469,0.223276
2.780000,1.106962,0.167316,-1.437274,-0.041053,0.352738,1.137786,-0.308504,0.427056,0.152921
2.800000,1.106080,0.174457,-1.414493,-0.047109,0.361335,1.140141,-0.297091,0.432642,0.082565
2.820000,1.105079,0.181770,-1.391678,-0.052937,0.370043,1.141088,-0.285677,0.438228,0.012209
2.840000,1.103964,0.189259,-1.368859,-0.058536,0.378864,1.140629,-0.274263,0.443814,-0.058147
2.860000,1.102739,0.196925,-1.346062,-0.063907,0.387796,1.138762,-0.262850,0.449400,-0.128502
2.880000,1.101409,0.204772,-1.323318,-0.069050,0.396840,1.135489,-0.251436,0.454986,-0.198858
2.900000,1.099979,0.212800,-1.300652,-0.073965,0.405995,1.130808,-0.240023,0.460572,-0.269214
2.920000,1.098452,0.221012,-1.278095,-0.078651,0.415263,1.124720,-0.228609,0.466158,-0.339570
2.940000,1.096834,0.229411,-1.255673,-0.083109,0.424642,1.117225,-0.217195,0.471744,-0.409925
2.960000,1.095129,0.237999,-1.233415,-0.087339,0.434133,1.108323,-0.205782,0.477330,-0.480281
2.980000,1.093342,0.246777,-1.211349,-0.091340,0.443735,1.098014,-0.194368,0.482917,-0.550637
3.000000,1.091477,0.255749,-1.189504,-0.095114,0.453449,1.086298,-0.182954,0.488503,-0.620992
3.020000,1.089539,0.264916,-1.167907,-0.098659,0.463275,1.073174,-0.171541,0.494089,-0.691348
3.040000,1.087532,0.274280,-1.146586,-0.101975,0.473213,1.058644,-0.160127,0.499675,-0.761704
3.060000,1.085462,0.283845,-1.125570,-0.105064,0.483262,1.042706,-0.148713,0.505261,-0.832060
3.080000,1.083331,0.293612,-1.104887,-0.107924,0.493423,1.025361,-0.137300,0.510847,-0.902415
3.100000,1.081146,0.303583,-1.084565,-0.110556,0.503696,1.006610,-0.125886,0.516433,-0.972771
3.120000,1.078911,0.313760,-1.064632,-0.112959,0.514081,0.986451,-0.114472,0.522019,-1.043127
3.140000,1.076629,0.324147,-1.045117,-0.115135,0.524577,0.964884,-0.103059,0.527605,-1.113483
3.160000,1.074307,0.334744,-1.026046,-0.117082,0.535185,0.941911,-0.091645,0.533191,-1.183838
3.180000,1.071948,0.345555,-1.007450,-0.118800,0.545904,0.917531,-0.080232,0.538777,-1.254194
3.200000,1.069556,0.356581,-0.989354,-0.120291,0.556736,0.891744,-0.068818,0.544364,-1.324550
3.220000,1.067137,0.367825,-0.971789,-0.121553,0.567679,0.864549,-0.057404,0.549950,-1.394906
3.240000,1.064696,0.379289,-0.954782,-0.122587,0.578734,0.835947,-0.045991,0.555536,-1.465261
3.260000,1.062235,0.390975,-0.938361,-0.123393,0.589900,0.805939,-0.034577,0.561122,-1.535617
3.280000,1.059761,0.402886,-0.922554,-0.123970,0.601179,0.774523,-0.023163,0.566708,-1.605973
3.300000,1.057278,0.415023,-0.907389,-0.124319,0.612569,0.741700,-0.011750,0.572294,-1.676328
3.320000,1.054790,0.427389,-0.892895,-0.124440,0.624070,0.707469,-0.000336,0.577880,-1.746684
3.340000,1.052302,0.439987,-0.879100,-0.124333,0.635684,0.671832,0.011078,0.583466,-1.817040
3.360000,1.049818,0.452817,-0.866031,-0.123997,0.647409,0.634788,0.022491,0.589052,-1.887396
3.380000,1.047344,0.465884,-0.853718,-0.123433,0.659246,0.596336,0.033905,0.594638,-1.957751
3.400000,1.044883,0.479188,-0.842187,-0.122641,0.671195,0.556478,0.045319,0.600224,-2.028107
3.420000,1.042440,0.492732,-0.831468,-0.121620,0.683255,0.515212,0.056732,0.605811,-2.098463
3.440000,1.040019,0.506519,-0.821588,-0.120372,0.695427,0.472539,0.068146,0.611397,-2.168819
3.460000,1.037626,0.520550,-0.812576,-0.118895,0.707711,0.428459,0.079559,0.616983,-2.239174
3.480000,1.035265,0.534828,-0.804459,-0.117189,0.720106,0.382972,0.090973,0.622569,-2.309530
3.500000,1.032940,0.549355,-0.797266,-0.115256,0.732614,0.336078,0.102387,0.628155,-2.379886
3.520000,1.030656,0.564133,-0.791025,-0.113094,0.745233,0.287777,0.113800,0.633741,-2.450241
3.540000,1.028418,0.579165,-0.785764,-0.110704,0.757963,0.238069,0.125214,0.639327,-2.520597
3.560000,1.026230,0.594453,-0.781512,-0.108085,0.770806,0.186953,0.136628,0.644913,-2.590953
3.580000,1.024096,0.609998,-0.778296,-0.105238,0.783760,0.134430,0.148041,0.650499,-2.661309
3.600000,1.022022,0.625804,-0.776144,-0.102164,0.796826,0.080501,0.159455,0.656085,-2.731664
3.620000,1.020011,0.641872,-0.775085,-0.098860,0.810003,0.025164,0.170869,0.661671,-2.802020
3.640000,1.018069,0.658205,-0.775147,-0.095329,0.823292,-0.031580,0.182282,0.667258,-2.872376
3.660000,1.016199,0.674804,-0.776358,-0.091569,0.836693,-0.089731,0.193696,0.672844,-2.942732
3.680000,1.014408,0.691673,-0.778746,-0.087581,0.850206,-0.149289,0.205110,0.678430,-3.013087
3.700000,1.012698,0.708813,-0.782339,-0.083365,0.863831,-0.210255,0.216523,0.684016,-3.083443
3.720000,1.011075,0.726227,-0.787165,-0.078920,0.877567,-0.272627,0.227937,0.689602,-3.153799
3.740000,1.009542,0.743917,-0.793253,-0.074247,0.891415,-0.336407,0.239351,0.695188,-3.224154
3.760000,1.008106,0.761884,-0.800631,-0.069346,0.905374,-0.401593,0.250764,0.700774,-3.294510
3.780000,1.006770,0.780132,-0.809326,-0.064217,0.919446,-0.468187,0.262178,0.706360,-3.364866
3.800000,1.005539,0.798663,-0.819368,-0.058859,0.933629,-0.536188,0.273591,0.711946,-3.435222
3.820000,1.004417,0.817478,-0.830783,-0.053273,0.947924,-0.605596,0.285005,0.717532,-3.505577
3.840000,1.003410,0.836581,-0.843601,-0.047459,0.962330,-0.676411,0.296419,0.723119,-3.575933
3.860000,1.002521,0.855972,-0.857849,-0.041416,0.976848,-0.748633,0.307832,0.728705,-3.646289
3.880000,1.001755,0.875655,-0.873556,-0.035145,0.991478,-0.822263,0.319246,0.734291,-3.716645
3.900000,1.001116,0.895632,-0.890749,-0.028646,1.006220,-0.897299,0.330660,0.739877,-3.787000
3.920000,1.000610,0.915905,-0.909457,-0.021919,1.021073,-0.973743,0.342073,0.745463,-3.857356
3.940000,1.000241,0.936476,-0.929708,-0.014963,1.036038,-1.051593,0.353487,0.751049,-3.927712
3.960000,1.000013,0.957347,-0.951530,-0.007779,1.051115,-1.130851,0.364901,0.756635,-3.998067
3.980000,0.999931,0.978521,-0.974951,-0.000367,1.066304,-1.211516,0.376314,0.762221,-4.068423
4.000000,1.000000,1.000000,-1.000000,0.007273,1.081604,-1.293588,0.387728,0.767807,-4.138779
4.020000,1.000220,1.021771,-1.026689,0.014527,1.094824,-1.374788,0.337709,0.554145,-3.981203
4.040000,1.000574,1.043764,-1.054971,0.020781,1.103770,-1.452836,0.287691,0.340484,-3.823628
4.060000,1.001044,1.065894,-1.084781,0.026035,1.108443,-1.527733,0.237673,0.126822,-3.666052
4.080000,1.001609,1.088074,-1.116059,0.030288,1.108843,-1.599478,0.187654,-0.086840,-3.508476
4.100000,1.002249,1.110219,-1.148740,0.033541,1.104969,-1.668072,0.137636,-0.300502,-3.350900
4.120000,1.002944,1.132244,-1.182761,0.035794,1.096823,-1.733514,0.087617,-0.514164,-3.193325
4.140000,1.003674,1.154063,-1.218059,0.037046,1.084403,-1.795805,0.037599,-0.727826,-3.035749
4.160000,1.004419,1.175592,-1.254572,0.037298,1.067710,-1.854944,-0.012419,-0.941488,-2.878173
4.180000,1.005159,1.196743,-1.292236,0.036549,1.046743,-1.910932,-0.062438,-1.155149,-2.720598
4.200000,1.005875,1.217433,-1.330988,0.034800,1.021504,-1.963768,-0.112456,-1.368811,-2.563022
4.220000,1.006545,1.237575,-1.370766,0.032051,0.991991,-2.013453,-0.162475,-1.582473,-2.405446
4.240000,1.007150,1.257084,-1.411505,0.028301,0.958205,-2.059986,-0.212493,-1.796135,-2.247871
4.260000,1.007670,1.275875,-1.453144,0.023551,0.920146,-2.103368,-0.262512,-2.009797,-2.090295
4.280000,1.008085,1.293861,-1.495619,0.017801,0.877813,-2.143598,-0.312530,-2.223459,-1.932719
4.300000,1.008376,1.310959,-1.538867,0.011050,0.831207,-2.180676,-0.362548,-2.437120,-1.775143
4.320000,1.008521,1.327081,-1.582825,0.003299,0.780328,-2.214603,-0.412567,-2.650782,-1.617568
4.340000,1.008501,1.342143,-1.627430,-0.005453,0.725176,-2.245379,-0.462585,-2.864444,-1.459992
4.360000,1.008296,1.356060,-1.672619,-0.015205,0.665750,-2.273003,-0.512604,-3.078106,-1.302416
4.380000,1.007886,1.368745,-1.718329,-0.025957,0.602052,-2.297476,-0.562622,-3.291768,-1.144841
4.400000,1.007251,1.380113,-1.764497,-0.037709,0.534080,-2.318797,-0.612641,-3.505430,-0.987265
4.420000,1.006371,1.390080,-1.811060,-0.050462,0.461834,-2.336966,-0.662659,-3.719092,-0.829689
4.440000,1.005226,1.398558,-1.857955,-0.064216,0.385316,-2.351984,-0.712677,-3.932753,-0.672113
4.460000,1.003796,1.405464,-1.905118,-0.078970,0.304524,-2.363851,-0.762696,-4.146415,-0.514538
4.480000,1.002060,1.410711,-1.952488,-0.094724,0.219459,-2.372566,-0.812714,-4.360077,-0.356962
4.500000,1.000000,1.414214,-2.000000,-0.111478,0.130121,-2.378129,-0.862733,-4.573739,-0.199386
4.520000,0.997608,1.415907,-2.047589,-0.127162,0.039534,-2.380063,-0.705695,-4.484993,0.006042
4.540000,0.994934,1.415807,-2.095175,-0.139706,-0.049278,-2.377888,-0.548658,-4.396248,0.211470
4.560000,0.992041,1.413948,-2.142677,-0.149109,-0.136316,-2.371604,-0.391620,-4.307503,0.416899
4.580000,0.988991,1.410366,-2.190012,-0.155371,-0.221579,-2.361212,-0.234583,-4.218757,0.622327
4.600000,0.985847,1.405097,-2.237098,-0.158492,-0.305066,-2.346711,-0.077546,-4.130012,0.827756
4.620000,0.982672,1.398175,-2.283853,-0.158473,-0.386779,-2.328101,0.079492,-4.041266,1.033184
4.640000,0.979529,1.389637,-2.330195,-0.155312,-0.466717,-2.305383,0.236529,-3.952521,1.238613
4.660000,0.976481,1.379518,-2.376041,-0.149011,-0.544880,-2.278557,0.393567,-3.863775,1.444041
4.680000,0.973590,1.367854,-2.421310,-0.139570,-0.621268,-2.247622,0.550604,-3.775030,1.649470
4.700000,0.970919,1.354679,-2.465918,-0.126987,-0.695881,-2.212578,0.707641,-3.686284,1.854898
4.720000,0.968531,1.340030,-2.509785,-0.111264,-0.768719,-2.173426,0.864679,-3.597539,2.060326
4.740000,0.966489,1.323942,-2.552828,-0.092400,-0.839783,-2.130165,1.021716,-3.508793,2.265755
4.760000,0.964856,1.306451,-2.594964,-0.070395,-0.909071,-2.082796,1.178754,-3.420048,2.471183
4.780000,0.963694,1.287591,-2.636112,-0.045250,-0.976585,-2.031318,1.335791,-3.331303,2.676612
4.800000,0.963067,1.267399,-2.676190,-0.016964,-1.042323,-1.975731,1.492829,-3.242557,2.882040
4.820000,0.963037,1.245910,-2.715114,0.014463,-1.106287,-1.916036,1.649866,-3.153812,3.087469
4.840000,0.963666,1.223160,-2.752804,0.049031,-1.168476,-1.852233,1.806903,-3.065066,3.292897
4.860000,0.965019,1.199183,-2.789176,0.086739,-1.228889,-1.784320,1.963941,-2.976321,3.498325
4.880000,0.967157,1.174016,-2.824149,0.127589,-1.287528,-1.712299,2.120978,-2.887575,3.703754
4.900000,0.970143,1.147694,-2.857641,0.171578,-1.344393,-1.636170,2.278016,-2.798830,3.909182
4.920000,0.974041,1.120252,-2.889569,0.218709,-1.399482,-1.555932,2.435053,-2.710084,4.114611
4.940000,0.978913,1.091726,-2.919851,0.268981,-1.452796,-1.471586,2.592090,-2.621339,4.320039
4.960000,0.984821,1.062152,-2.948405,0.322393,-1.504335,-1.383131,2.749128,-2.532593,4.525468
4.980000,0.991829,1.031565,-2.975149,0.378946,-1.554100,-1.290567,2.906165,-2.443848,4.730896
5.000000,1.000000,1.000000,-3.000000,0.438639,-1.602089,-1.193895,3.063203,-2.355103,4.936324
5.020000,1.009372,0.967493,-3.022894,0.497848,-1.648275,-1.095707,2.857621,-2.263487,4.882494
5.040000,1.019886,0.934081,-3.043835,0.552944,-1.692629,-0.998595,2.652040,-2.171872,4.828664
5.060000,1.031462,0.899800,-3.062845,0.603929,-1.735150,-0.902560,2.446458,-2.080257,4.774834
5.080000,1.044016,0.864687,-3.079945,0.650803,-1.775839,-0.807602,2.240876,-1.988642,4.721003
5.100000,1.057467,0.828779,-3.095156,0.693564,-1.814696,-0.713720,2.035295,-1.897027,4.667173
5.120000,1.071731,0.792112,-3.108501,0.732214,-1.851720,-0.620915,1.829713,-1.805412,4.613343
5.140000,1.086728,0.754722,-3.120000,0.766753,-1.886912,-0.529186,1.624132,-1.713797,4.559513
5.160000,1.102374,0.716648,-3.129676,0.797180,-1.920272,-0.438534,1.418550,-1.622182,4.505682
5.180000,1.118588,0.677924,-3.137549,0.823495,-1.951799,-0.348959,1.212968,-1.530567,4.451852
5.200000,1.135286,0.638588,-3.143641,0.845698,-1.981495,-0.260460,1.007387,-1.438952,4.398022
5.220000,1.152388,0.598676,-3.147974,0.863790,-2.009357,-0.173038,0.801805,-1.347337,4.344191
5.240000,1.169811,0.558226,-3.150570,0.877771,-2.035388,-0.086692,0.596224,-1.255721,4.290361
5.260000,1.187472,0.517273,-3.151449,0.887639,-2.059586,-0.001424,0.390642,-1.164106,4.236531
5.280000,1.205289,0.475854,-3.150634,0.893396,-2.081952,0.082769,0.185060,-1.072491,4.182701
5.300000,1.223180,0.434007,-3.148146,0.895042,-2.102486,0.165884,-0.020521,-0.980876,4.128870
5.320000,1.241063,0.391767,-3.144006,0.892575,-2.121187,0.247924,-0.226103,-0.889261,4.075040
5.340000,1.258856,0.349172,-3.138236,0.885998,-2.138056,0.328886,-0.431684,-0.797646,4.021210
5.360000,1.276476,0.306257,-3.130858,0.875308,-2.153093,0.408772,-0.637266,-0.706031,3.967380
5.380000,1.293841,0.263060,-3.121892,0.860507,-2.166298,0.487581,-0.842848,-0.614416,3.913549
5.400000,1.310868,0.219618,-3.111361,0.841594,-2.177670,0.565314,-1.048429,-0.522801,3.859719
5.420000,1.327477,0.175966,-3.099287,0.818570,-2.187210,0.641970,-1.254011,-0.431186,3.805889
5.440000,1.343584,0.132141,-3.085690,0.791434,-2.194917,0.717549,-1.459592,-0.339571,3.752058
5.460000,1.359107,0.088181,-3.070592,0.760186,-2.200792,0.792052,-1.665174,-0.247955,3.698228
5.480000,1.373964,0.044122,-3.054015,0.724827,-2.204835,0.865479,-1.870756,-0.156340,3.644398
5.500000,1.388073,-0.000000,-3.035980,0.685356,-2.207046,0.937828,-2.076337,-0.064725,3.590568
5.520000,1.401360,-0.044147,-3.016512,0.643115,-2.207269,1.008651,-2.147767,0.042424,3.491700
5.540000,1.413788,-0.088276,-2.995647,0.599445,-2.205349,1.077496,-2.219197,0.149573,3.392833
5.560000,1.425328,-0.132346,-2.973425,0.554347,-2.201286,1.144364,-2.290627,0.256722,3.293966
5.580000,1.435952,-0.176314,-2.949886,0.507820,-2.195080,1.209255,-2.362056,0.363871,3.195098
5.600000,1.445631,-0.220135,-2.925068,0.459865,-2.186731,1.272168,-2.433486,0.471021,3.096231
5.620000,1.454337,-0.263769,-2.899012,0.410481,-2.176239,1.333104,-2.504916,0.578170,2.997364
5.640000,1.462041,-0.307171,-2.871757,0.359668,-2.163605,1.392063,-2.576346,0.685319,2.898496
5.660000,1.468714,-0.350298,-2.843343,0.307427,-2.148827,1.449044,-2.647776,0.792468,2.799629
5.680000,1.474328,-0.393109,-2.813809,0.253757,-2.131906,1.504048,-2.719205,0.899617,2.700762
5.700000,1.478855,-0.435560,-2.783194,0.198659,-2.112842,1.557074,-2.790635,1.006766,2.601894
5.720000,1.482265,-0.477609,-2.751539,0.142132,-2.091635,1.608124,-2.862065,1.113915,2.503027
5.740000,1.484531,-0.519212,-2.718882,0.084176,-2.068285,1.657196,-2.933495,1.221065,2.404160
5.760000,1.485623,-0.560326,-2.685264,0.024792,-2.042793,1.704290,-3.004925,1.328214,2.305292
5.780000,1.485513,-0.600909,-2.650724,-0.036021,-2.015157,1.749407,-3.076354,1.435363,2.206425
5.800000,1.484172,-0.640918,-2.615301,-0.098262,-1.985378,1.792547,-3.147784,1.542512,2.107558
5.820000,1.481573,-0.680310,-2.579035,-0.161932,-1.953456,1.833710,-3.219214,1.649661,2.008690
5.840000,1.477686,-0.719042,-2.541966,-0.227031,-1.919392,1.872895,-3.290644,1.756810,1.909823
5.860000,1.472482,-0.757071,-2.504133,-0.293558,-1.883184,1.910102,-3.362074,1.863960,1.810956
5.880000,1.465934,-0.794355,-2.465575,-0.361514,-1.844833,1.945333,-3.433503,1.971109,1.712088
5.900000,1.458012,-0.830850,-2.426333,-0.430898,-1.804340,1.978586,-3.504933,2.078258,1.613221
5.920000,1.448688,-0.866514,-2.386445,-0.501711,-1.761703,2.009862,-3.576363,2.185407,1.514354
5.940000,1.437934,-0.901304,-2.345951,-0.573953,-1.716923,2.039160,-3.647793,2.292556,1.415486
5.960000,1.425721,-0.935177,-2.304892,-0.647623,-1.670001,2.066481,-3.719223,2.399705,1.316619
5.980000,1.412020,-0.968090,-2.263305,-0.722722,-1.620935,2.091825,-3.790652,2.506854,1.217752
6.000000,1.396802,-1.000000,-2.221232,-0.799249,-1.569727,2.115191,-3.862082,2.614004,1.118884
6.020000,1.380050,-1.030869,-2.178715,-0.875786,-1.517025,2.135964,-3.791649,2.656147,0.958365
6.040000,1.361780,-1.060675,-2.135815,-0.950915,-1.463481,2.153526,-3.721216,2.698290,0.797846
6.060000,1.342022,-1.089403,-2.092595,-1.024635,-1.409093,2.167878,-3.650783,2.740433,0.637327
6.080000,1.320804,-1.117033,-2.049121,-1.096946,-1.353863,2.179019,-3.580350,2.782577,0.476808
6.100000,1.298154,-1.143551,-2.005456,-1.167849,-1.297790,2.186950,-3.509917,2.824720,0.316289
6.120000,1.274100,-1.168939,-1.961664,-1.237343,-1.240874,2.191671,-3.439484,2.866863,0.155769
6.140000,1.248670,-1.193181,-1.917810,-1.305428,-1.183116,2.193181,-3.369051,2.909006,-0.004750
6.160000,1.221892,-1.216259,-1.873958,-1.372105,-1.124514,2.191481,-3.298617,2.951150,-0.165269
6.180000,1.193795,-1.238156,-1.830173,-1.437373,-1.065070,2.186570,-3.228184,2.993293,-0.325788
6.200000,1.164406,-1.258856,-1.786517,-1.501232,-1.004783,2.178449,-3.157751,3.035436,-0.486307
6.220000,1.133755,-1.278341,-1.743056,-1.563683,-0.943652,2.167118,-3.087318,3.077580,-0.646826
6.240000,1.101868,-1.296596,-1.699854,-1.624725,-0.881679,2.152576,-3.016885,3.119723,-0.807345
6.260000,1.068775,-1.313603,-1.656974,-1.684358,-0.818863,2.134824,-2.946452,3.161866,-0.967865
6.280000,1.034503,-1.329345,-1.614482,-1.742583,-0.755205,2.113861,-2.876019,3.204009,-1.128384
6.300000,0.999081,-1.343806,-1.572441,-1.799399,-0.690703,2.089689,-2.805586,3.246153,-1.288903
6.320000,0.962537,-1.356968,-1.530916,-1.854807,-0.625359,2.062305,-2.735153,3.288296,-1.449422
6.340000,0.924898,-1.368814,-1.489971,-1.908805,-0.559171,2.031712,-2.664720,3.330439,-1.609941
6.360000,0.886194,-1.379329,-1.449669,-1.961395,-0.492141,1.997908,-2.594286,3.372583,-1.770460
6.380000,0.846452,-1.388494,-1.410076,-2.012577,-0.424268,1.960893,-2.523853,3.414726,-1.930980
6.400000,0.805700,-1.396294,-1.371255,-2.062350,-0.355552,1.920668,-2.453420,3.456869,-2.091499
6.420000,0.763967,-1.402711,-1.333270,-2.110714,-0.285993,1.877233,-2.382987,3.499012,-2.252018
6.440000,0.721281,-1.407728,-1.296187,-2.157669,-0.215591,1.830588,-2.312554,3.541156,-2.412537
6.460000,0.677670,-1.411329,-1.260068,-2.203216,-0.144347,1.780732,-2.242121,3.583299,-2.573056
6.480000,0.633162,-1.413496,-1.224979,-2.247354,-0.072260,1.727665,-2.171688,3.625442,-2.733575
6.500000,0.587785,-1.414214,-1.190983,-2.290083,0.000671,1.671389,-2.101255,3.667585,-2.894094
6.520000,0.541575,-1.413469,-1.158136,-2.330401,0.073595,1.613287,-1.930496,3.624798,-2.916055
6.540000,0.494592,-1.411275,-1.126454,-2.367303,0.145663,1.554747,-1.759737,3.582011,-2.938017
6.560000,0.446905,-1.407649,-1.095949,-2.400790,0.216875,1.495767,-1.588978,3.539224,-2.959978
6.580000,0.398583,-1.402606,-1.066627,-2.430862,0.287232,1.436347,-1.418220,3.496437,-2.981939
6.600000,0.349694,-1.396165,-1.038498,-2.457519,0.356732,1.376489,-1.247461,3.453649,-3.003900
6.620000,0.300305,-1.388343,-1.011570,-2.480761,0.425378,1.316191,-1.076702,3.410862,-3.025861
6.640000,0.250486,-1.379156,-0.985853,-2.500587,0.493167,1.255455,-0.905943,3.368075,-3.047822
6.660000,0.200304,-1.368622,-0.961355,-2.516998,0.560101,1.194279,-0.735185,3.325288,-3.069783
6.680000,0.149829,-1.356757,-0.938085,-2.529995,0.626178,1.132663,-0.564426,3.282501,-3.091744
6.700000,0.099127,-1.343580,-0.916051,-2.539575,0.691401,1.070609,-0.393667,3.239714,-3.113705
6.720000,0.048269,-1.329107,-0.895263,-2.545741,0.755767,1.008115,-0.222908,3.196926,-3.135666
6.740000,-0.002679,-1.313355,-0.875730,-2.548492,0.819278,0.945182,-0.052149,3.154139,-3.157627
6.760000,-0.053648,-1.296342,-0.857459,-2.547827,0.881933,0.881810,0.118609,3.111352,-3.179588
6.780000,-0.104570,-1.278084,-0.840460,-2.543747,0.943732,0.817999,0.289368,3.068565,-3.201549
6.800000,-0.155375,-1.258598,-0.824742,-2.536252,1.004675,0.753748,0.460127,3.025778,-3.223510
6.820000,-0.205997,-1.237902,-0.810313,-2.525342,1.064763,0.689058,0.630886,2.982990,-3.245471
6.840000,-0.256366,-1.216013,-0.797182,-2.511017,1.123995,0.623929,0.801644,2.940203,-3.267432
6.860000,-0.306415,-1.192948,-0.785359,-2.493277,1.182371,0.558361,0.972403,2.897416,-3.289393
6.880000,-0.356075,-1.168724,-0.774851,-2.472121,1.239891,0.492354,1.143162,2.854629,-3.311354
6.900000,-0.405277,-1.143358,-0.765668,-2.447550,1.296556,0.425907,1.313921,2.811842,-3.333315
6.920000,-0.453954,-1.116868,-0.757818,-2.419564,1.352365,0.359021,1.484679,2.769054,-3.355276
6.940000,-0.502037,-1.089269,-0.751310,-2.388163,1.407318,0.291696,1.655438,2.726267,-3.377237
6.960000,-0.549458,-1.060581,-0.746153,-2.353347,1.461416,0.223932,1.826197,2.683480,-3.399198
6.980000,-0.596148,-1.030818,-0.742355,-2.315115,1.514658,0.155728,1.996956,2.640693,-3.421159
7.000000,-0.642040,-1.000000,-0.739926,-2.273468,1.567044,0.087085,2.167715,2.597906,-3.443120
7.020000,-0.687069,-0.968146,-0.738865,-2.229216,1.617962,0.019440,2.257567,2.493976,-3.321417
7.040000,-0.731196,-0.935295,-0.739133,-2.183166,1.666803,-0.045771,2.347419,2.390047,-3.199714
7.060000,-0.774384,-0.901488,-0.740680,-2.135319,1.713564,-0.108549,2.437271,2.286117,-3.078011
7.080000,-0.816597,-0.866767,-0.743458,-2.085675,1.758247,-0.168892,2.527122,2.182187,-2.956308
7.100000,-0.857799,-0.831172,-0.747419,-2.034234,1.800852,-0.226801,2.616974,2.078258,-2.834605
7.120000,-0.897954,-0.794746,-0.752514,-1.980996,1.841378,-0.282276,2.706826,1.974328,-2.712902
7.140000,-0.937027,-0.757531,-0.758694,-1.925961,1.879825,-0.335317,2.796678,1.870399,-2.591199
7.160000,-0.974981,-0.719567,-0.765911,-1.869129,1.916194,-0.385924,2.886530,1.766469,-2.469497
7.180000,-1.011780,-0.680897,-0.774115,-1.810500,1.950484,-0.434097,2.976382,1.662540,-2.347794
7.200000,-1.047389,-0.641562,-0.783258,-1.750073,1.982695,-0.479836,3.066234,1.558610,-2.226091
7.220000,-1.081771,-0.601603,-0.793292,-1.687850,2.012828,-0.523141,3.156086,1.454680,-2.104388
7.240000,-1.114891,-0.561063,-0.804168,-1.623830,2.040882,-0.564011,3.245938,1.350751,-1.982685
7.260000,-1.146712,-0.519982,-0.815836,-1.558013,2.066858,-0.602448,3.335790,1.246821,-1.860982
7.280000,-1.177199,-0.478402,-0.828249,-1.490398,2.090755,-0.638451,3.425642,1.142892,-1.739279
7.300000,-1.206316,-0.436365,-0.841358,-1.420987,2.112574,-0.672019,3.515494,1.038962,-1.617576
7.320000,-1.234027,-0.393913,-0.855114,-1.349779,2.132314,-0.703154,3.605346,0.935033,-1.495873
7.340000,-1.260295,-0.351087,-0.869468,-1.276773,2.149975,-0.731854,3.695198,0.831103,-1.374170
7.360000,-1.285086,-0.307928,-0.884372,-1.201971,2.165558,-0.758121,3.785050,0.727173,-1.252467
7.380000,-1.308362,-0.264478,-0.899777,-1.125371,2.179062,-0.781953,3.874902,0.623244,-1.130765
7.400000,-1.330089,-0.220779,-0.915634,-1.046975,2.190488,-0.803351,3.964754,0.519314,-1.009062
7.420000,-1.350229,-0.176873,-0.931894,-0.966781,2.199834,-0.822315,4.054606,0.415385,-0.887359
7.440000,-1.368748,-0.132800,-0.948510,-0.884790,2.207103,-0.838845,4.144458,0.311455,-0.765656
7.460000,-1.385609,-0.088602,-0.965432,-0.801003,2.212293,-0.852942,4.234310,0.207526,-0.643953
7.480000,-1.400776,-0.044322,-0.982612,-0.715418,2.215404,-0.864604,4.324162,0.103596,-0.522250
7.500000,-1.414214,0.000000,-1.000000,-0.628036,2.216437,-0.873832,4.414014,-0.000334,-0.400547
7.520000,-1.425897,0.044322,-1.017548,-0.540558,2.215391,-0.880604,4.333764,-0.104183,-0.276684
7.540000,-1.435847,0.088602,-1.035208,-0.454686,2.212269,-0.884899,4.253514,-0.208033,-0.152822
7.560000,-1.444095,0.132799,-1.052928,-0.370418,2.207070,-0.886717,4.173264,-0.311882,-0.028959
7.580000,-1.450674,0.176871,-1.070660,-0.287755,2.199794,-0.886057,4.093015,-0.415732,0.094904
7.600000,-1.455616,0.220777,-1.088354,-0.206697,2.190441,-0.882921,4.012765,-0.519581,0.218767
7.620000,-1.458953,0.264475,-1.105960,-0.127244,2.179011,-0.877307,3.932515,-0.623431,0.342629
7.640000,-1.460716,0.307923,-1.123429,-0.049397,2.165504,-0.869215,3.852265,-0.727280,0.466492
7.660000,-1.460939,0.351081,-1.140712,0.026846,2.149919,-0.858647,3.772015,-0.831130,0.590355
7.680000,-1.459653,0.393906,-1.157759,0.101484,2.132258,-0.845601,3.691765,-0.934979,0.714217
7.700000,-1.456891,0.436357,-1.174520,0.174517,2.112520,-0.830078,3.611515,-1.038829,0.838080
7.720000,-1.452683,0.478393,-1.190945,0.245945,2.090705,-0.812078,3.531266,-1.142678,0.961943
7.740000,-1.447063,0.519972,-1.206986,0.315767,2.066813,-0.791601,3.451016,-1.246528,1.085806
7.760000,-1.440063,0.561052,-1.222593,0.383985,2.040844,-0.768646,3.370766,-1.350377,1.209668
7.780000,-1.431715,0.601592,-1.237716,0.450598,2.012798,-0.743214,3.290516,-1.454227,1.333531
7.800000,-1.422050,0.641550,-1.252305,0.515606,1.982675,-0.715305,3.210266,-1.558076,1.457394
7.820000,-1.411101,0.680885,-1.266311,0.579009,1.950475,-0.684918,3.130016,-1.661926,1.581257
7.840000,-1.398900,0.719555,-1.279685,0.640806,1.916198,-0.652054,3.049766,-1.765775,1.705119
7.860000,-1.385480,0.757519,-1.292377,0.700999,1.879844,-0.616713,2.969516,-1.869625,1.828982
7.880000,-1.370871,0.794735,-1.304337,0.759587,1.841413,-0.578895,2.889267,-1.973474,1.952845
7.900000,-1.355107,0.831162,-1.315516,0.816570,1.800905,-0.538599,2.809017,-2.077324,2.076707
7.920000,-1.338219,0.866757,-1.325865,0.871948,1.758320,-0.495827,2.728767,-2.181173,2.200570
7.940000,-1.320240,0.901480,-1.335333,0.925721,1.713658,-0.450577,2.648517,-2.285023,2.324433
7.960000,-1.301201,0.935290,-1.343871,0.977888,1.666919,-0.402849,2.568267,-2.388872,2.448296
7.980000,-1.281135,0.968143,-1.351430,1.028451,1.618103,-0.352645,2.488017,-2.492722,2.572158
8.000000,-1.260074,1.000000,-1.357960,1.077409,1.567210,-0.299963,2.407767,-2.596571,2.696021
8.020000,-1.238054,1.030822,-1.363422,1.123958,1.514849,-0.246235,2.247076,-2.639599,2.676779
8.040000,-1.215137,1.060588,-1.367812,1.167292,1.461626,-0.192892,2.086384,-2.682626,2.657537
8.060000,-1.191384,1.089281,-1.371140,1.207413,1.407544,-0.139934,1.925692,-2.725653,2.638295
8.080000,-1.166862,1.116884,-1.373412,1.244320,1.352600,-0.087360,1.765000,-2.768681,2.619054
8.100000,-1.141633,1.143380,-1.374637,1.278013,1.296796,-0.035171,1.604309,-2.811708,2.599812
8.120000,-1.115762,1.168750,-1.374822,1.308492,1.240132,0.016632,1.443617,-2.854736,2.580570
8.140000,-1.089315,1.192979,-1.373974,1.335758,1.182607,0.068051,1.282925,-2.897763,2.561328
8.160000,-1.062354,1.216049,-1.372102,1.359809,1.124221,0.119086,1.122233,-2.940790,2.542086
8.180000,-1.034944,1.237942,-1.369213,1.380647,1.064975,0.169735,0.961542,-2.983818,2.522844
8.200000,-1.007149,1.258642,-1.365315,1.398271,1.004869,0.219999,0.800850,-3.026845,2.503602
8.220000,-0.979034,1.278131,-1.360416,1.412681,0.943902,0.269879,0.640158,-3.069873,2.484360
8.240000,-0.950663,1.296392,-1.354523,1.423877,0.882074,0.319374,0.479466,-3.112900,2.465118
8.260000,-0.922101,1.313409,-1.347644,1.431860,0.819386,0.368484,0.318775,-3.155927,2.445876
8.280000,-0.893410,1.329162,-1.339786,1.436628,0.755837,0.417209,0.158083,-3.198955,2.426634
8.300000,-0.864657,1.343636,-1.330958,1.438183,0.691427,0.465549,-0.002609,-3.241982,2.407392
8.320000,-0.835904,1.356814,-1.321167,1.436524,0.626157,0.513504,-0.163301,-3.285010,2.388151
8.340000,-0.807217,1.368677,-1.310420,1.431651,0.560027,0.561075,-0.323992,-3.328037,2.368909
8.360000,-0.778660,1.379209,-1.298726,1.423564,0.493036,0.608261,-0.484684,-3.371065,2.349667
8.380000,-0.750296,1.388392,-1.286092,1.412264,0.425184,0.655062,-0.645376,-3.414092,2.330425
8.400000,-0.722191,1.396210,-1.272526,1.397749,0.356472,0.701478,-0.806068,-3.457119,2.311183
8.420000,-0.694408,1.402646,-1.258036,1.380021,0.286900,0.747509,-0.966759,-3.500147,2.291941
8.440000,-0.667011,1.407681,-1.242629,1.359079,0.216466,0.793155,-1.127451,-3.543174,2.272699
8.460000,-0.640066,1.411299,-1.226312,1.334923,0.145173,0.838417,-1.288143,-3.586202,2.253457
8.480000,-0.613636,1.413482,-1.209094,1.307553,0.073018,0.883294,-1.448835,-3.629229,2.234215
8.500000,-0.587785,1.414214,-1.190983,1.276969,0.000003,0.927786,-1.609526,-3.672256,2.214973
8.520000,-0.562572,1.413482,-1.171994,1.244100,-0.073011,0.970616,-1.677437,-3.629232,2.068113
8.540000,-0.538030,1.411299,-1.152178,1.209872,-0.145166,1.010510,-1.745348,-3.586208,1.921253
8.560000,-0.514186,1.407681,-1.131593,1.174286,-0.216460,1.047467,-1.813259,-3.543184,1.774393
8.580000,-0.491068,1.402646,-1.110299,1.137342,-0.286893,1.081486,-1.881169,-3.500160,1.627533
8.600000,-0.468702,1.396211,-1.088353,1.099039,-0.356466,1.112568,-1.949080,-3.457136,1.480673
8.620000,-0.447115,1.388393,-1.065816,1.059378,-0.425179,1.140713,-2.016991,-3.414112,1.333813
8.640000,-0.426336,1.379210,-1.042744,1.018359,-0.493031,1.165920,-2.084902,-3.371088,1.186953
8.660000,-0.406390,1.368678,-1.019198,0.975982,-0.560022,1.188191,-2.152813,-3.328064,1.040093
8.680000,-0.387306,1.356815,-0.995236,0.932247,-0.626153,1.207524,-2.220723,-3.285040,0.893233
8.700000,-0.369109,1.343637,-0.970917,0.887153,-0.691424,1.223920,-2.288634,-3.242016,0.746373
8.720000,-0.351828,1.329163,-0.946299,0.840702,-0.755834,1.237379,-2.356545,-3.198991,0.599513
8.740000,-0.335490,1.313410,-0.921442,0.792892,-0.819383,1.247901,-2.424456,-3.155967,0.452653
8.760000,-0.320122,1.296394,-0.896403,0.743723,-0.882073,1.255485,-2.492366,-3.112943,0.305793
8.780000,-0.305750,1.278133,-0.871242,0.693197,-0.943901,1.260132,-2.560277,-3.069919,0.158933
8.800000,-0.292403,1.258643,-0.846017,0.641312,-1.004869,1.261842,-2.628188,-3.026895,0.012073
8.820000,-0.280107,1.237944,-0.820788,0.588069,-1.064977,1.260615,-2.696099,-2.983871,-0.134787
8.840000,-0.268889,1.216050,-0.795612,0.533468,-1.124224,1.256451,-2.764010,-2.940847,-0.281648
8.860000,-0.258777,1.192980,-0.770549,0.477509,-1.182611,1.249349,-2.831920,-2.897823,-0.428508
8.880000,-0.249798,1.168751,-0.745658,0.420191,-1.240137,1.239311,-2.899831,-2.854799,-0.575368
8.900000,-0.241979,1.143381,-0.720996,0.361516,-1.296803,1.226335,-2.967742,-2.811775,-0.722228
8.920000,-0.235346,1.116885,-0.696624,0.301482,-1.352608,1.210422,-3.035653,-2.768750,-0.869088
8.940000,-0.229928,1.089282,-0.672599,0.240090,-1.407553,1.191571,-3.103563,-2.725726,-1.015948
8.960000,-0.225752,1.060589,-0.648981,0.177339,-1.461637,1.169784,-3.171474,-2.682702,-1.162808
8.980000,-0.222844,1.030822,-0.625827,0.113231,-1.514861,1.145059,-3.239385,-2.639678,-1.309668
9.000000,-0.221232,1.000000,-0.603198,0.047764,-1.567224,1.117397,-3.307296,-2.596654,-1.456528
9.020000,-0.220932,0.968143,-0.581149,-0.017454,-1.618119,1.087120,-3.214443,-2.492788,-1.571172
9.040000,-0.221918,0.935289,-0.559728,-0.080814,-1.666936,1.054550,-3.121591,-2.388922,-1.685816
9.060000,-0.224152,0.901480,-0.538982,-0.142317,-1.713675,1.019687,-3.028738,-2.285056,-1.800460
9.080000,-0.227598,0.866756,-0.518956,-0.201963,-1.758338,0.982532,-2.935886,-2.181190,-1.915103
9.100000,-0.232218,0.831160,-0.499696,-0.259753,-1.800923,0.943083,-2.843034,-2.077324,-2.029747
9.120000,-0.237976,0.794733,-0.481248,-0.315685,-1.841431,0.901342,-2.750181,-1.973458,-2.144391
9.140000,-0.244833,0.757516,-0.463658,-0.369760,-1.879861,0.857308,-2.657329,-1.869591,-2.259035
9.160000,-0.252754,0.719552,-0.446971,-0.421978,-1.916215,0.810980,-2.564476,-1.765725,-2.373679
9.180000,-0.261700,0.680882,-0.431234,-0.472339,-1.950490,0.762360,-2.471624,-1.661859,-2.488323
9.200000,-0.271635,0.641546,-0.416492,-0.520843,-1.982689,0.711447,-2.378771,-1.557993,-2.602967
9.220000,-0.282521,0.601588,-0.402791,-0.567490,-2.012810,0.658242,-2.285919,-1.454127,-2.717611
9.240000,-0.294322,0.561048,-0.390177,-0.612280,-2.040854,0.602743,-2.193067,-1.350261,-2.832255
9.260000,-0.307000,0.519968,-0.378697,-0.655212,-2.066821,0.544952,-2.100214,-1.246395,-2.946898
9.280000,-0.320518,0.478389,-0.368395,-0.696288,-2.090710,0.484867,-2.007362,-1.142529,-3.061542
9.300000,-0.334839,0.436353,-0.359317,-0.735507,-2.112522,0.422490,-1.914509,-1.038663,-3.176186
9.320000,-0.349926,0.393902,-0.351510,-0.772869,-2.132256,0.357820,-1.821657,-0.934797,-3.290830
9.340000,-0.365741,0.351077,-0.345020,-0.808373,-2.149914,0.290857,-1.728804,-0.830930,-3.405474
9.360000,-0.382248,0.307919,-0.339891,-0.842021,-2.165494,0.221601,-1.635952,-0.727064,-3.520118
9.380000,-0.399410,0.264471,-0.336171,-0.873811,-2.178996,0.150052,-1.543099,-0.623198,-3.634762
9.400000,-0.417189,0.220773,-0.333905,-0.903745,-2.190421,0.076210,-1.450247,-0.519332,-3.749406
9.420000,-0.435547,0.176868,-0.333138,-0.931821,-2.199769,0.000076,-1.357395,-0.415466,-3.864050
9.440000,-0.454449,0.132796,-0.333917,-0.958040,-2.207040,-0.078352,-1.264542,-0.311600,-3.978693
9.460000,-0.473857,0.088600,-0.336287,-0.982403,-2.212233,-0.159072,-1.171690,-0.207734,-4.093337
9.480000,-0.493733,0.044321,-0.340295,-1.004908,-2.215349,-0.242085,-1.078837,-0.103868,-4.207981
9.500000,-0.514040,-0.000000,-0.345986,-1.025556,-2.216388,-0.327391,-0.985985,-0.000002,-4.322625
9.520000,-0.534739,-0.044321,-0.353395,-1.043835,-2.215350,-0.413364,-0.841921,0.103865,-4.274616
9.540000,-0.555775,-0.088600,-0.362514,-1.059233,-2.212234,-0.498376,-0.697857,0.207731,-4.226606
9.560000,-0.577089,-0.132796,-0.373324,-1.071750,-2.207040,-0.582428,-0.553793,0.311598,-4.178597
9.580000,-0.598625,-0.176868,-0.385805,-1.081385,-2.199770,-0.665520,-0.409729,0.415464,-4.130588
9.600000,-0.620326,-0.220773,-0.399938,-1.088139,-2.190422,-0.747651,-0.265664,0.519331,-4.082578
9.620000,-0.642132,-0.264471,-0.415705,-1.092011,-2.178996,-0.828823,-0.121600,0.623197,-4.034569
9.640000,-0.663987,-0.307919,-0.433085,-1.093003,-2.165494,-0.909034,0.022464,0.727064,-3.986559
9.660000,-0.685833,-0.351077,-0.452059,-1.091113,-2.149914,-0.988285,0.166528,0.830930,-3.938550
9.680000,-0.707612,-0.393902,-0.472610,-1.086342,-2.132257,-1.066576,0.310592,0.934797,-3.890541
9.700000,-0.729267,-0.436353,-0.494716,-1.078689,-2.112522,-1.143907,0.454656,1.038663,-3.842531
9.720000,-0.750740,-0.478389,-0.518360,-1.068155,-2.090710,-1.220277,0.598720,1.142530,-3.794522
9.740000,-0.771974,-0.519968,-0.543521,-1.054740,-2.066821,-1.295688,0.742784,1.246396,-3.746513
9.760000,-0.792911,-0.561048,-0.570181,-1.038444,-2.040854,-1.370138,0.886848,1.350263,-3.698503
9.780000,-0.813493,-0.601588,-0.598320,-1.019266,-2.012810,-1.443628,1.030912,1.454129,-3.650494
9.800000,-0.833662,-0.641547,-0.627919,-0.997208,-1.982689,-1.516158,1.174976,1.557996,-3.602484
9.820000,-0.853362,-0.680882,-0.658960,-0.972267,-1.950490,-1.587727,1.319040,1.661862,-3.554475
9.840000,-0.872534,-0.719552,-0.691422,-0.944446,-1.916215,-1.658337,1.463104,1.765729,-3.506466
9.860000,-0.891120,-0.757517,-0.725287,-0.913743,-1.879861,-1.727986,1.607168,1.869595,-3.458456
9.880000,-0.909064,-0.794733,-0.760535,-0.880159,-1.841431,-1.796675,1.751233,1.973462,-3.410447
9.900000,-0.926308,-0.831160,-0.797148,-0.843694,-1.800923,-1.864404,1.895297,2.077329,-3.362437
9.920000,-0.942793,-0.866756,-0.835105,-0.804347,-1.758338,-1.931172,2.039361,2.181195,-3.314428
9.940000,-0.958462,-0.901480,-0.874388,-0.762120,-1.713675,-1.996981,2.183425,2.285062,-3.266419
9.960000,-0.973258,-0.935289,-0.914978,-0.717010,-1.666935,-2.061829,2.327489,2.388928,-3.218409
9.980000,-0.987124,-0.968143,-0.956855,-0.669020,-1.618118,-2.125717,2.471553,2.492795,-3.170400
10.000000,-1.000000,-1.000000,-1.000000,-0.618148,-1.567223,-2.188645,2.615617,2.596661,-3.122391
10.020000,-1.011838,-1.030822,-1.044386,-0.565538,-1.514860,-2.249407,2.645440,2.639684,-2.953810
10.040000,-1.022618,-1.060589,-1.089954,-0.512331,-1.461636,-2.306798,2.675263,2.682707,-2.785230
10.060000,-1.032327,-1.089282,-1.136636,-0.458527,-1.407552,-2.360816,2.705086,2.725730,-2.616650
10.080000,-1.040955,-1.116885,-1.184364,-0.404127,-1.352607,-2.411464,2.734908,2.768752,-2.448070
10.100000,-1.048488,-1.143381,-1.233072,-0.349131,-1.296801,-2.458739,2.764731,2.811775,-2.279489
10.120000,-1.054916,-1.168751,-1.282691,-0.293538,-1.240136,-2.502643,2.794554,2.854798,-2.110909
10.140000,-1.060226,-1.192980,-1.333155,-0.237349,-1.182610,-2.543176,2.824377,2.897821,-1.942329
10.160000,-1.064406,-1.216050,-1.384396,-0.180563,-1.124223,-2.580336,2.854200,2.940844,-1.773749
10.180000,-1.067444,-1.237943,-1.436346,-0.123181,-1.064976,-2.614126,2.884023,2.983867,-1.605168
10.200000,-1.069329,-1.258643,-1.488938,-0.065202,-1.004868,-2.644543,2.913846,3.026889,-1.436588
10.220000,-1.070048,-1.278132,-1.542105,-0.006627,-0.943900,-2.671589,2.943669,3.069912,-1.268008
10.240000,-1.069590,-1.296394,-1.595779,0.052545,-0.882072,-2.695263,2.973491,3.112935,-1.099428
10.260000,-1.067943,-1.313410,-1.649893,0.112313,-0.819383,-2.715566,3.003314,3.155958,-0.930847
10.280000,-1.065094,-1.329163,-1.704379,0.172677,-0.755833,-2.732497,3.033137,3.198981,-0.762267
10.300000,-1.061032,-1.343637,-1.759171,0.233638,-0.691424,-2.746057,3.062960,3.242004,-0.593687
10.320000,-1.055744,-1.356814,-1.814199,0.295196,-0.626153,-2.756245,3.092783,3.285026,-0.425107
10.340000,-1.049220,-1.368677,-1.869398,0.357350,-0.560023,-2.763061,3.122606,3.328049,-0.256526
10.360000,-1.041446,-1.379209,-1.924699,0.420100,-0.493031,-2.766506,3.152429,3.371072,-0.087946
10.380000,-1.032412,-1.388393,-1.980036,0.483447,-0.425180,-2.766579,3.182252,3.414095,0.080634
10.400000,-1.022104,-1.396211,-2.035340,0.547390,-0.356468,-2.763280,3.212074,3.457118,0.249214
10.420000,-1.010512,-1.402646,-2.090544,0.611930,-0.286895,-2.756610,3.241897,3.500141,0.417795
10.440000,-0.997623,-1.407681,-2.145582,0.677066,-0.216462,-2.746569,3.271720,3.543163,0.586375
10.460000,-0.983426,-1.411299,-2.200385,0.742799,-0.145168,-2.733155,3.301543,3.586186,0.754955
10.480000,-0.967907,-1.413482,-2.254886,0.809128,-0.073014,-2.716370,3.331366,3.629209,0.923535
10.500000,-0.951057,-1.414214,-2.309017,0.876053,-0.000000,-2.696214,3.361189,3.672232,1.092116
10.520000,-0.932871,-1.413482,-2.362715,0.942045,0.073014,-2.673183,3.237972,3.629209,1.210971
10.540000,-0.913391,-1.411299,-2.415928,1.005572,0.145168,-2.647775,3.114756,3.586186,1.329826
10.560000,-0.892665,-1.407681,-2.468610,1.066635,0.216462,-2.619990,2.991540,3.543164,1.448681
10.580000,-0.870742,-1.402646,-2.520712,1.125234,0.286895,-2.589828,2.868323,3.500141,1.567536
10.600000,-0.847672,-1.396211,-2.572187,1.181368,0.356467,-2.557289,2.745107,3.457118,1.686390
10.620000,-0.823504,-1.388393,-2.622988,1.235038,0.425180,-2.522372,2.621890,3.414095,1.805245
10.640000,-0.798287,-1.379209,-2.673066,1.286244,0.493031,-2.485079,2.498674,3.371072,1.924100
10.660000,-0.772071,-1.368678,-2.722375,1.334985,0.560022,-2.445408,2.375458,3.328050,2.042955
10.680000,-0.744904,-1.356814,-2.770867,1.381262,0.626153,-2.403361,2.252241,3.285027,2.161810
10.700000,-0.716837,-1.343637,-2.818494,1.425075,0.691424,-2.358936,2.129025,3.242004,2.280665
10.720000,-0.687917,-1.329163,-2.865208,1.466423,0.755833,-2.312134,2.005808,3.198981,2.399520
10.740000,-0.658196,-1.313410,-2.910963,1.505307,0.819383,-2.262955,1.882592,3.155958,2.518375
10.760000,-0.627722,-1.296394,-2.955711,1.541727,0.882072,-2.211399,1.759376,3.112936,2.637230
10.780000,-0.596543,-1.278132,-2.999403,1.575682,0.943900,-2.157466,1.636159,3.069913,2.756085
10.800000,-0.564711,-1.258643,-3.041994,1.607173,1.004868,-2.101156,1.512943,3.026890,2.874940
10.820000,-0.532273,-1.237943,-3.083434,1.636200,1.064976,-2.042468,1.389726,2.983867,2.993795
10.840000,-0.499279,-1.216050,-3.123676,1.662762,1.124223,-1.981404,1.266510,2.940844,3.112650
10.860000,-0.465779,-1.192980,-3.162674,1.686860,1.182610,-1.917962,1.143294,2.897822,3.231505
10.880000,-0.431821,-1.168751,-3.200379,1.708494,1.240136,-1.852144,1.020077,2.854799,3.350360
10.900000,-0.397456,-1.143381,-3.236744,1.727663,1.296802,-1.783948,0.896861,2.811776,3.469215
10.920000,-0.362731,-1.116885,-3.271721,1.744368,1.352607,-1.713375,0.773644,2.768753,3.588070
10.940000,-0.327697,-1.089282,-3.305263,1.758609,1.407552,-1.640425,0.650428,2.725730,3.706925
10.960000,-0.292403,-1.060589,-3.337322,1.770385,1.461636,-1.565098,0.527212,2.682708,3.825780
10.980000,-0.256898,-1.030822,-3.367851,1.779697,1.514860,-1.487394,0.403995,2.639685,3.944635
11.000000,-0.221232,-1.000000,-3.396802,1.786545,1.567223,-1.407313,0.280779,2.596662,4.063489
11.020000,-0.185454,-0.968143,-3.424139,1.790713,1.618118,-1.326501,0.136010,2.492795,4.017651
11.040000,-0.149623,-0.935289,-3.449868,1.791985,1.666935,-1.246607,-0.008758,2.388929,3.971812
11.060000,-0.113794,-0.901480,-3.474009,1.790363,1.713675,-1.167629,-0.153527,2.285062,3.925974
11.080000,-0.078027,-0.866756,-3.496580,1.785844,1.758338,-1.089568,-0.298295,2.181195,3.880135
11.100000,-0.042380,-0.831160,-3.517598,1.778431,1.800923,-1.012423,-0.443064,2.077329,3.834297
11.120000,-0.006909,-0.794733,-3.537083,1.768122,1.841431,-0.936196,-0.587833,1.973462,3.788458
11.140000,0.028326,-0.757517,-3.555052,1.754918,1.879861,-0.860885,-0.732601,1.869595,3.742620
11.160000,0.063268,-0.719552,-3.571524,1.738818,1.916215,-0.786491,-0.877370,1.765728,3.696781
11.180000,0.097859,-0.680882,-3.586518,1.719823,1.950491,-0.713014,-1.022138,1.661862,3.650942
11.200000,0.132042,-0.641547,-3.600051,1.697932,1.982689,-0.640453,-1.166907,1.557995,3.605104
11.220000,0.165757,-0.601588,-3.612142,1.673146,2.012810,-0.568810,-1.311675,1.454128,3.559265
11.240000,0.198948,-0.561048,-3.622809,1.645465,2.040854,-0.498083,-1.456444,1.350262,3.513427
11.260000,0.231557,-0.519968,-3.632071,1.614889,2.066821,-0.428273,-1.601213,1.246395,3.467588
11.280000,0.263524,-0.478389,-3.639946,1.581417,2.090710,-0.359379,-1.745981,1.142528,3.421750
11.300000,0.294794,-0.436353,-3.646453,1.545049,2.112522,-0.291403,-1.890750,1.038661,3.375911
11.320000,0.325307,-0.393902,-3.651609,1.505787,2.132257,-0.224343,-2.035518,0.934795,3.330073
11.340000,0.355006,-0.351077,-3.655433,1.463629,2.149914,-0.158200,-2.180287,0.830928,3.284234
11.360000,0.383833,-0.307919,-3.657943,1.418575,2.165494,-0.092973,-2.325055,0.727061,3.238395
11.380000,0.411730,-0.264471,-3.659158,1.370626,2.178996,-0.028664,-2.469824,0.623195,3.192557
11.400000,0.438639,-0.220773,-3.659095,1.319782,2.190421,0.034729,-2.614592,0.519328,3.146718
11.420000,0.464502,-0.176868,-3.657775,1.266043,2.199769,0.097205,-2.759361,0.415461,3.100880
11.440000,0.489261,-0.132796,-3.655213,1.209408,2.207040,0.158764,-2.904130,0.311595,3.055041
11.460000,0.512859,-0.088600,-3.651430,1.149878,2.212233,0.219407,-3.048898,0.207728,3.009203
11.480000,0.535237,-0.044321,-3.646443,1.087452,2.215349,0.279132,-3.193667,0.103861,2.963364
11.500000,0.556338,0.000000,-3.640271,1.022131,2.216388,0.337941,-3.338435,-0.000006,2.917526
11.520000,0.576112,0.044321,-3.632938,0.955285,2.215349,0.394818,-3.346172,-0.103871,2.770200
11.540000,0.594548,0.088600,-3.624498,0.888284,2.212233,0.448749,-3.353909,-0.207736,2.622875
11.560000,0.611642,0.132796,-3.615008,0.821129,2.207039,0.499733,-3.361645,-0.311602,2.475550
11.580000,0.627392,0.176868,-3.604528,0.753818,2.199769,0.547771,-3.369382,-0.415467,2.328224
11.600000,0.641794,0.220773,-3.593117,0.686353,2.190421,0.592862,-3.377119,-0.519332,2.180899
11.620000,0.654845,0.264471,-3.580833,0.618733,2.178995,0.635007,-3.384856,-0.623198,2.033573
11.640000,0.666542,0.307919,-3.567736,0.550959,2.165493,0.674205,-3.392592,-0.727063,1.886248
11.660000,0.676882,0.351077,-3.553885,0.483030,2.149913,0.710457,-3.400329,-0.830929,1.738923
11.680000,0.685862,0.393902,-3.539338,0.414946,2.132256,0.743762,-3.408066,-0.934794,1.591597
11.700000,0.693479,0.436353,-3.524154,0.346707,2.112521,0.774121,-3.415803,-1.038659,1.444272
11.720000,0.699730,0.478389,-3.508392,0.278314,2.090709,0.801533,-3.423539,-1.142525,1.296947
11.740000,0.704611,0.519968,-3.492112,0.209766,2.066820,0.825999,-3.431276,-1.246390,1.149621
11.760000,0.708119,0.561048,-3.475372,0.141063,2.040854,0.847518,-3.439013,-1.350255,1.002296
11.780000,0.710252,0.601588,-3.458231,0.072205,2.012810,0.866091,-3.446749,-1.454121,0.854971
11.800000,0.711006,0.641546,-3.440748,0.003193,1.982689,0.881717,-3.454486,-1.557986,0.707645
11.820000,0.710379,0.680882,-3.422982,-0.065974,1.950490,0.894396,-3.462223,-1.661851,0.560320
11.840000,0.708366,0.719552,-3.404992,-0.135296,1.916215,0.904130,-3.469960,-1.765717,0.412995
11.860000,0.704966,0.757516,-3.386836,-0.204773,1.879862,0.910916,-3.477696,-1.869582,0.265669
11.880000,0.700175,0.794733,-3.368575,-0.274404,1.841431,0.914756,-3.485433,-1.973448,0.118344
11.900000,0.693989,0.831160,-3.350266,-0.344190,1.800924,0.915650,-3.493170,-2.077313,-0.028981
11.920000,0.686406,0.866756,-3.331969,-0.414131,1.758339,0.913597,-3.500907,-2.181178,-0.176307
11.940000,0.677423,0.901479,-3.313742,-0.484226,1.713677,0.908598,-3.508643,-2.285044,-0.323632
11.960000,0.667036,0.935289,-3.295644,-0.554477,1.666937,0.900652,-3.516380,-2.388909,-0.470957
11.980000,0.655242,0.968143,-3.277735,-0.624882,1.618120,0.889759,-3.524117,-2.492774,-0.618283
12.000000,0.642040,1.000000,-3.260074,-0.695441,1.567226,0.875920,-3.531853,-2.596640,-0.765608
12.020000,0.627434,1.030822,-3.242713,-0.764666,1.514863,0.859819,-3.390577,-2.639667,-0.844506
12.040000,0.611472,1.060589,-3.225691,-0.831064,1.461640,0.842140,-3.249301,-2.682693,-0.923405
12.060000,0.594210,1.089282,-3.209038,-0.894638,1.407555,0.822883,-3.108025,-2.725720,-1.002303
12.080000,0.575705,1.116885,-3.192786,-0.955385,1.352611,0.802048,-2.966748,-2.768747,-1.081201
12.100000,0.556013,1.143381,-3.176967,-1.013308,1.296806,0.779635,-2.825472,-2.811774,-1.160100
12.120000,0.535192,1.168752,-3.161612,-1.068404,1.240140,0.755644,-2.684196,-2.854801,-1.238998
12.140000,0.513296,1.192981,-3.146752,-1.120675,1.182614,0.730075,-2.542920,-2.897827,-1.317896
12.160000,0.490383,1.216051,-3.132419,-1.170121,1.124227,0.702928,-2.401643,-2.940854,-1.396794
12.180000,0.466510,1.237944,-3.118645,-1.216741,1.064979,0.674203,-2.260367,-2.983881,-1.475693
12.200000,0.441733,1.258644,-3.105461,-1.260536,1.004871,0.643901,-2.119091,-3.026908,-1.554591
12.220000,0.416108,1.278133,-3.092900,-1.301505,0.943903,0.612020,-1.977815,-3.069935,-1.633489
12.240000,0.389691,1.296394,-3.080991,-1.339648,0.882074,0.578561,-1.836538,-3.112961,-1.712388
12.260000,0.362540,1.313410,-3.069768,-1.374966,0.819385,0.543524,-1.695262,-3.155988,-1.791286
12.280000,0.334711,1.329164,-3.059261,-1.407459,0.755835,0.506910,-1.553986,-3.199015,-1.870184
12.300000,0.306261,1.343638,-3.049502,-1.437126,0.691424,0.468717,-1.412709,-3.242042,-1.949082
12.320000,0.277245,1.356815,-3.040523,-1.463967,0.626153,0.428946,-1.271433,-3.285069,-2.027981
12.340000,0.247721,1.368678,-3.032355,-1.487983,0.560021,0.387598,-1.130157,-3.328095,-2.106879
12.360000,0.217745,1.379210,-3.025029,-1.509173,0.493029,0.344671,-0.988881,-3.371122,-2.185777
12.380000,0.187373,1.388394,-3.018578,-1.527538,0.425176,0.300167,-0.847604,-3.414149,-2.264676
12.400000,0.156662,1.396212,-3.013033,-1.543078,0.356463,0.254084,-0.706328,-3.457176,-2.343574
12.420000,0.125669,1.402647,-3.008425,-1.555791,0.286889,0.206424,-0.565052,-3.500203,-2.422472
12.440000,0.094449,1.407682,-3.004787,-1.565680,0.216455,0.157185,-0.423776,-3.543229,-2.501370
12.460000,0.063060,1.411299,-3.002148,-1.572742,0.145160,0.106369,-0.282499,-3.586256,-2.580269
12.480000,0.031558,1.413482,-3.000542,-1.576980,0.073005,0.053974,-0.141223,-3.629283,-2.659167
12.500000,-0.000000,1.414214,-3.000000,-1.578391,-0.000011,0.000002,0.000053,-3.672310,-2.738065
12.520000,-0.031558,1.413482,-3.000542,-1.576978,-0.073027,-0.053970,0.141317,-3.629272,-2.659169
12.540000,-0.063060,1.411298,-3.002148,-1.572739,-0.145182,-0.106365,0.282580,-3.586235,-2.580273
12.560000,-0.094449,1.407680,-3.004786,-1.565674,-0.216476,-0.157181,0.423844,-3.543197,-2.501377
12.580000,-0.125668,1.402645,-3.008425,-1.555785,-0.286910,-0.206420,0.565107,-3.500160,-2.422480
12.600000,-0.156662,1.396210,-3.013033,-1.543070,-0.356483,-0.254080,0.706371,-3.457122,-2.343584
12.620000,-0.187372,1.388391,-3.018578,-1.527530,-0.425195,-0.300163,0.847634,-3.414085,-2.264688
12.640000,-0.217744,1.379207,-3.025029,-1.509165,-0.493046,-0.344668,0.988898,-3.371047,-2.185792
12.660000,-0.247720,1.368675,-3.032354,-1.487974,-0.560037,-0.387595,1.130161,-3.328010,-2.106895
12.680000,-0.277244,1.356812,-3.040522,-1.463958,-0.626167,-0.428944,1.271425,-3.284972,-2.027999
12.700000,-0.306260,1.343634,-3.049501,-1.437117,-0.691436,-0.468715,1.412688,-3.241935,-1.949103
12.720000,-0.334710,1.329160,-3.059260,-1.407451,-0.755844,-0.506908,1.553952,-3.198897,-1.870207
12.740000,-0.362539,1.313406,-3.069767,-1.374959,-0.819391,-0.543523,1.695215,-3.155860,-1.791310
12.760000,-0.389690,1.296390,-3.080990,-1.339642,-0.882078,-0.578560,1.836479,-3.112822,-1.712414
12.780000,-0.416106,1.278129,-3.092899,-1.301500,-0.943904,-0.612020,1.977742,-3.069785,-1.633518
12.800000,-0.441731,1.258640,-3.105461,-1.260532,-1.004870,-0.643901,2.119006,-3.026747,-1.554622
12.820000,-0.466508,1.237940,-3.118644,-1.216740,-1.064974,-0.674204,2.260269,-2.983710,-1.475726
12.840000,-0.490381,1.216046,-3.132418,-1.170122,-1.124218,-0.702930,2.401533,-2.940672,-1.396829
12.860000,-0.513294,1.192977,-3.146751,-1.120678,-1.182601,-0.730078,2.542796,-2.897635,-1.317933
12.880000,-0.535190,1.168748,-3.161611,-1.068410,-1.240123,-0.755647,2.684060,-2.854597,-1.239037
12.900000,-0.556012,1.143378,-3.176966,-1.013316,-1.296785,-0.779639,2.825323,-2.811560,-1.160141
12.920000,-0.575704,1.116883,-3.192786,-0.955397,-1.352586,-0.802053,2.966587,-2.768522,-1.081244
12.940000,-0.594209,1.089280,-3.209038,-0.894653,-1.407526,-0.822889,3.107850,-2.725485,-1.002348
12.960000,-0.611471,1.060587,-3.225691,-0.831083,-1.461605,-0.842147,3.249114,-2.682447,-0.923452
12.980000,-0.627433,1.030821,-3.242713,-0.764688,-1.514824,-0.859827,3.390377,-2.639409,-0.844556
13.000000,-0.642040,1.000000,-3.260074,-0.695468,-1.567182,-0.875929,3.531641,-2.596372,-0.765659
13.020000,-0.655243,0.968144,-3.277735,-0.624912,-1.618071,-0.889769,3.523942,-2.492560,-0.618324
13.040000,-0.667037,0.935291,-3.295645,-0.554510,-1.666884,-0.900662,3.516244,-2.388748,-0.470988
13.060000,-0.677424,0.901482,-3.313742,-0.484262,-1.713621,-0.908608,3.508545,-2.284937,-0.323653
13.080000,-0.686409,0.866760,-3.331969,-0.414168,-1.758281,-0.913608,3.500847,-2.181125,-0.176317
13.100000,-0.693992,0.831165,-3.350267,-0.344228,-1.800866,-0.915661,3.493149,-2.077313,-0.028981
13.120000,-0.700179,0.794739,-3.368576,-0.274442,-1.841374,-0.914767,3.485450,-1.973501,0.118354
13.140000,-0.704971,0.757524,-3.386838,-0.204810,-1.879806,-0.910927,3.477752,-1.869689,0.265690
13.160000,-0.708372,0.719561,-3.404994,-0.135332,-1.916162,-0.904140,3.470053,-1.765878,0.413025
13.180000,-0.710385,0.680891,-3.422984,-0.066008,-1.950441,-0.894406,3.462355,-1.662066,0.560361
13.200000,-0.711013,0.641557,-3.440750,0.003162,-1.982644,-0.881725,3.454656,-1.558254,0.707697
13.220000,-0.710260,0.601599,-3.458233,0.072178,-2.012771,-0.866098,3.446958,-1.454442,0.855032
13.240000,-0.708127,0.561060,-3.475374,0.141040,-2.040822,-0.847524,3.439259,-1.350630,1.002368
13.260000,-0.704619,0.519980,-3.492115,0.209748,-2.066796,-0.826003,3.431561,-1.246818,1.149703
13.280000,-0.699738,0.478402,-3.508395,0.278303,-2.090695,-0.801536,3.423862,-1.143007,1.297039
13.300000,-0.693488,0.436366,-3.524156,0.346703,-2.112517,-0.774122,3.416164,-1.039195,1.444375
13.320000,-0.685871,0.393915,-3.539340,0.414949,-2.132262,-0.743761,3.408465,-0.935383,1.591710
13.340000,-0.676891,0.351090,-3.553887,0.483042,-2.149932,-0.710453,3.400767,-0.831571,1.739046
13.360000,-0.666551,0.307932,-3.567739,0.550980,-2.165525,-0.674199,3.393069,-0.727759,1.886381
13.380000,-0.654853,0.264483,-3.580835,0.618764,-2.179042,-0.634998,3.385370,-0.623948,2.033717
13.400000,-0.641801,0.220784,-3.593119,0.686395,-2.190483,-0.592850,3.377672,-0.520136,2.181053
13.420000,-0.627398,0.176877,-3.604530,0.753871,-2.199848,-0.547756,3.369973,-0.416324,2.328388
13.440000,-0.611647,0.132804,-3.615009,0.821194,-2.207136,-0.499715,3.362275,-0.312512,2.475724
13.460000,-0.594552,0.088606,-3.624499,0.888362,-2.212348,-0.448727,3.354576,-0.208700,2.623059
13.480000,-0.576114,0.044324,-3.632939,0.955377,-2.215484,-0.394792,3.346878,-0.104889,2.770395
13.500000,-0.556338,-0.000000,-3.640271,1.022237,-2.216544,-0.337911,3.339179,-0.001077,2.917731
13.520000,-0.535235,-0.044324,-3.646442,1.087572,-2.215525,-0.279099,3.194270,0.102993,2.963530
13.540000,-0.512854,-0.088607,-3.651429,1.150008,-2.212424,-0.219370,3.049362,0.207064,3.009330
13.560000,-0.489254,-0.132807,-3.655211,1.209546,-2.207242,-0.158725,2.904453,0.311134,3.055129
13.580000,-0.464491,-0.176883,-3.657772,1.266186,-2.199979,-0.097165,2.759544,0.415204,3.100929
13.600000,-0.438626,-0.220793,-3.659092,1.319928,-2.190634,-0.034688,2.614635,0.519274,3.146729
13.620000,-0.411714,-0.264494,-3.659153,1.370772,-2.179208,0.028704,2.469726,0.623345,3.192528
13.640000,-0.383814,-0.307947,-3.657937,1.418717,-2.165700,0.093013,2.324817,0.727415,3.238328
13.660000,-0.354984,-0.351109,-3.655426,1.463764,-2.150111,0.158237,2.179908,0.831485,3.284127
13.680000,-0.325283,-0.393938,-3.651602,1.505913,-2.132441,0.224378,2.035000,0.935555,3.329927
13.700000,-0.294767,-0.436392,-3.646445,1.545164,-2.112689,0.291434,1.890091,1.039626,3.375727
13.720000,-0.263495,-0.478431,-3.639938,1.581517,-2.090856,0.359407,1.745182,1.143696,3.421526
13.740000,-0.231526,-0.520013,-3.632063,1.614972,-2.066941,0.428296,1.600273,1.247766,3.467326
13.760000,-0.198916,-0.561095,-3.622800,1.645528,-2.040945,0.498100,1.455364,1.351836,3.513125
13.780000,-0.165724,-0.601637,-3.612133,1.673186,-2.012868,0.568821,1.310455,1.455906,3.558925
13.800000,-0.132008,-0.641596,-3.600041,1.697946,-1.982709,0.640457,1.165546,1.559977,3.604725
13.820000,-0.097825,-0.680931,-3.586508,1.719808,-1.950469,0.713010,1.020637,1.664047,3.650524
13.840000,-0.063235,-0.719601,-3.571515,1.738772,-1.916147,0.786478,0.875729,1.768117,3.696324
13.860000,-0.028294,-0.757563,-3.555043,1.754837,-1.879744,0.860862,0.730820,1.872187,3.742123
13.880000,0.006939,-0.794777,-3.537074,1.768004,-1.841259,0.936163,0.585911,1.976258,3.787923
13.900000,0.042407,-0.831200,-3.517590,1.778273,-1.800694,1.012379,0.441002,2.080328,3.833723
13.920000,0.078051,-0.866790,-3.496573,1.785644,-1.758046,1.089512,0.296093,2.184398,3.879522
13.940000,0.113813,-0.901508,-3.474004,1.790117,-1.713318,1.167560,0.151184,2.288468,3.925322
13.960000,0.149636,-0.935309,-3.449865,1.791692,-1.666508,1.246525,0.006275,2.392539,3.971121
13.980000,0.185462,-0.968154,-3.424137,1.790368,-1.617616,1.326405,-0.138633,2.496609,4.016921
14.000000,0.221232,-1.000000,-3.396802,1.786146,-1.566643,1.407202,-0.283542,2.600679,4.062721
14.020000,0.256890,-1.030810,-3.367854,1.779249,-1.514207,1.487269,-0.406236,2.642941,3.944011
14.040000,0.292385,-1.060563,-3.337327,1.769897,-1.460926,1.564962,-0.528929,2.685204,3.825302
14.060000,0.327669,-1.089241,-3.305271,1.758092,-1.406799,1.640281,-0.651623,2.727466,3.706592
14.080000,0.362693,-1.116829,-3.271732,1.743832,-1.351827,1.713226,-0.774316,2.769728,3.587883
14.100000,0.397406,-1.143309,-3.236758,1.727119,-1.296010,1.783796,-0.897010,2.811990,3.469174
14.120000,0.431761,-1.168664,-3.200396,1.707952,-1.239347,1.851993,-1.019703,2.854252,3.350464
14.140000,0.465708,-1.192877,-3.162694,1.686331,-1.181840,1.917815,-1.142396,2.896515,3.231755
14.160000,0.499198,-1.215932,-3.123699,1.662256,-1.123487,1.981263,-1.265090,2.938777,3.113046
14.180000,0.532182,-1.237811,-3.083459,1.635727,-1.064289,2.042337,-1.387783,2.981039,2.994336
14.200000,0.564611,-1.258498,-3.042021,1.606745,-1.004245,2.101036,-1.510477,3.023301,2.875627
14.220000,0.596435,-1.277975,-2.999434,1.575308,-0.943357,2.157362,-1.633170,3.065564,2.756917
14.240000,0.627607,-1.296226,-2.955743,1.541418,-0.881623,2.211313,-1.755864,3.107826,2.638208
14.260000,0.658076,-1.313234,-2.910997,1.505074,-0.819043,2.262890,-1.878557,3.150088,2.519499
14.280000,0.687793,-1.328982,-2.865243,1.466275,-0.755619,2.312093,-2.001251,3.192350,2.400789
14.300000,0.716710,-1.343453,-2.818529,1.425024,-0.691349,2.358922,-2.123944,3.234613,2.282080
14.320000,0.744778,-1.356631,-2.770902,1.381318,-0.626235,2.403376,-2.246637,3.276875,2.163371
14.340000,0.771947,-1.368497,-2.722410,1.335158,-0.560274,2.445456,-2.369331,3.319137,2.044661
14.360000,0.798168,-1.379036,-2.673100,1.286544,-0.493469,2.485163,-2.492024,3.361399,1.925952
14.380000,0.823392,-1.388230,-2.623019,1.235477,-0.425818,2.522495,-2.614718,3.403662,1.807242
14.400000,0.847570,-1.396063,-2.572216,1.181956,-0.357323,2.557452,-2.737411,3.445924,1.688533
14.420000,0.870654,-1.402518,-2.520737,1.125981,-0.287982,2.590036,-2.860105,3.488186,1.569824
14.440000,0.892593,-1.407577,-2.468630,1.067552,-0.217795,2.620245,-2.982798,3.530448,1.451114
14.460000,0.913340,-1.411224,-2.415943,1.006669,-0.146764,2.648080,-3.105492,3.572711,1.332405
14.480000,0.932844,-1.413442,-2.362723,0.943332,-0.074887,2.673541,-3.228185,3.614973,1.213695
14.500000,0.951057,-1.414214,-2.309017,0.877541,-0.002165,2.696628,-3.350878,3.657235,1.094986
14.520000,0.967939,-1.413528,-2.254877,0.810802,0.070578,2.716837,-3.323007,3.617051,0.925863
14.540000,0.983492,-1.411396,-2.200366,0.744621,0.142517,2.733663,-3.295136,3.576867,0.756739
14.560000,0.997728,-1.407833,-2.145553,0.678997,0.213653,2.747106,-3.267264,3.536683,0.587615
14.580000,1.010656,-1.402855,-2.090504,0.613930,0.283985,2.757167,-3.239393,3.496499,0.418492
14.600000,1.022289,-1.396479,-2.035289,0.549421,0.353513,2.763846,-3.211522,3.456314,0.249368
14.620000,1.032636,-1.388720,-1.979973,0.485470,0.422237,2.767142,-3.183650,3.416130,0.080245
14.640000,1.041711,-1.379595,-1.924625,0.422075,0.490158,2.767056,-3.155779,3.375946,-0.088879
14.660000,1.049523,-1.369119,-1.869313,0.359238,0.557275,2.763587,-3.127908,3.335762,-0.258002
14.680000,1.056084,-1.357309,-1.814105,0.296959,0.623588,2.756736,-3.100036,3.295578,-0.427126
14.700000,1.061405,-1.344181,-1.759067,0.235237,0.689098,2.746502,-3.072165,3.255394,-0.596250
14.720000,1.065497,-1.329750,-1.704267,0.174072,0.753804,2.732886,-3.044294,3.215209,-0.765373
14.740000,1.068372,-1.314034,-1.649774,0.113465,0.817707,2.715887,-3.016422,3.175025,-0.934497
14.760000,1.070040,-1.297047,-1.595654,0.053415,0.880805,2.695506,-2.988551,3.134841,-1.103620
14.780000,1.070512,-1.278807,-1.541976,-0.006077,0.943100,2.671742,-2.960680,3.094657,-1.272744
14.800000,1.069800,-1.259329,-1.488807,-0.065012,1.004592,2.644596,-2.932808,3.054473,-1.441867
14.820000,1.067915,-1.238629,-1.436215,-0.123389,1.065279,2.614067,-2.904937,3.014289,-1.610991
14.840000,1.064869,-1.216723,-1.384267,-0.181209,1.125163,2.580156,-2.877066,2.974105,-1.780115
14.860000,1.060671,-1.193628,-1.333031,-0.238472,1.184243,2.542863,-2.849194,2.933920,-1.949238
14.880000,1.055333,-1.169359,-1.282575,-0.295177,1.242520,2.502187,-2.821323,2.893736,-2.118362
14.900000,1.048867,-1.143932,-1.232966,-0.351325,1.299993,2.458128,-2.793452,2.853552,-2.287485
14.920000,1.041284,-1.117364,-1.184272,-0.406915,1.356662,2.410687,-2.765580,2.813368,-2.456609
14.940000,1.032595,-1.089671,-1.136561,-0.461948,1.412527,2.359864,-2.737709,2.773184,-2.625732
14.960000,1.022810,-1.060869,-1.089900,-0.516423,1.467589,2.305658,-2.709838,2.733000,-2.794856
14.980000,1.011941,-1.030973,-1.044357,-0.570341,1.521847,2.248070,-2.681966,2.692815,-2.963980
15.000000,1.000000,-1.000000,-1.000000,-0.623702,1.575302,2.187099,-2.654095,2.652631,-3.133103
15.020000,0.987005,-0.967971,-0.956888,-0.675270,1.627210,2.123977,-2.502748,2.538171,-3.179085
15.040000,0.973009,-0.934927,-0.915047,-0.723812,1.676829,2.059936,-2.351400,2.423710,-3.225066
15.060000,0.958073,-0.900913,-0.874496,-0.769326,1.724158,1.994974,-2.200053,2.309249,-3.271048
15.080000,0.942256,-0.865976,-0.835254,-0.811814,1.769199,1.929094,-2.048706,2.194789,-3.317030
15.100000,0.925621,-0.830160,-0.797339,-0.851275,1.811950,1.862293,-1.897359,2.080328,-3.363012
15.120000,0.908226,-0.793513,-0.760769,-0.887708,1.852412,1.794573,-1.746011,1.965867,-3.408993
15.140000,0.890132,-0.756079,-0.725562,-0.921115,1.890585,1.725934,-1.594664,1.851407,-3.454975
15.160000,0.871401,-0.717905,-0.691737,-0.951495,1.926468,1.656374,-1.443317,1.736946,-3.500957
15.180000,0.852093,-0.679036,-0.659313,-0.978848,1.960062,1.585895,-1.291970,1.622485,-3.546938
15.200000,0.832268,-0.639518,-0.628308,-1.003174,1.991368,1.514497,-1.140622,1.508024,-3.592920
15.220000,0.811986,-0.599396,-0.598739,-1.024473,2.020383,1.442178,-0.989275,1.393564,-3.638902
15.240000,0.791309,-0.558718,-0.570627,-1.042745,2.047110,1.368941,-0.837928,1.279103,-3.684883
15.260000,0.770296,-0.517527,-0.543988,-1.057990,2.071548,1.294783,-0.686581,1.164642,-3.730865
15.280000,0.749009,-0.475871,-0.518842,-1.070208,2.093696,1.219706,-0.535233,1.050182,-3.776847
15.300000,0.727508,-0.433795,-0.495206,-1.079399,2.113555,1.143709,-0.383886,0.935721,-3.822828
15.320000,0.705854,-0.391344,-0.473099,-1.085563,2.131125,1.066793,-0.232539,0.821260,-3.868810
15.340000,0.684106,-0.348565,-0.452540,-1.088701,2.146405,0.988957,-0.081192,0.706800,-3.914792
15.360000,0.662326,-0.305503,-0.433547,-1.088811,2.159397,0.910201,0.070156,0.592339,-3.960773
15.380000,0.640574,-0.262204,-0.416138,-1.085895,2.170099,0.830526,0.221503,0.477878,-4.006755
15.400000,0.618910,-0.218714,-0.400332,-1.079951,2.178512,0.749931,0.372850,0.363418,-4.052737
15.420000,0.597396,-0.175079,-0.386147,-1.070981,2.184635,0.668416,0.524197,0.248957,-4.098718
15.440000,0.576091,-0.131344,-0.373602,-1.058983,2.188470,0.585982,0.675545,0.134496,-4.144700
15.460000,0.555057,-0.087556,-0.362714,-1.043959,2.190015,0.502628,0.826892,0.020036,-4.190682
15.480000,0.534353,-0.043759,-0.353503,-1.025907,2.189271,0.418355,0.978239,-0.094425,-4.236663
15.500000,0.514040,0.000000,-0.345986,-1.004829,2.186238,0.333162,1.129586,-0.208886,-4.282645
15.520000,0.494174,0.043679,-0.340172,-0.981581,2.181417,0.248580,1.195258,-0.273214,-4.175569
15.540000,0.474786,0.087248,-0.336029,-0.957019,2.175310,0.166139,1.260929,-0.337542,-4.068492
15.560000,0.455902,0.130683,-0.333512,-0.931144,2.167916,0.085840,1.326600,-0.401870,-3.961416
15.580000,0.437549,0.173956,-0.332581,-0.903955,2.159235,0.007683,1.392271,-0.466198,-3.854339
15.600000,0.419753,0.217043,-0.333191,-0.875453,2.149268,-0.068333,1.457943,-0.530526,-3.747263
15.620000,0.402540,0.259918,-0.335300,-0.845637,2.138014,-0.142208,1.523614,-0.594854,-3.640187
15.640000,0.385936,0.302555,-0.338865,-0.814508,2.125474,-0.213941,1.589285,-0.659182,-3.533110
15.660000,0.369968,0.344929,-0.343843,-0.782066,2.111647,-0.283532,1.654956,-0.723511,-3.426034
15.680000,0.354662,0.387013,-0.350192,-0.748310,2.096533,-0.350982,1.720628,-0.787839,-3.318958
15.700000,0.340044,0.428781,-0.357868,-0.713241,2.080133,-0.416291,1.786299,-0.852167,-3.211881
15.720000,0.326141,0.470209,-0.366829,-0.676858,2.062446,-0.479458,1.851970,-0.916495,-3.104805
15.740000,0.312979,0.511271,-0.377032,-0.639162,2.043473,-0.540483,1.917642,-0.980823,-2.997729
15.760000,0.300584,0.551940,-0.388434,-0.600152,2.023214,-0.599367,1.983313,-1.045151,-2.890652
15.780000,0.288982,0.592191,-0.400992,-0.559829,2.001667,-0.656109,2.048984,-1.109479,-2.783576
15.800000,0.278199,0.631998,-0.414664,-0.518193,1.978834,-0.710710,2.114655,-1.173807,-2.676500
15.820000,0.268263,0.671335,-0.429407,-0.475243,1.954715,-0.763169,2.180327,-1.238135,-2.569423
15.840000,0.259198,0.710178,-0.445177,-0.430980,1.929309,-0.813487,2.245998,-1.302463,-2.462347
15.860000,0.251032,0.748499,-0.461932,-0.385403,1.902616,-0.861663,2.311669,-1.366792,-2.355271
15.880000,0.243791,0.786274,-0.479629,-0.338513,1.874637,-0.907697,2.377340,-1.431120,-2.248194
15.900000,0.237500,0.823476,-0.498225,-0.290310,1.845372,-0.951591,2.443012,-1.495448,-2.141118
15.920000,0.232187,0.860080,-0.517678,-0.240793,1.814819,-0.993342,2.508683,-1.559776,-2.034042
15.940000,0.227877,0.896060,-0.537945,-0.189962,1.782981,-1.032952,2.574354,-1.624104,-1.926965
15.960000,0.224597,0.931391,-0.558982,-0.137819,1.749855,-1.070421,2.640026,-1.688432,-1.819889
15.980000,0.222373,0.966046,-0.580747,-0.084361,1.715443,-1.105748,2.705697,-1.752760,-1.712813
16.000000,0.221232,1.000000,-0.603198,-0.029591,1.679745,-1.138933,2.771368,-1.817088,-1.605736
16.020000,0.221196,1.033219,-0.626286,0.026172,1.641497,-1.169297,2.804899,-2.007670,-1.430634
16.040000,0.222283,1.065634,-0.649946,0.082605,1.599438,-1.196159,2.838429,-2.198252,-1.255531
16.060000,0.224505,1.097171,-0.674109,0.139709,1.553567,-1.219518,2.871960,-2.388834,-1.080429
16.080000,0.227876,1.127752,-0.698704,0.197484,1.503885,-1.239376,2.905491,-2.579416,-0.905326
16.100000,0.232409,1.157301,-0.723661,0.255929,1.450391,-1.255731,2.939022,-2.769998,-0.730224
16.120000,0.238118,1.185742,-0.748910,0.315045,1.393085,-1.268585,2.972552,-2.960580,-0.555121
16.140000,0.245015,1.212999,-0.774381,0.374831,1.331967,-1.277936,3.006083,-3.151162,-0.380019
16.160000,0.253115,1.238995,-0.800004,0.435288,1.267038,-1.283786,3.039614,-3.341743,-0.204916
16.180000,0.262431,1.263655,-0.825709,0.496415,1.198298,-1.286133,3.073144,-3.532325,-0.029814
16.200000,0.272976,1.286902,-0.851426,0.558214,1.125745,-1.284978,3.106675,-3.722907,0.145289
16.220000,0.284764,1.308659,-0.877084,0.620682,1.049381,-1.280321,3.140206,-3.913489,0.320391
16.240000,0.297808,1.328852,-0.902615,0.683822,0.969206,-1.272162,3.173737,-4.104071,0.495494
16.260000,0.312122,1.347402,-0.927948,0.747632,0.885218,-1.260502,3.207267,-4.294653,0.670596
16.280000,0.327718,1.364235,-0.953012,0.812113,0.797420,-1.245339,3.240798,-4.485235,0.845699
16.300000,0.344611,1.379274,-0.977738,0.877264,0.705809,-1.226674,3.274329,-4.675817,1.020801
16.320000,0.362813,1.392442,-1.002055,0.943086,0.610387,-1.204507,3.307859,-4.866399,1.195904
16.340000,0.382338,1.403664,-1.025895,1.009578,0.511153,-1.178837,3.341390,-5.056981,1.371007
16.360000,0.403201,1.412863,-1.049186,1.076741,0.408108,-1.149666,3.374921,-5.247563,1.546109
16.380000,0.425413,1.419963,-1.071858,1.144575,0.301251,-1.116993,3.408451,-5.438144,1.721212
16.400000,0.448988,1.424887,-1.093842,1.213079,0.190582,-1.080818,3.441982,-5.628726,1.896314
16.420000,0.473940,1.427560,-1.115067,1.282254,0.076102,-1.041140,3.475513,-5.819308,2.071417
16.440000,0.500283,1.427906,-1.135464,1.352100,-0.042190,-0.997961,3.509044,-6.009890,2.246519
16.460000,0.528029,1.425847,-1.154963,1.422616,-0.164294,-0.951280,3.542574,-6.200472,2.421622
16.480000,0.557192,1.421309,-1.173492,1.493803,-0.290209,-0.901096,3.576105,-6.391054,2.596724
16.500000,0.587785,1.414214,-1.190983,1.565660,-0.419936,-0.847411,3.609636,-6.581636,2.771827
16.520000,0.619784,1.404538,-1.207383,1.632460,-0.545632,-0.792836,3.070359,-5.987915,2.685666
16.540000,0.653012,1.392467,-1.222708,1.688475,-0.659453,-0.739984,2.531083,-5.394195,2.599506
16.560000,0.687252,1.378239,-1.236993,1.733704,-0.761399,-0.688856,1.991806,-4.800474,2.513345
16.580000,0.722288,1.362091,-1.250274,1.768147,-0.851472,-0.639450,1.452530,-4.206753,2.427185
16.600000,0.757905,1.344259,-1.262583,1.791805,-0.929670,-0.591768,0.913253,-3.613033,2.341025
16.620000,0.793888,1.324983,-1.273956,1.804677,-0.995993,-0.545809,0.373977,-3.019312,2.254864
16.640000,0.830021,1.304499,-1.284427,1.806764,-1.050442,-0.501574,-0.165300,-2.425591,2.168704
16.660000,0.866087,1.283044,-1.294030,1.798065,-1.093017,-0.459061,-0.704576,-1.831871,2.082543
16.680000,0.901871,1.260857,-1.302801,1.778581,-1.123717,-0.418272,-1.243853,-1.238150,1.996383
16.700000,0.937158,1.238175,-1.310773,1.748311,-1.142543,-0.379206,-1.783129,-0.644429,1.910223
16.720000,0.971732,1.215235,-1.317980,1.707256,-1.149494,-0.341863,-2.322406,-0.050709,1.824062
16.740000,1.005377,1.192274,-1.324459,1.655415,-1.144571,-0.306243,-2.861682,0.543012,1.737902
16.760000,1.037877,1.169531,-1.330242,1.592788,-1.127774,-0.272347,-3.400959,1.136733,1.651741
16.780000,1.069016,1.147243,-1.335364,1.519376,-1.099102,-0.240174,-3.940235,1.730453,1.565581
16.800000,1.098580,1.125646,-1.339860,1.435179,-1.058555,-0.209724,-4.479512,2.324174,1.479420
16.820000,1.126351,1.104980,-1.343764,1.340196,-1.006135,-0.180997,-5.018788,2.917895,1.393260
16.840000,1.152116,1.085480,-1.347111,1.234427,-0.941840,-0.153993,-5.558065,3.511615,1.307100
16.860000,1.175657,1.067385,-1.349936,1.117873,-0.865670,-0.128713,-6.097341,4.105336,1.220939
16.880000,1.196759,1.050932,-1.352271,0.990534,-0.777626,-0.105156,-6.636618,4.699057,1.134779
16.900000,1.215206,1.036359,-1.354153,0.852409,-0.677708,-0.083322,-7.175894,5.292777,1.048618
16.920000,1.230783,1.023903,-1.355616,0.703498,-0.565915,-0.063211,-7.715171,5.886498,0.962458
16.940000,1.243274,1.013802,-1.356693,0.543802,-0.442248,-0.044823,-8.254447,6.480219,0.876298
16.960000,1.252463,1.006292,-1.357420,0.373320,-0.306706,-0.028159,-8.793724,7.073939,0.790137
16.980000,1.258135,1.001613,-1.357831,0.192053,-0.159290,-0.013218,-9.333000,7.667660,0.703977
