0.000000,0.000000,0.000000,0.000000,0.000000,0.000000,0.000000,6.127406,-1.377221,-6.395109
0.020000,0.001211,-0.000272,-0.001264,0.120372,-0.027055,-0.125631,5.909762,-1.328302,-6.167956
0.040000,0.004786,-0.001076,-0.004995,0.236390,-0.053132,-0.246718,5.692117,-1.279383,-5.940803
0.060000,0.010638,-0.002391,-0.011102,0.348056,-0.078231,-0.363263,5.474473,-1.230465,-5.713649
0.080000,0.018679,-0.004198,-0.019495,0.455369,-0.102351,-0.475264,5.256829,-1.181546,-5.486496
0.100000,0.028823,-0.006478,-0.030083,0.558330,-0.125492,-0.582723,5.039184,-1.132627,-5.259343
0.120000,0.040983,-0.009212,-0.042774,0.656937,-0.147656,-0.685638,4.821540,-1.083709,-5.032190
0.140000,0.055072,-0.012378,-0.057478,0.751191,-0.168841,-0.784010,4.603896,-1.034790,-4.805037
0.160000,0.071002,-0.015959,-0.074104,0.841093,-0.189047,-0.877839,4.386251,-0.985871,-4.577884
0.180000,0.088686,-0.019934,-0.092561,0.926641,-0.208276,-0.967126,4.168607,-0.936953,-4.350731
0.200000,0.108038,-0.024283,-0.112759,1.007837,-0.226525,-1.051869,3.950962,-0.888034,-4.123578
0.220000,0.128971,-0.028988,-0.134606,1.084680,-0.243797,-1.132069,3.733318,-0.839116,-3.896425
0.240000,0.151397,-0.034029,-0.158011,1.157170,-0.260090,-1.207726,3.515674,-0.790197,-3.669272
0.260000,0.175229,-0.039385,-0.182884,1.225307,-0.275405,-1.278840,3.298029,-0.741278,-3.442119
0.280000,0.200380,-0.045038,-0.209134,1.289091,-0.289741,-1.345410,3.080385,-0.692360,-3.214966
0.300000,0.226763,-0.050968,-0.236670,1.348522,-0.303099,-1.407438,2.862741,-0.643441,-2.987813
0.320000,0.254292,-0.057156,-0.265402,1.403600,-0.315479,-1.464923,2.645096,-0.594522,-2.760660
0.340000,0.282878,-0.063581,-0.295237,1.454326,-0.326880,-1.517865,2.427452,-0.545604,-2.533507
0.360000,0.312436,-0.070224,-0.326086,1.500698,-0.337303,-1.566263,2.209808,-0.496685,-2.306353
0.380000,0.342877,-0.077066,-0.357857,1.542718,-0.346748,-1.610119,1.992163,-0.447766,-2.079200
0.400000,0.374115,-0.084088,-0.390460,1.580385,-0.355214,-1.649431,1.774519,-0.398848,-1.852047
0.420000,0.406064,-0.091268,-0.423804,1.613699,-0.362701,-1.684201,1.556874,-0.349929,-1.624894
0.440000,0.438634,-0.098589,-0.457798,1.642660,-0.369211,-1.714427,1.339230,-0.301010,-1.397741
0.460000,0.471741,-0.106030,-0.492351,1.667268,-0.374742,-1.740110,1.121586,-0.252092,-1.170588
0.480000,0.505296,-0.113572,-0.527372,1.687523,-0.379295,-1.761250,0.903941,-0.203173,-0.943435
0.500000,0.539213,-0.121196,-0.562771,1.703426,-0.382869,-1.777848,0.686297,-0.154255,-0.716282
0.520000,0.573404,-0.128881,-0.598456,1.714975,-0.385465,-1.789902,0.468653,-0.105336,-0.489129
0.540000,0.607783,-0.136608,-0.634337,1.722172,-0.387082,-1.797413,0.251008,-0.056417,-0.261976
0.560000,0.642262,-0.144357,-0.670322,1.725016,-0.387721,-1.800381,0.033364,-0.007499,-0.034823
0.580000,0.676754,-0.152110,-0.706322,1.723506,-0.387382,-1.798806,-0.184281,0.041420,0.192330
0.600000,0.711173,-0.159846,-0.742244,1.717644,-0.386065,-1.792688,-0.401925,0.090339,0.419483
0.620000,0.745431,-0.167546,-0.777999,1.707429,-0.383769,-1.782026,-0.619569,0.139257,0.646636
0.640000,0.779441,-0.175190,-0.813495,1.692862,-0.380494,-1.766822,-0.837214,0.188176,0.873790
0.660000,0.813117,-0.182759,-0.848641,1.673941,-0.376242,-1.747075,-1.054858,0.237095,1.100943
0.680000,0.846370,-0.190234,-0.883348,1.650667,-0.371010,-1.722784,-1.272502,0.286013,1.328096
0.700000,0.879114,-0.197593,-0.917522,1.623041,-0.364801,-1.693951,-1.490147,0.334932,1.555249
0.720000,0.911263,-0.204819,-0.951075,1.591061,-0.357613,-1.660574,-1.707791,0.383851,1.782402
0.740000,0.942728,-0.211891,-0.983915,1.554729,-0.349447,-1.622655,-1.925436,0.432769,2.009555
0.760000,0.973423,-0.218790,-1.015951,1.514044,-0.340302,-1.580192,-2.143080,0.481688,2.236708
0.780000,1.003261,-0.225497,-1.047093,1.469006,-0.330180,-1.533187,-2.360724,0.530607,2.463861
0.800000,1.032154,-0.231991,-1.077248,1.419615,-0.319078,-1.481638,-2.578369,0.579525,2.691014
0.820000,1.060016,-0.238253,-1.106328,1.365871,-0.306998,-1.425546,-2.796013,0.628444,2.918167
0.840000,1.086760,-0.244264,-1.134240,1.307774,-0.293940,-1.364911,-3.013657,0.677362,3.145320
0.860000,1.112298,-0.250005,-1.160894,1.245325,-0.279904,-1.299733,-3.231302,0.726281,3.372473
0.880000,1.136544,-0.255454,-1.186199,1.178522,-0.264889,-1.230012,-3.448946,0.775200,3.599626
0.900000,1.159410,-0.260594,-1.210064,1.107367,-0.248896,-1.155748,-3.666590,0.824118,3.826779
0.920000,1.180809,-0.265403,-1.232399,1.031859,-0.231924,-1.076941,-3.884235,0.873037,4.053932
0.940000,1.200655,-0.269864,-1.253111,0.951998,-0.213975,-0.993591,-4.101879,0.921956,4.281086
0.960000,1.218860,-0.273956,-1.272112,0.867784,-0.195046,-0.905698,-4.319524,0.970874,4.508239
0.980000,1.235338,-0.277659,-1.289309,0.779217,-0.175140,-0.813261,-4.537168,1.019793,4.735392
1.000000,1.250000,-0.280955,-1.304612,0.686297,-0.154255,-0.716282,-4.754812,1.068712,4.962545
1.020000,1.262791,-0.283830,-1.317962,0.593612,-0.133422,-0.619548,-4.513657,1.014508,4.710855
1.040000,1.273777,-0.286299,-1.329428,0.505751,-0.113674,-0.527848,-4.272502,0.960305,4.459165
1.060000,1.283053,-0.288384,-1.339109,0.422712,-0.095010,-0.441181,-4.031347,0.906102,4.207475
1.080000,1.290717,-0.290107,-1.347108,0.344497,-0.077430,-0.359549,-3.790192,0.851899,3.955785
1.100000,1.296865,-0.291489,-1.353525,0.271104,-0.060934,-0.282950,-3.549038,0.797695,3.704095
1.120000,1.301594,-0.292551,-1.358460,0.202535,-0.045522,-0.211385,-3.307883,0.743492,3.452405
1.140000,1.304999,-0.293317,-1.362014,0.138789,-0.031194,-0.144854,-3.066728,0.689289,3.200715
1.160000,1.307177,-0.293806,-1.364288,0.079866,-0.017951,-0.083356,-2.825573,0.635086,2.949025
1.180000,1.308226,-0.294042,-1.365382,0.025766,-0.005791,-0.026893,-2.584418,0.580883,2.697335
1.200000,1.308240,-0.294045,-1.365397,-0.023511,0.005285,0.024537,-2.343263,0.526679,2.445645
1.220000,1.307317,-0.293838,-1.364434,-0.067964,0.015276,0.070933,-2.102108,0.472476,2.193955
1.240000,1.305554,-0.293441,-1.362593,-0.107595,0.024184,0.112295,-1.860953,0.418273,1.942265
1.260000,1.303046,-0.292878,-1.359976,-0.142402,0.032007,0.148624,-1.619798,0.364070,1.690574
1.280000,1.299890,-0.292168,-1.356682,-0.172387,0.038746,0.179918,-1.378643,0.309866,1.438884
1.300000,1.296182,-0.291335,-1.352812,-0.197548,0.044402,0.206179,-1.137488,0.255663,1.187194
1.320000,1.292020,-0.290399,-1.348468,-0.217886,0.048973,0.227406,-0.896333,0.201460,0.935504
1.340000,1.287499,-0.289383,-1.343750,-0.233401,0.052460,0.243599,-0.655178,0.147257,0.683814
1.360000,1.282716,-0.288308,-1.338758,-0.244093,0.054863,0.254758,-0.414023,0.093053,0.432124
1.380000,1.277768,-0.287196,-1.333593,-0.249962,0.056182,0.260884,-0.172868,0.038850,0.180434
1.400000,1.272750,-0.286068,-1.328356,-0.251008,0.056417,0.261976,0.068287,-0.015353,-0.071256
1.420000,1.267759,-0.284947,-1.323148,-0.247231,0.055568,0.258034,0.309442,-0.069556,-0.322946
1.440000,1.262893,-0.283853,-1.318068,-0.238631,0.053635,0.249058,0.550597,-0.123760,-0.574636
1.460000,1.258246,-0.282808,-1.313219,-0.225207,0.050618,0.235048,0.791752,-0.177963,-0.826326
1.480000,1.253917,-0.281835,-1.308700,-0.206960,0.046516,0.216005,1.032907,-0.232166,-1.078016
1.500000,1.250000,-0.280955,-1.304612,-0.183891,0.041331,0.191928,1.274062,-0.286369,-1.329706
1.520000,1.246573,-0.280185,-1.301035,-0.159056,0.035749,0.166008,1.209442,-0.271844,-1.262266
1.540000,1.243629,-0.279523,-1.297963,-0.135513,0.030457,0.141437,1.144822,-0.257319,-1.194827
1.560000,1.241144,-0.278964,-1.295369,-0.113263,0.025456,0.118215,1.080202,-0.242793,-1.127388
1.580000,1.239090,-0.278503,-1.293225,-0.092305,0.020746,0.096342,1.015582,-0.228268,-1.059948
1.600000,1.237443,-0.278133,-1.291506,-0.072640,0.016326,0.075817,0.950962,-0.213742,-0.992509
1.620000,1.236176,-0.277848,-1.290184,-0.054266,0.012196,0.056641,0.886343,-0.199217,-0.925070
1.640000,1.235263,-0.277643,-1.289231,-0.037186,0.008357,0.038814,0.821723,-0.184692,-0.857630
1.660000,1.234680,-0.277512,-1.288622,-0.021398,0.004808,0.022336,0.757103,-0.170166,-0.790191
1.680000,1.234399,-0.277449,-1.288329,-0.006902,0.001550,0.007207,0.692483,-0.155641,-0.722752
1.700000,1.234395,-0.277448,-1.288325,0.006302,-0.001417,-0.006574,0.627863,-0.141115,-0.655312
1.720000,1.234642,-0.277503,-1.288583,0.018213,-0.004094,-0.019006,0.563243,-0.126590,-0.587873
1.740000,1.235115,-0.277610,-1.289076,0.028831,-0.006481,-0.030089,0.498624,-0.112065,-0.520433
1.760000,1.235787,-0.277761,-1.289777,0.038158,-0.008577,-0.039823,0.434004,-0.097539,-0.452994
1.780000,1.236633,-0.277951,-1.290660,0.046192,-0.010383,-0.048209,0.369384,-0.083014,-0.385555
1.800000,1.237626,-0.278174,-1.291697,0.052933,-0.011898,-0.055245,0.304764,-0.068488,-0.318115
1.820000,1.238741,-0.278425,-1.292861,0.058382,-0.013122,-0.060933,0.240144,-0.053963,-0.250676
1.840000,1.239953,-0.278697,-1.294125,0.062539,-0.014056,-0.065272,0.175524,-0.039438,-0.183237
1.860000,1.241234,-0.278985,-1.295463,0.065403,-0.014700,-0.068263,0.110904,-0.024912,-0.115797
1.880000,1.242560,-0.279283,-1.296847,0.066975,-0.015053,-0.069904,0.046285,-0.010387,-0.048358
1.900000,1.243905,-0.279585,-1.298250,0.067255,-0.015115,-0.070197,-0.018335,0.004139,0.019081
1.920000,1.245242,-0.279886,-1.299645,0.066242,-0.014887,-0.069141,-0.082955,0.018664,0.086521
1.940000,1.246546,-0.280179,-1.301006,0.063936,-0.014369,-0.066736,-0.147575,0.033189,0.153960
1.960000,1.247791,-0.280458,-1.302306,0.060339,-0.013559,-0.062983,-0.212195,0.047715,0.221400
1.980000,1.248951,-0.280719,-1.303517,0.055449,-0.012460,-0.057880,-0.276815,0.062240,0.288839
2.000000,1.250000,-0.280955,-1.304612,0.049266,-0.011070,-0.051429,-0.341434,0.076765,0.356278
2.020000,1.250918,-0.281161,-1.305571,0.042611,-0.009574,-0.044484,-0.324110,0.072867,0.338211
2.040000,1.251707,-0.281338,-1.306394,0.036302,-0.008155,-0.037901,-0.306786,0.068969,0.320143
2.060000,1.252373,-0.281488,-1.307089,0.030339,-0.006815,-0.031678,-0.289461,0.065071,0.302076
2.080000,1.252923,-0.281612,-1.307663,0.024723,-0.005552,-0.025818,-0.272137,0.061172,0.284009
2.100000,1.253364,-0.281711,-1.308124,0.019454,-0.004368,-0.020318,-0.254812,0.057274,0.265941
2.120000,1.253703,-0.281787,-1.308479,0.014531,-0.003261,-0.015180,-0.237488,0.053376,0.247874
2.140000,1.253947,-0.281842,-1.308734,0.009954,-0.002233,-0.010403,-0.220164,0.049477,0.229806
2.160000,1.254104,-0.281877,-1.308897,0.005724,-0.001282,-0.005988,-0.202839,0.045579,0.211739
2.180000,1.254179,-0.281893,-1.308976,0.001841,-0.000410,-0.001934,-0.185515,0.041681,0.193671
2.200000,1.254179,-0.281893,-1.308977,-0.001696,0.000385,0.001759,-0.168190,0.037782,0.175604
2.220000,1.254113,-0.281879,-1.308908,-0.004887,0.001102,0.005091,-0.150866,0.033884,0.157537
2.240000,1.253986,-0.281850,-1.308776,-0.007731,0.001740,0.008061,-0.133541,0.029986,0.139469
2.260000,1.253806,-0.281809,-1.308588,-0.010229,0.002301,0.010669,-0.116217,0.026087,0.121402
2.280000,1.253579,-0.281758,-1.308351,-0.012380,0.002784,0.012917,-0.098893,0.022189,0.103334
2.300000,1.253313,-0.281699,-1.308073,-0.014184,0.003189,0.014803,-0.081568,0.018291,0.085267
2.320000,1.253014,-0.281631,-1.307762,-0.015642,0.003515,0.016327,-0.064244,0.014392,0.067200
2.340000,1.252690,-0.281558,-1.307423,-0.016754,0.003764,0.017491,-0.046919,0.010494,0.049132
2.360000,1.252347,-0.281481,-1.307064,-0.017519,0.003935,0.018293,-0.029595,0.006596,0.031065
2.380000,1.251991,-0.281402,-1.306694,-0.017938,0.004028,0.018733,-0.012271,0.002697,0.012997
2.400000,1.251631,-0.281321,-1.306317,-0.018010,0.004043,0.018813,0.005054,-0.001201,-0.005070
2.420000,1.251273,-0.281240,-1.305943,-0.017736,0.003980,0.018530,0.022378,-0.005099,-0.023138
2.440000,1.250924,-0.281162,-1.305579,-0.017115,0.003839,0.017887,0.039703,-0.008998,-0.041205
2.460000,1.250591,-0.281087,-1.305230,-0.016148,0.003620,0.016882,0.057027,-0.012896,-0.059272
2.480000,1.250281,-0.281018,-1.304906,-0.014834,0.003323,0.015516,0.074352,-0.016794,-0.077340
2.500000,1.250000,-0.280955,-1.304612,-0.013174,0.002948,0.013789,0.091676,-0.020693,-0.095407
2.520000,1.249755,-0.280900,-1.304355,-0.011387,0.002545,0.011929,0.086998,-0.019625,-0.090577
2.540000,1.249544,-0.280853,-1.304134,-0.009694,0.002163,0.010166,0.082320,-0.018557,-0.085747
2.560000,1.249366,-0.280813,-1.303948,-0.008094,0.001803,0.008499,0.077643,-0.017489,-0.080916
2.580000,1.249220,-0.280781,-1.303794,-0.006588,0.001464,0.006929,0.072965,-0.016421,-0.076086
2.600000,1.249102,-0.280755,-1.303670,-0.005175,0.001146,0.005455,0.068287,-0.015353,-0.071256
2.620000,1.249012,-0.280735,-1.303575,-0.003856,0.000850,0.004079,0.063609,-0.014285,-0.066425
2.640000,1.248947,-0.280721,-1.303506,-0.002631,0.000575,0.002798,0.058931,-0.013217,-0.061595
2.660000,1.248906,-0.280712,-1.303462,-0.001499,0.000321,0.001615,0.054253,-0.012149,-0.056765
2.680000,1.248887,-0.280708,-1.303441,-0.000461,0.000089,0.000528,0.049576,-0.011081,-0.051934
2.700000,1.248887,-0.280708,-1.303441,0.000484,-0.000122,-0.000462,0.044898,-0.010014,-0.047104
2.720000,1.248905,-0.280712,-1.303459,0.001335,-0.000312,-0.001356,0.040220,-0.008946,-0.042274
2.740000,1.248940,-0.280720,-1.303494,0.002093,-0.000480,-0.002153,0.035542,-0.007878,-0.037443
2.760000,1.248988,-0.280731,-1.303544,0.002757,-0.000627,-0.002854,0.030864,-0.006810,-0.032613
2.780000,1.249049,-0.280745,-1.303608,0.003327,-0.000752,-0.003458,0.026187,-0.005742,-0.027783
2.800000,1.249121,-0.280761,-1.303682,0.003804,-0.000857,-0.003965,0.021509,-0.004674,-0.022952
2.820000,1.249201,-0.280779,-1.303766,0.004188,-0.000939,-0.004376,0.016831,-0.003606,-0.018122
2.840000,1.249288,-0.280799,-1.303856,0.004477,-0.001001,-0.004690,0.012153,-0.002538,-0.013292
2.860000,1.249379,-0.280819,-1.303953,0.004674,-0.001041,-0.004908,0.007475,-0.001470,-0.008461
2.880000,1.249474,-0.280840,-1.304052,0.004776,-0.001060,-0.005029,0.002797,-0.000402,-0.003631
2.900000,1.249570,-0.280861,-1.304153,0.004786,-0.001057,-0.005053,-0.001880,0.000666,0.001199
2.920000,1.249665,-0.280882,-1.304254,0.004701,-0.001033,-0.004981,-0.006558,0.001734,0.006030
2.940000,1.249757,-0.280903,-1.304352,0.004523,-0.000988,-0.004812,-0.011236,0.002801,0.010860
2.960000,1.249845,-0.280922,-1.304445,0.004252,-0.000921,-0.004546,-0.015914,0.003869,0.015690
2.980000,1.249927,-0.280939,-1.304533,0.003887,-0.000833,-0.004184,-0.020592,0.004937,0.020521
3.000000,1.250000,-0.280955,-1.304612,0.003428,-0.000724,-0.003725,-0.025269,0.006005,0.025351
3.020000,1.250064,-0.280968,-1.304682,0.002937,-0.000607,-0.003231,-0.023883,0.005632,0.024097
3.040000,1.250118,-0.280979,-1.304742,0.002473,-0.000498,-0.002762,-0.022496,0.005259,0.022843
3.060000,1.250163,-0.280988,-1.304792,0.002037,-0.000397,-0.002317,-0.021109,0.004885,0.021589
3.080000,1.250199,-0.280995,-1.304834,0.001628,-0.000303,-0.001898,-0.019722,0.004512,0.020335
3.100000,1.250228,-0.281000,-1.304868,0.001248,-0.000216,-0.001504,-0.018335,0.004139,0.019081
3.120000,1.250249,-0.281004,-1.304895,0.000895,-0.000137,-0.001135,-0.016948,0.003765,0.017828
3.140000,1.250264,-0.281006,-1.304914,0.000570,-0.000066,-0.000791,-0.015561,0.003392,0.016574
3.160000,1.250272,-0.281007,-1.304926,0.000273,-0.000002,-0.000472,-0.014175,0.003019,0.015320
3.180000,1.250275,-0.281006,-1.304933,0.000003,0.000055,-0.000178,-0.012788,0.002645,0.014066
3.200000,1.250273,-0.281004,-1.304934,-0.000239,0.000104,0.000091,-0.011401,0.002272,0.012812
3.220000,1.250266,-0.281002,-1.304929,-0.000453,0.000146,0.000335,-0.010014,0.001899,0.011558
3.240000,1.250255,-0.280999,-1.304921,-0.000640,0.000180,0.000553,-0.008627,0.001525,0.010304
3.260000,1.250240,-0.280995,-1.304908,-0.000798,0.000207,0.000747,-0.007240,0.001152,0.009050
3.280000,1.250223,-0.280990,-1.304891,-0.000929,0.000226,0.000915,-0.005854,0.000779,0.007797
3.300000,1.250203,-0.280986,-1.304871,-0.001032,0.000238,0.001059,-0.004467,0.000405,0.006543
3.320000,1.250182,-0.280981,-1.304849,-0.001108,0.000242,0.001177,-0.003080,0.000032,0.005289
3.340000,1.250159,-0.280976,-1.304824,-0.001156,0.000239,0.001270,-0.001693,-0.000341,0.004035
3.360000,1.250136,-0.280971,-1.304798,-0.001176,0.000229,0.001338,-0.000306,-0.000715,0.002781
3.380000,1.250112,-0.280967,-1.304771,-0.001168,0.000211,0.001381,0.001081,-0.001088,0.001527
3.400000,1.250089,-0.280963,-1.304743,-0.001132,0.000185,0.001399,0.002468,-0.001461,0.000273
3.420000,1.250067,-0.280960,-1.304715,-0.001069,0.000152,0.001392,0.003854,-0.001835,-0.000981
3.440000,1.250047,-0.280957,-1.304687,-0.000978,0.000112,0.001360,0.005241,-0.002208,-0.002234
3.460000,1.250028,-0.280955,-1.304661,-0.000859,0.000064,0.001303,0.006628,-0.002581,-0.003488
3.480000,1.250013,-0.280955,-1.304635,-0.000713,0.000009,0.001221,0.008015,-0.002955,-0.004742
3.500000,1.250000,-0.280955,-1.304612,-0.000539,-0.000054,0.001113,0.009402,-0.003328,-0.005996
3.520000,1.249991,-0.280957,-1.304591,-0.000359,-0.000117,0.000995,0.008532,-0.002903,-0.005811
3.540000,1.249986,-0.280960,-1.304572,-0.000198,-0.000170,0.000881,0.007663,-0.002477,-0.005626
3.560000,1.249983,-0.280963,-1.304556,-0.000053,-0.000216,0.000770,0.006793,-0.002052,-0.005441
3.580000,1.249983,-0.280968,-1.304541,0.000074,-0.000252,0.000663,0.005923,-0.001626,-0.005255
3.600000,1.249986,-0.280973,-1.304529,0.000184,-0.000281,0.000560,0.005054,-0.001201,-0.005070
3.620000,1.249991,-0.280979,-1.304519,0.000276,-0.000300,0.000460,0.004184,-0.000776,-0.004885
3.640000,1.249997,-0.280985,-1.304511,0.000351,-0.000312,0.000365,0.003315,-0.000350,-0.004700
3.660000,1.250004,-0.280992,-1.304504,0.000409,-0.000314,0.000272,0.002445,0.000075,-0.004515
3.680000,1.250013,-0.280998,-1.304500,0.000449,-0.000309,0.000184,0.001576,0.000501,-0.004329
3.700000,1.250022,-0.281004,-1.304497,0.000472,-0.000294,0.000099,0.000706,0.000926,-0.004144
3.720000,1.250032,-0.281010,-1.304496,0.000477,-0.000272,0.000018,-0.000164,0.001351,-0.003959
3.740000,1.250041,-0.281015,-1.304496,0.000465,-0.000240,-0.000059,-0.001033,0.001777,-0.003774
3.760000,1.250050,-0.281019,-1.304498,0.000436,-0.000201,-0.000133,-0.001903,0.002202,-0.003589
3.780000,1.250059,-0.281023,-1.304502,0.000389,-0.000152,-0.000203,-0.002772,0.002628,-0.003403
3.800000,1.250066,-0.281025,-1.304506,0.000325,-0.000096,-0.000269,-0.003642,0.003053,-0.003218
3.820000,1.250071,-0.281027,-1.304512,0.000244,-0.000030,-0.000331,-0.004512,0.003479,-0.003033
3.840000,1.250075,-0.281026,-1.304520,0.000145,0.000044,-0.000390,-0.005381,0.003904,-0.002848
3.860000,1.250077,-0.281025,-1.304528,0.000028,0.000126,-0.000445,-0.006251,0.004329,-0.002663
3.880000,1.250076,-0.281021,-1.304537,-0.000105,0.000217,-0.000497,-0.007120,0.004755,-0.002478
3.900000,1.250073,-0.281016,-1.304548,-0.000256,0.000316,-0.000544,-0.007990,0.005180,-0.002292
3.920000,1.250066,-0.281009,-1.304559,-0.000425,0.000424,-0.000588,-0.008859,0.005606,-0.002107
3.940000,1.250056,-0.280999,-1.304571,-0.000611,0.000540,-0.000629,-0.009729,0.006031,-0.001922
3.960000,1.250042,-0.280987,-1.304584,-0.000814,0.000665,-0.000665,-0.010599,0.006456,-0.001737
3.980000,1.250023,-0.280972,-1.304598,-0.001035,0.000799,-0.000698,-0.011468,0.006882,-0.001552
4.000000,1.250000,-0.280955,-1.304612,-0.001273,0.000941,-0.000727,-0.012338,0.007307,-0.001366
4.020000,1.249972,-0.280935,-1.304627,-0.001499,0.001073,-0.000750,-0.010246,0.005979,-0.000853
4.040000,1.249940,-0.280912,-1.304642,-0.001683,0.001180,-0.000762,-0.008155,0.004651,-0.000340
4.060000,1.249905,-0.280888,-1.304657,-0.001825,0.001259,-0.000763,-0.006063,0.003322,0.000173
4.080000,1.249868,-0.280862,-1.304672,-0.001925,0.001313,-0.000755,-0.003972,0.001994,0.000686
4.100000,1.249828,-0.280835,-1.304687,-0.001984,0.001339,-0.000736,-0.001880,0.000666,0.001199
4.120000,1.249789,-0.280809,-1.304702,-0.002000,0.001339,-0.000707,0.000211,-0.000663,0.001712
4.140000,1.249749,-0.280782,-1.304716,-0.001975,0.001313,-0.000667,0.002303,-0.001991,0.002225
4.160000,1.249710,-0.280756,-1.304728,-0.001908,0.001260,-0.000618,0.004394,-0.003319,0.002739
4.180000,1.249673,-0.280732,-1.304740,-0.001800,0.001180,-0.000558,0.006486,-0.004648,0.003252
4.200000,1.249638,-0.280709,-1.304751,-0.001649,0.001074,-0.000488,0.008577,-0.005976,0.003765
4.220000,1.249607,-0.280689,-1.304760,-0.001456,0.000941,-0.000407,0.010669,-0.007304,0.004278
4.240000,1.249580,-0.280672,-1.304767,-0.001222,0.000781,-0.000316,0.012760,-0.008633,0.004791
4.260000,1.249558,-0.280658,-1.304772,-0.000946,0.000596,-0.000215,0.014852,-0.009961,0.005304
4.280000,1.249543,-0.280648,-1.304775,-0.000628,0.000383,-0.000104,0.016943,-0.011289,0.005817
4.300000,1.249534,-0.280643,-1.304776,-0.000268,0.000144,0.000017,0.019035,-0.012618,0.006330
4.320000,1.249532,-0.280643,-1.304775,0.000133,-0.000122,0.000149,0.021126,-0.013946,0.006844
4.340000,1.249539,-0.280648,-1.304770,0.000577,-0.000414,0.000291,0.023218,-0.015274,0.007357
4.360000,1.249555,-0.280659,-1.304763,0.001062,-0.000733,0.000443,0.025309,-0.016603,0.007870
4.380000,1.249582,-0.280677,-1.304753,0.001589,-0.001078,0.000606,0.027401,-0.017931,0.008383
4.400000,1.249619,-0.280703,-1.304739,0.002158,-0.001450,0.000779,0.029492,-0.019259,0.008896
4.420000,1.249669,-0.280736,-1.304721,0.002769,-0.001848,0.000962,0.031584,-0.020587,0.009409
4.440000,1.249730,-0.280777,-1.304700,0.003421,-0.002273,0.001155,0.033675,-0.021916,0.009922
4.460000,1.249806,-0.280827,-1.304675,0.004116,-0.002725,0.001358,0.035767,-0.023244,0.010435
4.480000,1.249895,-0.280886,-1.304646,0.004852,-0.003203,0.001572,0.037858,-0.024572,0.010949
4.500000,1.250000,-0.280955,-1.304612,0.005630,-0.003708,0.001796,0.039950,-0.025901,0.011462
4.520000,1.250120,-0.281034,-1.304574,0.006354,-0.004177,0.002003,0.032453,-0.021013,0.009224
4.540000,1.250253,-0.281121,-1.304532,0.006928,-0.004548,0.002165,0.024957,-0.016125,0.006986
4.560000,1.250396,-0.281215,-1.304488,0.007352,-0.004822,0.002283,0.017460,-0.011237,0.004749
4.580000,1.250546,-0.281314,-1.304441,0.007627,-0.004998,0.002355,0.009964,-0.006349,0.002511
4.600000,1.250700,-0.281415,-1.304394,0.007751,-0.005076,0.002383,0.002468,-0.001461,0.000273
4.620000,1.250855,-0.281516,-1.304346,0.007725,-0.005056,0.002366,-0.005029,0.003426,-0.001964
4.640000,1.251008,-0.281616,-1.304299,0.007550,-0.004939,0.002305,-0.012525,0.008314,-0.004202
4.660000,1.251156,-0.281713,-1.304254,0.007224,-0.004724,0.002198,-0.020022,0.013202,-0.006440
4.680000,1.251296,-0.281804,-1.304212,0.006749,-0.004411,0.002047,-0.027518,0.018090,-0.008677
4.700000,1.251425,-0.281889,-1.304173,0.006124,-0.004000,0.001851,-0.035014,0.022978,-0.010915
4.720000,1.251540,-0.281964,-1.304138,0.005348,-0.003492,0.001610,-0.042511,0.027866,-0.013153
4.740000,1.251638,-0.282028,-1.304109,0.004423,-0.002886,0.001325,-0.050007,0.032754,-0.015391
4.760000,1.251716,-0.282079,-1.304085,0.003348,-0.002182,0.000995,-0.057504,0.037641,-0.017628
4.780000,1.251771,-0.282114,-1.304069,0.002123,-0.001380,0.000620,-0.065000,0.042529,-0.019866
4.800000,1.251800,-0.282133,-1.304061,0.000748,-0.000480,0.000200,-0.072496,0.047417,-0.022104
4.820000,1.251800,-0.282133,-1.304061,-0.000777,0.000517,-0.000264,-0.079993,0.052305,-0.024341
4.840000,1.251768,-0.282112,-1.304072,-0.002452,0.001612,-0.000774,-0.087489,0.057193,-0.026579
4.860000,1.251701,-0.282068,-1.304093,-0.004276,0.002805,-0.001327,-0.094986,0.062081,-0.028817
4.880000,1.251596,-0.281999,-1.304125,-0.006251,0.004095,-0.001926,-0.102482,0.066969,-0.031054
4.900000,1.251450,-0.281903,-1.304170,-0.008376,0.005483,-0.002570,-0.109978,0.071857,-0.033292
4.920000,1.251260,-0.281779,-1.304228,-0.010650,0.006969,-0.003258,-0.117475,0.076744,-0.035530
4.940000,1.251023,-0.281624,-1.304301,-0.013075,0.008553,-0.003991,-0.124971,0.081632,-0.037767
4.960000,1.250736,-0.281436,-1.304388,-0.015649,0.010235,-0.004769,-0.132468,0.086520,-0.040005
4.980000,1.250396,-0.281214,-1.304492,-0.018373,0.012014,-0.005591,-0.139964,0.091408,-0.042243
5.000000,1.250000,-0.280955,-1.304612,-0.021248,0.013891,-0.006458,-0.147460,0.096296,-0.044480
5.020000,1.249547,-0.280659,-1.304750,-0.023918,0.015635,-0.007264,-0.119566,0.078073,-0.036043
5.040000,1.249047,-0.280332,-1.304902,-0.026030,0.017014,-0.007900,-0.091672,0.059850,-0.027605
5.060000,1.248510,-0.279981,-1.305064,-0.027585,0.018029,-0.008368,-0.063778,0.041626,-0.019168
5.080000,1.247947,-0.279613,-1.305235,-0.028581,0.018679,-0.008667,-0.035884,0.023403,-0.010730
5.100000,1.247370,-0.279236,-1.305410,-0.029020,0.018965,-0.008797,-0.007990,0.005180,-0.002292
5.120000,1.246790,-0.278857,-1.305586,-0.028901,0.018886,-0.008758,0.019904,-0.013043,0.006145
5.140000,1.246218,-0.278483,-1.305759,-0.028224,0.018443,-0.008551,0.047798,-0.031266,0.014583
5.160000,1.245665,-0.278122,-1.305927,-0.026989,0.017635,-0.008175,0.075692,-0.049489,0.023021
5.180000,1.245142,-0.277780,-1.306085,-0.025196,0.016463,-0.007630,0.103586,-0.067712,0.031458
5.200000,1.244661,-0.277466,-1.306231,-0.022846,0.014927,-0.006917,0.131481,-0.085936,0.039896
5.220000,1.244232,-0.277186,-1.306361,-0.019937,0.013026,-0.006034,0.159375,-0.104159,0.048333
5.240000,1.243867,-0.276947,-1.306471,-0.016471,0.010761,-0.004983,0.187269,-0.122382,0.056771
5.260000,1.243577,-0.276758,-1.306559,-0.012446,0.008131,-0.003764,0.215163,-0.140605,0.065209
5.280000,1.243373,-0.276624,-1.306621,-0.007864,0.005136,-0.002375,0.243057,-0.158828,0.073646
5.300000,1.243266,-0.276555,-1.306653,-0.002724,0.001778,-0.000818,0.270951,-0.177051,0.082084
5.320000,1.243268,-0.276556,-1.306652,0.002974,-0.001946,0.000908,0.298845,-0.195274,0.090522
5.340000,1.243389,-0.276635,-1.306615,0.009230,-0.006033,0.002803,0.326739,-0.213498,0.098959
5.360000,1.243641,-0.276799,-1.306539,0.016044,-0.010486,0.004867,0.354633,-0.231721,0.107397
5.380000,1.244034,-0.277057,-1.306419,0.023415,-0.015302,0.007099,0.382527,-0.249944,0.115834
5.400000,1.244581,-0.277414,-1.306254,0.031345,-0.020483,0.009500,0.410421,-0.268167,0.124272
5.420000,1.245292,-0.277878,-1.306038,0.039832,-0.026029,0.012070,0.438315,-0.286390,0.132710
5.440000,1.246178,-0.278458,-1.305770,0.048877,-0.031939,0.014808,0.466210,-0.304613,0.141147
5.460000,1.247251,-0.279158,-1.305445,0.058480,-0.038213,0.017716,0.494104,-0.322836,0.149585
5.480000,1.248521,-0.279988,-1.305060,0.068641,-0.044852,0.020792,0.521998,-0.341060,0.158023
5.500000,1.250000,-0.280955,-1.304612,0.079360,-0.051856,0.024037,0.549892,-0.359283,0.166460
5.520000,1.251690,-0.282059,-1.304100,0.089317,-0.058361,0.027051,0.445812,-0.291278,0.134947
5.540000,1.253559,-0.283280,-1.303534,0.097193,-0.063507,0.029435,0.341732,-0.223273,0.103435
5.560000,1.255564,-0.284591,-1.302927,0.102987,-0.067292,0.031188,0.237652,-0.155269,0.071922
5.580000,1.257664,-0.285963,-1.302291,0.106699,-0.069718,0.032311,0.133572,-0.087264,0.040409
5.600000,1.259818,-0.287370,-1.301639,0.108329,-0.070783,0.032804,0.029492,-0.019259,0.008896
5.620000,1.261984,-0.288785,-1.300983,0.107878,-0.070488,0.032667,-0.074588,0.048746,-0.022617
5.640000,1.264119,-0.290181,-1.300336,0.105346,-0.068833,0.031900,-0.178668,0.116750,-0.054130
5.660000,1.266184,-0.291529,-1.299711,0.100732,-0.065818,0.030502,-0.282748,0.184755,-0.085642
5.680000,1.268135,-0.292804,-1.299120,0.094036,-0.061443,0.028474,-0.386828,0.252760,-0.117155
5.700000,1.269931,-0.293978,-1.298576,0.085259,-0.055708,0.025816,-0.490908,0.320764,-0.148668
5.720000,1.271531,-0.295024,-1.298092,0.074400,-0.048612,0.022527,-0.594988,0.388769,-0.180181
5.740000,1.272893,-0.295914,-1.297680,0.061459,-0.040157,0.018609,-0.699068,0.456774,-0.211694
5.760000,1.273976,-0.296621,-1.297352,0.046437,-0.030341,0.014060,-0.803147,0.524779,-0.243207
5.780000,1.274737,-0.297118,-1.297121,0.029333,-0.019166,0.008880,-0.907227,0.592783,-0.274719
5.800000,1.275135,-0.297378,-1.297001,0.010148,-0.006630,0.003071,-1.011307,0.660788,-0.306232
5.820000,1.275129,-0.297374,-1.297003,-0.011119,0.007266,-0.003369,-1.115387,0.728793,-0.337745
5.840000,1.274677,-0.297079,-1.297140,-0.034468,0.022522,-0.010439,-1.219467,0.796797,-0.369258
5.860000,1.273736,-0.296464,-1.297424,-0.059898,0.039138,-0.018139,-1.323547,0.864802,-0.400771
5.880000,1.272267,-0.295504,-1.297870,-0.087409,0.057114,-0.026470,-1.427627,0.932807,-0.432284
5.900000,1.270226,-0.294171,-1.298487,-0.117003,0.076450,-0.035431,-1.531707,1.000811,-0.463796
5.920000,1.267573,-0.292437,-1.299291,-0.148678,0.097146,-0.045022,-1.635787,1.068816,-0.495309
5.940000,1.264265,-0.290276,-1.300293,-0.182434,0.119203,-0.055243,-1.739867,1.136821,-0.526822
5.960000,1.260262,-0.287660,-1.301505,-0.218272,0.142619,-0.066094,-1.843947,1.204826,-0.558335
5.980000,1.255520,-0.284562,-1.302941,-0.256192,0.167396,-0.077576,-1.948027,1.272830,-0.589848
6.000000,1.250000,-0.280955,-1.304612,-0.296193,0.193532,-0.089688,-2.052107,1.340835,-0.621360
6.020000,1.243669,-0.276818,-1.306529,-0.336769,0.220081,-0.101957,-2.005408,1.314018,-0.605460
6.040000,1.236535,-0.272155,-1.308688,-0.376410,0.246093,-0.113907,-1.958709,1.287202,-0.589559
6.060000,1.228619,-0.266978,-1.311083,-0.415117,0.271569,-0.125539,-1.912010,1.260385,-0.573659
6.080000,1.219937,-0.261296,-1.313708,-0.452890,0.296508,-0.136853,-1.865311,1.233568,-0.557758
6.100000,1.210509,-0.255121,-1.316555,-0.489729,0.320912,-0.147849,-1.818612,1.206752,-0.541857
6.120000,1.200354,-0.248463,-1.319620,-0.525635,0.344778,-0.158527,-1.771913,1.179935,-0.525957
6.140000,1.189490,-0.241333,-1.322894,-0.560606,0.368109,-0.168888,-1.725214,1.153118,-0.510056
6.160000,1.177936,-0.233742,-1.326373,-0.594643,0.390903,-0.178930,-1.678515,1.126301,-0.494155
6.180000,1.165711,-0.225701,-1.330049,-0.627746,0.413161,-0.188654,-1.631816,1.099485,-0.478255
6.200000,1.152832,-0.217220,-1.333917,-0.659916,0.434883,-0.198060,-1.585117,1.072668,-0.462354
6.220000,1.139320,-0.208309,-1.337970,-0.691151,0.456068,-0.207148,-1.538418,1.045851,-0.446453
6.240000,1.125193,-0.198980,-1.342201,-0.721453,0.476717,-0.215918,-1.491719,1.019035,-0.430553
6.260000,1.110468,-0.189244,-1.346604,-0.750820,0.496829,-0.224370,-1.445020,0.992218,-0.414652
6.280000,1.095166,-0.179111,-1.351173,-0.779253,0.516405,-0.232504,-1.398321,0.965401,-0.398751
6.300000,1.079304,-0.168591,-1.355902,-0.806753,0.535445,-0.240320,-1.351622,0.938585,-0.382851
6.320000,1.062902,-0.157697,-1.360784,-0.833318,0.553949,-0.247818,-1.304923,0.911768,-0.366950
6.340000,1.045978,-0.146437,-1.365813,-0.858950,0.571916,-0.254998,-1.258224,0.884951,-0.351049
6.360000,1.028550,-0.134824,-1.370982,-0.883647,0.589347,-0.261860,-1.211525,0.858135,-0.335149
6.380000,1.010638,-0.122867,-1.376285,-0.907411,0.606241,-0.268404,-1.164826,0.831318,-0.319248
6.400000,0.992260,-0.110577,-1.381716,-0.930240,0.622600,-0.274630,-1.118127,0.804501,-0.303348
6.420000,0.973435,-0.097966,-1.387268,-0.952136,0.638421,-0.280538,-1.071428,0.777684,-0.287447
6.440000,0.954181,-0.085044,-1.392935,-0.973097,0.653707,-0.286128,-1.024729,0.750868,-0.271546
6.460000,0.934517,-0.071822,-1.398711,-0.993125,0.668456,-0.291400,-0.978030,0.724051,-0.255646
6.480000,0.914462,-0.058310,-1.404589,-1.012218,0.682669,-0.296354,-0.931331,0.697234,-0.239745
6.500000,0.894035,-0.044518,-1.410563,-1.030378,0.696345,-0.300990,-0.884632,0.670418,-0.223844
6.520000,0.873253,-0.030459,-1.416627,-1.047604,0.709486,-0.305307,-0.837933,0.643601,-0.207944
6.540000,0.852137,-0.016143,-1.422773,-1.063895,0.722089,-0.309307,-0.791234,0.616784,-0.192043
6.560000,0.830704,-0.001579,-1.428997,-1.079253,0.734157,-0.312989,-0.744535,0.589968,-0.176142
6.580000,0.808973,0.013220,-1.435291,-1.093677,0.745688,-0.316353,-0.697836,0.563151,-0.160242
6.600000,0.786963,0.028245,-1.441649,-1.107166,0.756683,-0.319399,-0.651137,0.536334,-0.144341
6.620000,0.764692,0.043484,-1.448065,-1.119722,0.767142,-0.322127,-0.604438,0.509517,-0.128440
6.640000,0.742180,0.058927,-1.454532,-1.131344,0.777064,-0.324536,-0.557739,0.482701,-0.112540
6.660000,0.719445,0.074563,-1.461044,-1.142032,0.786450,-0.326628,-0.511040,0.455884,-0.096639
6.680000,0.696505,0.090381,-1.467595,-1.151786,0.795299,-0.328402,-0.464341,0.429067,-0.080738
6.700000,0.673380,0.106371,-1.474178,-1.160605,0.803612,-0.329858,-0.417642,0.402251,-0.064838
6.720000,0.650087,0.122522,-1.480787,-1.168491,0.811389,-0.330996,-0.370943,0.375434,-0.048937
6.740000,0.626646,0.138823,-1.487416,-1.175443,0.818630,-0.331815,-0.324244,0.348617,-0.033037
6.760000,0.603076,0.155264,-1.494058,-1.181461,0.825334,-0.332317,-0.277545,0.321801,-0.017136
6.780000,0.579394,0.171833,-1.500706,-1.186545,0.831502,-0.332501,-0.230845,0.294984,-0.001235
6.800000,0.555620,0.188520,-1.507355,-1.190695,0.837133,-0.332366,-0.184146,0.268167,0.014665
6.820000,0.531773,0.205315,-1.513999,-1.193911,0.842228,-0.331914,-0.137447,0.241351,0.030566
6.840000,0.507870,0.222206,-1.520630,-1.196193,0.846787,-0.331144,-0.090748,0.214534,0.046467
6.860000,0.483931,0.239183,-1.527242,-1.197541,0.850810,-0.330055,-0.044049,0.187717,0.062367
6.880000,0.459975,0.256235,-1.533830,-1.197955,0.854296,-0.328649,0.002650,0.160900,0.078268
6.900000,0.436019,0.273351,-1.540386,-1.197435,0.857246,-0.326925,0.049349,0.134084,0.094169
6.920000,0.412083,0.290521,-1.546905,-1.195981,0.859659,-0.324882,0.096048,0.107267,0.110069
6.940000,0.388186,0.307734,-1.553379,-1.193593,0.861536,-0.322522,0.142747,0.080450,0.125970
6.960000,0.364346,0.324979,-1.559804,-1.190271,0.862877,-0.319844,0.189446,0.053634,0.141871
6.980000,0.340582,0.342245,-1.566171,-1.186015,0.863682,-0.316847,0.236145,0.026817,0.157771
7.000000,0.316912,0.359522,-1.572475,-1.180825,0.863950,-0.313533,0.282844,0.000000,0.173672
7.020000,0.293355,0.376800,-1.578710,-1.174701,0.863682,-0.309900,0.329543,-0.026816,0.189573
7.040000,0.269930,0.394066,-1.584869,-1.167643,0.862877,-0.305950,0.376242,-0.053633,0.205473
7.060000,0.246655,0.411311,-1.590946,-1.159652,0.861536,-0.301681,0.422941,-0.080450,0.221374
7.080000,0.223550,0.428524,-1.596934,-1.150726,0.859659,-0.297095,0.469640,-0.107267,0.237275
7.100000,0.200632,0.445694,-1.602828,-1.140866,0.857246,-0.292190,0.516339,-0.134083,0.253175
7.120000,0.177921,0.462810,-1.608620,-1.130072,0.854296,-0.286968,0.563038,-0.160900,0.269076
7.140000,0.155436,0.479862,-1.614304,-1.118344,0.850810,-0.281427,0.609737,-0.187717,0.284976
7.160000,0.133194,0.496839,-1.619875,-1.105683,0.846787,-0.275569,0.656436,-0.214533,0.300877
7.180000,0.111215,0.513730,-1.625325,-1.092087,0.842228,-0.269392,0.703135,-0.241350,0.316778
7.200000,0.089517,0.530525,-1.630648,-1.077557,0.837133,-0.262898,0.749834,-0.268167,0.332678
7.220000,0.068119,0.547212,-1.635839,-1.062094,0.831502,-0.256085,0.796533,-0.294983,0.348579
7.240000,0.047039,0.563781,-1.640890,-1.045696,0.825334,-0.248954,0.843232,-0.321800,0.364480
7.260000,0.026297,0.580222,-1.645795,-1.028364,0.818630,-0.241506,0.889931,-0.348617,0.380380
7.280000,0.005911,0.596523,-1.650548,-1.010099,0.811389,-0.233739,0.936630,-0.375433,0.396281
7.300000,-0.014101,0.612674,-1.655142,-0.990899,0.803612,-0.225655,0.983329,-0.402250,0.412182
7.320000,-0.033719,0.628664,-1.659572,-0.970766,0.795299,-0.217252,1.030028,-0.429067,0.428082
7.340000,-0.052925,0.644482,-1.663830,-0.949698,0.786450,-0.208531,1.076727,-0.455884,0.443983
7.360000,-0.071701,0.660118,-1.667911,-0.927697,0.777064,-0.199493,1.123426,-0.482700,0.459884
7.380000,-0.090027,0.675561,-1.671808,-0.904761,0.767142,-0.190136,1.170125,-0.509517,0.475784
7.400000,-0.107885,0.690800,-1.675514,-0.880892,0.756683,-0.180461,1.216824,-0.536334,0.491685
7.420000,-0.125256,0.705825,-1.679024,-0.856088,0.745688,-0.170469,1.263523,-0.563150,0.507586
7.440000,-0.142122,0.720624,-1.682331,-0.830351,0.734157,-0.160158,1.310222,-0.589967,0.523486
7.460000,-0.158464,0.735187,-1.685428,-0.803679,0.722090,-0.149529,1.356921,-0.616784,0.539387
7.480000,-0.174263,0.749504,-1.688310,-0.776074,0.709486,-0.138582,1.403620,-0.643600,0.555287
7.500000,-0.189501,0.763563,-1.690970,-0.747534,0.696346,-0.127318,1.450319,-0.670417,0.571188
7.520000,-0.204158,0.777354,-1.693401,-0.718061,0.682669,-0.115735,1.497018,-0.697234,0.587089
7.540000,-0.218217,0.790867,-1.695597,-0.687654,0.668456,-0.103834,1.543717,-0.724051,0.602989
7.560000,-0.231658,0.804089,-1.697552,-0.656312,0.653707,-0.091615,1.590416,-0.750867,0.618890
7.580000,-0.244463,0.817011,-1.699259,-0.624037,0.638422,-0.079079,1.637115,-0.777684,0.634791
7.600000,-0.256613,0.829622,-1.700713,-0.590828,0.622600,-0.066224,1.683814,-0.804501,0.650691
7.620000,-0.268090,0.841912,-1.701906,-0.556685,0.606242,-0.053051,1.730513,-0.831317,0.666592
7.640000,-0.278875,0.853868,-1.702833,-0.521607,0.589347,-0.039560,1.777212,-0.858134,0.682493
7.660000,-0.288948,0.865482,-1.703486,-0.485596,0.571916,-0.025751,1.823911,-0.884951,0.698393
7.680000,-0.298292,0.876742,-1.703861,-0.448651,0.553949,-0.011624,1.870610,-0.911767,0.714294
7.700000,-0.306888,0.887636,-1.703949,-0.410772,0.535446,0.002821,1.917309,-0.938584,0.730195
7.720000,-0.314717,0.898156,-1.703746,-0.371959,0.516406,0.017583,1.964008,-0.965401,0.746095
7.740000,-0.321760,0.908289,-1.703244,-0.332211,0.496830,0.032664,2.010707,-0.992217,0.761996
7.760000,-0.327999,0.918025,-1.702437,-0.291530,0.476717,0.048063,2.057406,-1.019034,0.777897
7.780000,-0.333415,0.927354,-1.701319,-0.249915,0.456068,0.063780,2.104105,-1.045851,0.793797
7.800000,-0.337989,0.936265,-1.699884,-0.207366,0.434883,0.079815,2.150804,-1.072668,0.809698
7.820000,-0.341704,0.944746,-1.698124,-0.163883,0.413161,0.096168,2.197503,-1.099484,0.825598
7.840000,-0.344539,0.952787,-1.696035,-0.119466,0.390904,0.112839,2.244202,-1.126301,0.841499
7.860000,-0.346476,0.960378,-1.693609,-0.074115,0.368109,0.129828,2.290901,-1.153118,0.857400
7.880000,-0.347497,0.967508,-1.690840,-0.027830,0.344779,0.147135,2.337600,-1.179934,0.873300
7.900000,-0.347583,0.974166,-1.687721,0.019389,0.320912,0.164760,2.384299,-1.206751,0.889201
7.920000,-0.346715,0.980341,-1.684247,0.067542,0.296509,0.182703,2.430998,-1.233568,0.905102
7.940000,-0.344875,0.986023,-1.680411,0.116629,0.271569,0.200964,2.477697,-1.260384,0.921002
7.960000,-0.342044,0.991200,-1.676206,0.166650,0.246094,0.219543,2.524396,-1.287201,0.936903
7.980000,-0.338203,0.995863,-1.671627,0.217605,0.220081,0.238440,2.571095,-1.314018,0.952804
8.000000,-0.333333,1.000000,-1.666667,0.269494,0.193533,0.257655,2.617794,-1.340835,0.968704
8.020000,-0.327428,1.003607,-1.661327,0.320615,0.167396,0.275956,2.494302,-1.272830,0.861334
8.040000,-0.320525,1.006705,-1.655643,0.369266,0.142620,0.292109,2.370809,-1.204826,0.753963
8.060000,-0.312674,1.009321,-1.649657,0.415447,0.119203,0.306114,2.247317,-1.136821,0.646592
8.080000,-0.303924,1.011482,-1.643412,0.459158,0.097147,0.317972,2.123825,-1.068817,0.539221
8.100000,-0.294324,1.013216,-1.636952,0.500400,0.076450,0.327683,2.000333,-1.000813,0.431850
8.120000,-0.283924,1.014549,-1.630319,0.539172,0.057114,0.335246,1.876841,-0.932808,0.324480
8.140000,-0.272774,1.015509,-1.623557,0.575474,0.039138,0.340662,1.753348,-0.864804,0.217109
8.160000,-0.260922,1.016124,-1.616707,0.609306,0.022522,0.343931,1.629856,-0.796799,0.109738
8.180000,-0.248418,1.016419,-1.609814,0.640668,0.007266,0.345052,1.506364,-0.728795,0.002367
8.200000,-0.235312,1.016423,-1.602920,0.669560,-0.006630,0.344026,1.382872,-0.660791,-0.105004
8.220000,-0.221652,1.016163,-1.596067,0.695983,-0.019165,0.340852,1.259379,-0.592786,-0.212374
8.240000,-0.207489,1.015666,-1.589300,0.719935,-0.030341,0.335531,1.135887,-0.524782,-0.319745
8.260000,-0.192871,1.014959,-1.582660,0.741418,-0.040157,0.328062,1.012395,-0.456777,-0.427116
8.280000,-0.177848,1.014069,-1.576192,0.760431,-0.048612,0.318446,0.888903,-0.388773,-0.534487
8.300000,-0.162470,1.013023,-1.569937,0.776974,-0.055708,0.306682,0.765411,-0.320768,-0.641857
8.320000,-0.146786,1.011850,-1.563939,0.791048,-0.061443,0.292772,0.641918,-0.252764,-0.749228
8.340000,-0.130845,1.010575,-1.558240,0.802651,-0.065818,0.276713,0.518426,-0.184760,-0.856599
8.360000,-0.114696,1.009226,-1.552884,0.811785,-0.068833,0.258508,0.394934,-0.116755,-0.963970
8.380000,-0.098390,1.007830,-1.547914,0.818448,-0.070488,0.238155,0.271442,-0.048751,-1.071341
8.400000,-0.081975,1.006415,-1.543373,0.822642,-0.070783,0.215654,0.147950,0.019254,-1.178711
8.420000,-0.065501,1.005008,-1.539302,0.824366,-0.069718,0.191006,0.024457,0.087258,-1.286082
8.440000,-0.049017,1.003636,-1.535747,0.823621,-0.067293,0.164211,-0.099035,0.155262,-1.393453
8.460000,-0.032572,1.002325,-1.532748,0.820405,-0.063508,0.135268,-0.222527,0.223267,-1.500824
8.480000,-0.016217,1.001104,-1.530350,0.814720,-0.058362,0.104178,-0.346019,0.291271,-1.608194
8.500000,0.000000,1.000000,-1.528595,0.806564,-0.051857,0.070940,-0.469512,0.359276,-1.715565
8.520000,0.016037,0.999034,-1.527517,0.797066,-0.044854,0.037022,-0.480321,0.341054,-1.676297
8.540000,0.031881,0.998203,-1.527109,0.787351,-0.038215,0.003888,-0.491130,0.322832,-1.637029
8.560000,0.047529,0.997502,-1.527356,0.777421,-0.031940,-0.028460,-0.501940,0.304610,-1.597761
8.580000,0.062977,0.996923,-1.528243,0.767274,-0.026030,-0.060022,-0.512749,0.286389,-1.558492
8.600000,0.078219,0.996459,-1.529752,0.756911,-0.020485,-0.090799,-0.523559,0.268167,-1.519224
8.620000,0.093252,0.996102,-1.531869,0.746331,-0.015304,-0.120791,-0.534368,0.249945,-1.479956
8.640000,0.108071,0.995844,-1.534578,0.735536,-0.010487,-0.149998,-0.545178,0.231723,-1.440688
8.660000,0.122672,0.995680,-1.537864,0.724524,-0.006035,-0.178419,-0.555987,0.213502,-1.401420
8.680000,0.137050,0.995600,-1.541710,0.713297,-0.001947,-0.206054,-0.566797,0.195280,-1.362151
8.700000,0.151202,0.995599,-1.546101,0.701852,0.001776,-0.232905,-0.577606,0.177058,-1.322883
8.720000,0.165123,0.995669,-1.551021,0.690192,0.005135,-0.258970,-0.588415,0.158837,-1.283615
8.740000,0.178808,0.995802,-1.556454,0.678316,0.008130,-0.284249,-0.599225,0.140615,-1.244347
8.760000,0.192254,0.995992,-1.562386,0.666223,0.010760,-0.308744,-0.610034,0.122393,-1.205079
8.780000,0.205456,0.996230,-1.568799,0.653914,0.013026,-0.332452,-0.620844,0.104171,-1.165810
8.800000,0.218409,0.996510,-1.575679,0.641390,0.014927,-0.355376,-0.631653,0.085950,-1.126542
8.820000,0.231110,0.996825,-1.583009,0.628648,0.016464,-0.377514,-0.642463,0.067728,-1.087274
8.840000,0.243554,0.997167,-1.590774,0.615691,0.017636,-0.398867,-0.653272,0.049506,-1.048006
8.860000,0.255736,0.997528,-1.598958,0.602517,0.018444,-0.419434,-0.664082,0.031284,-1.008738
8.880000,0.267653,0.997902,-1.607546,0.589128,0.018887,-0.439216,-0.674891,0.013063,-0.969469
8.900000,0.279300,0.998281,-1.616522,0.575522,0.018966,-0.458213,-0.685701,-0.005159,-0.930201
8.920000,0.290672,0.998658,-1.625869,0.561700,0.018681,-0.476424,-0.696510,-0.023381,-0.890933
8.940000,0.301766,0.999026,-1.635573,0.547661,0.018031,-0.493850,-0.707319,-0.041602,-0.851665
8.960000,0.312577,0.999377,-1.645618,0.533407,0.017017,-0.510491,-0.718129,-0.059824,-0.812397
8.980000,0.323101,0.999704,-1.655988,0.518936,0.015638,-0.526346,-0.728938,-0.078046,-0.773128
9.000000,0.333333,1.000000,-1.666667,0.504249,0.013895,-0.541416,-0.739748,-0.096268,-0.733860
9.020000,0.343269,1.000259,-1.677640,0.489247,0.012019,-0.555814,-0.760469,-0.091385,-0.705917
9.040000,0.352900,1.000481,-1.688895,0.473831,0.010240,-0.569653,-0.781191,-0.086503,-0.677974
9.060000,0.362219,1.000669,-1.700422,0.458000,0.008558,-0.582933,-0.801913,-0.081620,-0.650031
9.080000,0.371218,1.000824,-1.712209,0.441754,0.006975,-0.595654,-0.822634,-0.076738,-0.622088
9.100000,0.379887,1.000949,-1.724245,0.425094,0.005489,-0.607816,-0.843356,-0.071855,-0.594145
9.120000,0.388219,1.001045,-1.736518,0.408020,0.004101,-0.619420,-0.864078,-0.066973,-0.566202
9.140000,0.396205,1.001114,-1.749018,0.390531,0.002810,-0.630465,-0.884799,-0.062090,-0.538259
9.160000,0.403837,1.001158,-1.761733,0.372628,0.001617,-0.640950,-0.905521,-0.057208,-0.510316
9.180000,0.411107,1.001179,-1.774652,0.354310,0.000522,-0.650877,-0.926243,-0.052325,-0.482373
9.200000,0.418007,1.001179,-1.787764,0.335578,-0.000476,-0.660245,-0.946964,-0.047443,-0.454430
9.220000,0.424528,1.001160,-1.801058,0.316432,-0.001376,-0.669054,-0.967686,-0.042560,-0.426487
9.240000,0.430661,1.001125,-1.814523,0.296871,-0.002178,-0.677305,-0.988407,-0.037678,-0.398544
9.260000,0.436400,1.001074,-1.828147,0.276895,-0.002883,-0.684996,-1.009129,-0.032795,-0.370601
9.280000,0.441734,1.001010,-1.841919,0.256506,-0.003490,-0.692129,-1.029851,-0.027913,-0.342658
9.300000,0.446657,1.000935,-1.855828,0.235701,-0.004000,-0.698703,-1.050572,-0.023030,-0.314715
9.320000,0.451160,1.000851,-1.869863,0.214483,-0.004411,-0.704717,-1.071294,-0.018148,-0.286772
9.340000,0.455234,1.000759,-1.884013,0.192850,-0.004726,-0.710173,-1.092016,-0.013265,-0.258829
9.360000,0.458871,1.000662,-1.898266,0.170802,-0.004942,-0.715071,-1.112737,-0.008383,-0.230886
9.380000,0.462063,1.000562,-1.912612,0.148340,-0.005061,-0.719409,-1.133459,-0.003500,-0.202943
9.400000,0.464802,1.000461,-1.927039,0.125464,-0.005082,-0.723188,-1.154181,0.001382,-0.175000
9.420000,0.467079,1.000360,-1.941536,0.102173,-0.005006,-0.726409,-1.174902,0.006265,-0.147057
9.440000,0.468886,1.000261,-1.956092,0.078468,-0.004831,-0.729071,-1.195624,0.011147,-0.119114
9.460000,0.470215,1.000167,-1.970695,0.054348,-0.004560,-0.731173,-1.216345,0.016030,-0.091171
9.480000,0.471057,1.000079,-1.985335,0.029814,-0.004190,-0.732717,-1.237067,0.020912,-0.063228
9.500000,0.471405,1.000000,-2.000000,0.004865,-0.003723,-0.733703,-1.257789,0.025795,-0.035285
9.520000,0.471251,0.999931,-2.014679,-0.020130,-0.003220,-0.734044,-1.241738,0.024487,0.001126
9.540000,0.470601,0.999871,-2.029357,-0.044804,-0.002744,-0.733658,-1.225687,0.023178,0.037538
9.560000,0.469461,0.999821,-2.044020,-0.069157,-0.002293,-0.732543,-1.209636,0.021870,0.073949
9.580000,0.467837,0.999779,-2.058654,-0.093190,-0.001869,-0.730700,-1.193585,0.020562,0.110361
9.600000,0.465736,0.999746,-2.073243,-0.116901,-0.001471,-0.728128,-1.177534,0.019254,0.146772
9.620000,0.463163,0.999720,-2.087774,-0.140291,-0.001099,-0.724829,-1.161483,0.017945,0.183184
9.640000,0.460126,0.999702,-2.102232,-0.163360,-0.000753,-0.720801,-1.145432,0.016637,0.219595
9.660000,0.456631,0.999690,-2.116601,-0.186108,-0.000433,-0.716045,-1.129381,0.015329,0.256007
9.680000,0.452684,0.999684,-2.130868,-0.208535,-0.000140,-0.710561,-1.113330,0.014020,0.292418
9.700000,0.448292,0.999684,-2.145019,-0.230642,0.000128,-0.704348,-1.097279,0.012712,0.328829
9.720000,0.443461,0.999689,-2.159038,-0.252427,0.000369,-0.697407,-1.081228,0.011404,0.365241
9.740000,0.438197,0.999699,-2.172910,-0.273891,0.000584,-0.689739,-1.065177,0.010096,0.401652
9.760000,0.432507,0.999712,-2.186622,-0.295034,0.000773,-0.681341,-1.049126,0.008787,0.438064
9.780000,0.426398,0.999729,-2.200159,-0.315856,0.000935,-0.672216,-1.033075,0.007479,0.474475
9.800000,0.419875,0.999749,-2.213506,-0.336357,0.001072,-0.662362,-1.017024,0.006171,0.510887
9.820000,0.412946,0.999772,-2.226649,-0.356537,0.001182,-0.651781,-1.000973,0.004863,0.547298
9.840000,0.405616,0.999797,-2.239572,-0.376396,0.001266,-0.640470,-0.984922,0.003554,0.583710
9.860000,0.397892,0.999823,-2.252263,-0.395934,0.001324,-0.628432,-0.968871,0.002246,0.620121
9.880000,0.389781,0.999849,-2.264705,-0.415150,0.001356,-0.615666,-0.952820,0.000938,0.656533
9.900000,0.381288,0.999877,-2.276884,-0.434046,0.001362,-0.602171,-0.936769,-0.000370,0.692944
9.920000,0.372421,0.999904,-2.288787,-0.452621,0.001341,-0.587948,-0.920718,-0.001679,0.729356
9.940000,0.363185,0.999930,-2.300397,-0.470875,0.001295,-0.572997,-0.904667,-0.002987,0.765767
9.960000,0.353588,0.999955,-2.311702,-0.488808,0.001222,-0.557317,-0.888616,-0.004295,0.802179
9.980000,0.343635,0.999979,-2.322685,-0.506420,0.001123,-0.540909,-0.872565,-0.005603,0.838590
10.000000,0.333333,1.000000,-2.333333,-0.523710,0.000998,-0.523773,-0.856514,-0.006912,0.875002
10.020000,0.322690,1.000019,-2.343633,-0.540499,0.000863,-0.506135,-0.822351,-0.006561,0.888865
10.040000,0.311718,1.000035,-2.353577,-0.556605,0.000735,-0.488219,-0.788189,-0.006211,0.902727
10.060000,0.300430,1.000048,-2.363160,-0.572027,0.000614,-0.470026,-0.754026,-0.005860,0.916590
10.080000,0.288841,1.000059,-2.372376,-0.586766,0.000501,-0.451555,-0.719863,-0.005510,0.930453
10.100000,0.276964,1.000068,-2.381220,-0.600821,0.000394,-0.432808,-0.685701,-0.005159,0.944315
10.120000,0.264813,1.000075,-2.389687,-0.614194,0.000294,-0.413783,-0.651538,-0.004808,0.958178
10.140000,0.252401,1.000080,-2.397770,-0.626883,0.000202,-0.394481,-0.617375,-0.004458,0.972041
10.160000,0.239742,1.000083,-2.405464,-0.638889,0.000116,-0.374901,-0.583212,-0.004107,0.985904
10.180000,0.226850,1.000085,-2.412764,-0.650211,0.000037,-0.355044,-0.549050,-0.003757,0.999766
10.200000,0.213738,1.000085,-2.419664,-0.660851,-0.000034,-0.334910,-0.514887,-0.003406,1.013629
10.220000,0.200421,1.000083,-2.426158,-0.670807,-0.000099,-0.314499,-0.480724,-0.003056,1.027492
10.240000,0.186911,1.000081,-2.432242,-0.680080,-0.000156,-0.293811,-0.446561,-0.002705,1.041354
10.260000,0.173222,1.000077,-2.437909,-0.688669,-0.000207,-0.272845,-0.412399,-0.002355,1.055217
10.280000,0.159369,1.000073,-2.443154,-0.696575,-0.000251,-0.251602,-0.378236,-0.002004,1.069080
10.300000,0.145364,1.000067,-2.447971,-0.703799,-0.000287,-0.230082,-0.344073,-0.001653,1.082943
10.320000,0.131221,1.000061,-2.452355,-0.710338,-0.000317,-0.208284,-0.309911,-0.001303,1.096805
10.340000,0.116955,1.000055,-2.456301,-0.716195,-0.000339,-0.186210,-0.275748,-0.000952,1.110668
10.360000,0.102578,1.000048,-2.459802,-0.721368,-0.000355,-0.163858,-0.241585,-0.000602,1.124531
10.380000,0.088105,1.000040,-2.462853,-0.725858,-0.000363,-0.141228,-0.207422,-0.000251,1.138393
10.400000,0.073548,1.000033,-2.465449,-0.729665,-0.000365,-0.118322,-0.173260,0.000099,1.152256
10.420000,0.058922,1.000026,-2.467584,-0.732789,-0.000359,-0.095138,-0.139097,0.000450,1.166119
10.440000,0.044241,1.000019,-2.469253,-0.735229,-0.000347,-0.071677,-0.104934,0.000800,1.179982
10.460000,0.029518,1.000012,-2.470449,-0.736986,-0.000327,-0.047939,-0.070771,0.001151,1.193844
10.480000,0.014766,1.000006,-2.471169,-0.738060,-0.000301,-0.023923,-0.036609,0.001501,1.207707
10.500000,-0.000000,1.000000,-2.471405,-0.738451,-0.000267,0.000369,-0.002446,0.001852,1.221570
10.520000,-0.014767,0.999995,-2.471154,-0.738152,-0.000231,0.024659,0.032304,0.001758,1.207352
10.540000,-0.029521,0.999991,-2.470420,-0.737158,-0.000197,0.048663,0.067054,0.001664,1.193135
10.560000,-0.044249,0.999987,-2.469209,-0.735470,-0.000165,0.072384,0.101803,0.001570,1.178918
10.580000,-0.058936,0.999984,-2.467527,-0.733086,-0.000134,0.095820,0.136553,0.001476,1.164700
10.600000,-0.073568,0.999982,-2.465378,-0.730008,-0.000106,0.118972,0.171303,0.001382,1.150483
10.620000,-0.088131,0.999980,-2.462770,-0.726234,-0.000079,0.141840,0.206053,0.001288,1.136266
10.640000,-0.102612,0.999979,-2.459707,-0.721766,-0.000054,0.164423,0.240802,0.001194,1.122048
10.660000,-0.116997,0.999978,-2.456195,-0.716602,-0.000031,0.186721,0.275552,0.001101,1.107831
10.680000,-0.131272,0.999977,-2.452240,-0.710743,-0.000010,0.208736,0.310302,0.001007,1.093614
10.700000,-0.145422,0.999977,-2.447847,-0.704190,0.000009,0.230466,0.345052,0.000913,1.079396
10.720000,-0.159435,0.999978,-2.443023,-0.696941,0.000026,0.251912,0.379801,0.000819,1.065179
10.740000,-0.173295,0.999978,-2.437772,-0.688998,0.000042,0.273073,0.414551,0.000725,1.050962
10.760000,-0.186990,0.999979,-2.432102,-0.680359,0.000055,0.293950,0.449301,0.000631,1.036744
10.780000,-0.200505,0.999981,-2.426016,-0.671026,0.000067,0.314543,0.484051,0.000537,1.022527
10.800000,-0.213827,0.999982,-2.419522,-0.660997,0.000077,0.334851,0.518801,0.000443,1.008310
10.820000,-0.226940,0.999984,-2.412624,-0.650274,0.000085,0.354875,0.553550,0.000349,0.994092
10.840000,-0.239833,0.999985,-2.405329,-0.638855,0.000091,0.374615,0.588300,0.000255,0.979875
10.860000,-0.252490,0.999987,-2.397642,-0.626742,0.000095,0.394070,0.623050,0.000161,0.965658
10.880000,-0.264898,0.999989,-2.389568,-0.613933,0.000097,0.413241,0.657800,0.000067,0.951440
10.900000,-0.277043,0.999991,-2.381114,-0.600430,0.000098,0.432128,0.692549,-0.000027,0.937223
10.920000,-0.288910,0.999993,-2.372285,-0.586231,0.000096,0.450730,0.727299,-0.000121,0.923006
10.940000,-0.300487,0.999995,-2.363086,-0.571338,0.000093,0.469048,0.762049,-0.000214,0.908788
10.960000,-0.311759,0.999997,-2.353525,-0.555749,0.000088,0.487082,0.796799,-0.000308,0.894571
10.980000,-0.322713,0.999998,-2.343605,-0.539466,0.000081,0.504831,0.831548,-0.000402,0.880354
11.000000,-0.333333,1.000000,-2.333333,-0.522487,0.000072,0.522296,0.866298,-0.000496,0.866136
11.020000,-0.343609,1.000001,-2.322716,-0.505019,0.000062,0.539272,0.880588,-0.000471,0.831498
11.040000,-0.353532,1.000002,-2.311767,-0.487264,0.000053,0.555556,0.894878,-0.000446,0.796859
11.060000,-0.363098,1.000003,-2.300499,-0.469223,0.000044,0.571147,0.909168,-0.000421,0.762221
11.080000,-0.372299,1.000004,-2.288926,-0.450897,0.000036,0.586045,0.923458,-0.000396,0.727583
11.100000,-0.381132,1.000005,-2.277062,-0.432285,0.000028,0.600250,0.937747,-0.000370,0.692944
11.120000,-0.389589,1.000005,-2.264920,-0.413387,0.000021,0.613762,0.952037,-0.000345,0.658306
11.140000,-0.397665,1.000006,-2.252516,-0.394204,0.000014,0.626582,0.966327,-0.000320,0.623668
11.160000,-0.405355,1.000006,-2.239862,-0.374734,0.000008,0.638709,0.980617,-0.000295,0.589029
11.180000,-0.412653,1.000006,-2.226972,-0.354979,0.000003,0.650143,0.994907,-0.000270,0.554391
11.200000,-0.419552,1.000006,-2.213861,-0.334938,-0.000002,0.660885,1.009197,-0.000245,0.519753
11.220000,-0.426048,1.000006,-2.200541,-0.314611,-0.000007,0.670933,1.023487,-0.000219,0.485114
11.240000,-0.432135,1.000006,-2.187028,-0.293999,-0.000011,0.680289,1.037777,-0.000194,0.450476
11.260000,-0.437806,1.000006,-2.173334,-0.273100,-0.000015,0.688952,1.052066,-0.000169,0.415837
11.280000,-0.443057,1.000005,-2.159474,-0.251916,-0.000018,0.696923,1.066356,-0.000144,0.381199
11.300000,-0.447881,1.000005,-2.145462,-0.230446,-0.000021,0.704200,1.080646,-0.000119,0.346561
11.320000,-0.452273,1.000004,-2.131311,-0.208690,-0.000023,0.710785,1.094936,-0.000094,0.311922
11.340000,-0.456227,1.000004,-2.117035,-0.186648,-0.000024,0.716677,1.109226,-0.000068,0.277284
11.360000,-0.459737,1.000003,-2.102649,-0.164321,-0.000025,0.721877,1.123516,-0.000043,0.242646
11.380000,-0.462798,1.000003,-2.088165,-0.141708,-0.000026,0.726383,1.137806,-0.000018,0.208007
11.400000,-0.465403,1.000002,-2.073598,-0.118809,-0.000026,0.730197,1.152095,0.000007,0.173369
11.420000,-0.467548,1.000002,-2.058962,-0.095624,-0.000026,0.733318,1.166385,0.000032,0.138730
11.440000,-0.469226,1.000001,-2.044270,-0.072153,-0.000025,0.735746,1.180675,0.000057,0.104092
11.460000,-0.470432,1.000001,-2.029536,-0.048397,-0.000024,0.737482,1.194965,0.000083,0.069454
11.480000,-0.471160,1.000000,-2.014775,-0.024355,-0.000022,0.738524,1.209255,0.000108,0.034815
11.500000,-0.471405,1.000000,-2.000000,-0.000027,-0.000019,0.738874,1.223545,0.000133,0.000177
11.520000,-0.471161,1.000000,-1.985225,0.024302,-0.000017,0.738531,1.209281,0.000126,-0.034504
11.540000,-0.470434,0.999999,-1.970463,0.048344,-0.000014,0.737494,1.195016,0.000119,-0.069185
11.560000,-0.469229,0.999999,-1.955730,0.072102,-0.000012,0.735764,1.180752,0.000113,-0.103866
11.580000,-0.467552,0.999999,-1.941037,0.095575,-0.000010,0.733339,1.166488,0.000106,-0.138546
11.600000,-0.465408,0.999999,-1.926401,0.118762,-0.000008,0.730222,1.152224,0.000099,-0.173227
11.620000,-0.462804,0.999999,-1.911833,0.141664,-0.000006,0.726410,1.137960,0.000093,-0.207908
11.640000,-0.459744,0.999998,-1.897349,0.164280,-0.000004,0.721905,1.123695,0.000086,-0.242589
11.660000,-0.456234,0.999998,-1.882962,0.186611,-0.000002,0.716707,1.109431,0.000079,-0.277270
11.680000,-0.452281,0.999998,-1.868685,0.208657,-0.000001,0.710815,1.095167,0.000072,-0.311951
11.700000,-0.447890,0.999998,-1.854534,0.230418,0.000001,0.704229,1.080903,0.000066,-0.346631
11.720000,-0.443066,0.999998,-1.840521,0.251893,0.000002,0.696949,1.066639,0.000059,-0.381312
11.740000,-0.437816,0.999998,-1.826660,0.273084,0.000003,0.688976,1.052374,0.000052,-0.415993
11.760000,-0.432145,0.999999,-1.812966,0.293988,0.000004,0.680310,1.038110,0.000045,-0.450674
11.780000,-0.426058,0.999999,-1.799453,0.314608,0.000005,0.670949,1.023846,0.000039,-0.485355
11.800000,-0.419562,0.999999,-1.786133,0.334942,0.000006,0.660895,1.009582,0.000032,-0.520036
11.820000,-0.412663,0.999999,-1.773021,0.354991,0.000006,0.650148,0.995317,0.000025,-0.554717
11.840000,-0.405365,0.999999,-1.760132,0.374755,0.000007,0.638707,0.981053,0.000018,-0.589397
11.860000,-0.397674,0.999999,-1.747478,0.394233,0.000007,0.626572,0.966789,0.000012,-0.624078
11.880000,-0.389597,0.999999,-1.735073,0.413427,0.000007,0.613744,0.952525,0.000005,-0.658759
11.900000,-0.381139,0.999999,-1.722933,0.432334,0.000007,0.600222,0.938261,-0.000002,-0.693440
11.920000,-0.372306,1.000000,-1.711069,0.450957,0.000007,0.586006,0.923996,-0.000009,-0.728121
11.940000,-0.363103,1.000000,-1.699497,0.469294,0.000007,0.571097,0.909732,-0.000015,-0.762802
11.960000,-0.353536,1.000000,-1.688230,0.487346,0.000006,0.555494,0.895468,-0.000022,-0.797483
11.980000,-0.343611,1.000000,-1.677282,0.505113,0.000006,0.539197,0.881204,-0.000029,-0.832163
12.000000,-0.333333,1.000000,-1.666667,0.522594,0.000005,0.522207,0.866940,-0.000036,-0.866844
12.020000,-0.322710,1.000000,-1.656397,0.539584,0.000004,0.504730,0.832062,-0.000034,-0.880934
12.040000,-0.311755,1.000000,-1.646479,0.555877,0.000004,0.486970,0.797183,-0.000032,-0.895024
12.060000,-0.300480,1.000000,-1.636920,0.571472,0.000003,0.468929,0.762305,-0.000030,-0.909114
12.080000,-0.288900,1.000000,-1.627724,0.586369,0.000003,0.450605,0.727427,-0.000028,-0.923204
12.100000,-0.277030,1.000000,-1.618898,0.600569,0.000002,0.432000,0.692549,-0.000027,-0.937294
12.120000,-0.264882,1.000000,-1.610446,0.614071,0.000002,0.413114,0.657671,-0.000025,-0.951384
12.140000,-0.252472,1.000000,-1.602375,0.626876,0.000001,0.393945,0.622793,-0.000023,-0.965473
12.160000,-0.239812,1.000000,-1.594690,0.638983,0.000001,0.374495,0.587915,-0.000021,-0.979563
12.180000,-0.226917,1.000000,-1.587397,0.650392,0.000000,0.354763,0.553037,-0.000019,-0.993653
12.200000,-0.213801,1.000000,-1.580501,0.661104,-0.000000,0.334749,0.518159,-0.000018,-1.007743
12.220000,-0.200477,1.000000,-1.574009,0.671119,-0.000001,0.314453,0.483281,-0.000016,-1.021833
12.240000,-0.186961,1.000000,-1.567925,0.680435,-0.000001,0.293875,0.448403,-0.000014,-1.035923
12.260000,-0.173265,1.000000,-1.562256,0.689055,-0.000001,0.273016,0.413525,-0.000012,-1.050013
12.280000,-0.159403,1.000000,-1.557006,0.696976,-0.000001,0.251875,0.378647,-0.000010,-1.064103
12.300000,-0.145390,1.000000,-1.552183,0.704201,-0.000001,0.230452,0.343769,-0.000009,-1.078193
12.320000,-0.131240,1.000000,-1.547790,0.710727,-0.000002,0.208747,0.308891,-0.000007,-1.092282
12.340000,-0.116966,1.000000,-1.543835,0.716556,-0.000002,0.186761,0.274013,-0.000005,-1.106372
12.360000,-0.102582,1.000000,-1.540322,0.721688,-0.000002,0.164492,0.239135,-0.000003,-1.120462
12.380000,-0.088103,1.000000,-1.537257,0.726122,-0.000002,0.141942,0.204257,-0.000001,-1.134552
12.400000,-0.073542,1.000000,-1.534646,0.729858,-0.000002,0.119110,0.169379,0.000001,-1.148642
12.420000,-0.058913,1.000000,-1.532494,0.732897,-0.000002,0.095996,0.134501,0.000002,-1.162732
12.440000,-0.044231,1.000000,-1.530808,0.735238,-0.000002,0.072601,0.099623,0.000004,-1.176822
12.460000,-0.029508,1.000000,-1.529592,0.736882,-0.000002,0.048924,0.064745,0.000006,-1.190912
12.480000,-0.014760,1.000000,-1.528853,0.737828,-0.000002,0.024964,0.029866,0.000008,-1.205002
12.500000,0.000000,1.000000,-1.528595,0.738076,-0.000001,0.000723,-0.005012,0.000010,-1.219091
12.520000,0.014758,1.000000,-1.528824,0.737639,-0.000001,-0.023524,-0.038687,0.000009,-1.205696
12.540000,0.029501,1.000000,-1.529535,0.736529,-0.000001,-0.047504,-0.072362,0.000009,-1.192301
12.560000,0.044215,1.000000,-1.530722,0.734745,-0.000001,-0.071216,-0.106037,0.000008,-1.178905
12.580000,0.058886,1.000000,-1.532382,0.732287,-0.000001,-0.094661,-0.139713,0.000008,-1.165510
12.600000,0.073502,1.000000,-1.534507,0.729156,-0.000001,-0.117837,-0.173388,0.000007,-1.152115
12.620000,0.088048,1.000000,-1.537093,0.725352,-0.000000,-0.140745,-0.207063,0.000007,-1.138719
12.640000,0.102512,1.000000,-1.540135,0.720874,-0.000000,-0.163386,-0.240738,0.000006,-1.125324
12.660000,0.116879,1.000000,-1.543627,0.715722,-0.000000,-0.185758,-0.274414,0.000006,-1.111928
12.680000,0.131136,1.000000,-1.547564,0.709897,-0.000000,-0.207863,-0.308089,0.000005,-1.098533
12.700000,0.145270,1.000000,-1.551940,0.703399,0.000000,-0.229699,-0.341764,0.000005,-1.085138
12.720000,0.159267,1.000000,-1.556750,0.696227,0.000000,-0.251268,-0.375440,0.000004,-1.071742
12.740000,0.173115,1.000000,-1.561989,0.688381,0.000000,-0.272569,-0.409115,0.000004,-1.058347
12.760000,0.186798,1.000000,-1.567651,0.679862,0.000000,-0.293602,-0.442790,0.000003,-1.044951
12.780000,0.200305,1.000000,-1.573731,0.670670,0.000000,-0.314367,-0.476465,0.000003,-1.031556
12.800000,0.213620,1.000000,-1.580224,0.660804,0.000000,-0.334864,-0.510141,0.000002,-1.018161
12.820000,0.226732,1.000000,-1.587124,0.650264,0.000000,-0.355094,-0.543816,0.000002,-1.004765
12.840000,0.239627,1.000000,-1.594426,0.639051,0.000000,-0.375055,-0.577491,0.000001,-0.991370
12.860000,0.252290,1.000000,-1.602124,0.627164,0.000000,-0.394748,-0.611166,0.000001,-0.977975
12.880000,0.264709,1.000000,-1.610214,0.614604,0.000001,-0.414174,-0.644842,0.000000,-0.964579
12.900000,0.276869,1.000000,-1.618689,0.601371,0.000001,-0.433332,-0.678517,-0.000000,-0.951184
12.920000,0.288759,1.000000,-1.627545,0.587464,0.000000,-0.452221,-0.712192,-0.000001,-0.937788
12.940000,0.300364,1.000000,-1.636776,0.572883,0.000000,-0.470843,-0.745867,-0.000001,-0.924393
12.960000,0.311670,1.000000,-1.646377,0.557629,0.000000,-0.489197,-0.779543,-0.000002,-0.910998
12.980000,0.322664,1.000000,-1.656342,0.541701,0.000000,-0.507283,-0.813218,-0.000002,-0.897602
13.000000,0.333333,1.000000,-1.666667,0.525100,0.000000,-0.525101,-0.846893,-0.000003,-0.884207
13.020000,0.343665,1.000000,-1.677343,0.507984,0.000000,-0.542404,-0.864766,-0.000002,-0.846054
13.040000,0.353650,1.000000,-1.688358,0.490510,0.000000,-0.558943,-0.882638,-0.000002,-0.807900
13.060000,0.363283,1.000000,-1.699696,0.472678,0.000000,-0.574720,-0.900511,-0.000002,-0.769747
13.080000,0.372555,1.000000,-1.711341,0.454489,0.000000,-0.589733,-0.918383,-0.000002,-0.731593
13.100000,0.381460,1.000000,-1.723280,0.435943,0.000000,-0.603983,-0.936256,-0.000002,-0.693440
13.120000,0.389990,1.000000,-1.735496,0.417039,0.000000,-0.617471,-0.954129,-0.000002,-0.655287
13.140000,0.398139,1.000000,-1.747974,0.397778,0.000000,-0.630195,-0.972001,-0.000002,-0.617133
13.160000,0.405899,1.000000,-1.760698,0.378159,0.000000,-0.642156,-0.989874,-0.000002,-0.578980
13.180000,0.413263,1.000000,-1.773655,0.358183,0.000000,-0.653354,-1.007746,-0.000001,-0.540826
13.200000,0.420224,1.000000,-1.786827,0.337849,-0.000000,-0.663789,-1.025619,-0.000001,-0.502673
13.220000,0.426775,1.000000,-1.800201,0.317158,-0.000000,-0.673461,-1.043491,-0.000001,-0.464520
13.240000,0.432908,1.000000,-1.813761,0.296109,-0.000000,-0.682370,-1.061364,-0.000001,-0.426366
13.260000,0.438617,1.000000,-1.827491,0.274703,-0.000000,-0.690516,-1.079236,-0.000001,-0.388213
13.280000,0.443894,1.000000,-1.841376,0.252940,-0.000000,-0.697898,-1.097109,-0.000001,-0.350060
13.300000,0.448732,1.000000,-1.855402,0.230819,-0.000000,-0.704518,-1.114981,-0.000001,-0.311906
13.320000,0.453124,1.000000,-1.869552,0.208341,-0.000000,-0.710375,-1.132854,-0.000000,-0.273753
13.340000,0.457063,1.000000,-1.883812,0.185505,-0.000000,-0.715468,-1.150727,-0.000000,-0.235599
13.360000,0.460542,1.000000,-1.898166,0.162312,-0.000000,-0.719799,-1.168599,-0.000000,-0.197446
13.380000,0.463553,1.000000,-1.912599,0.138761,-0.000000,-0.723366,-1.186472,-0.000000,-0.159293
13.400000,0.466090,1.000000,-1.927095,0.114853,-0.000000,-0.726170,-1.204344,0.000000,-0.121139
13.420000,0.468145,1.000000,-1.941640,0.090587,-0.000000,-0.728212,-1.222217,0.000000,-0.082986
13.440000,0.469711,1.000000,-1.956219,0.065964,-0.000000,-0.729490,-1.240089,0.000000,-0.044832
13.460000,0.470781,1.000000,-1.970815,0.040983,-0.000000,-0.730005,-1.257962,0.000000,-0.006679
13.480000,0.471348,1.000000,-1.985414,0.015646,-0.000000,-0.729757,-1.275834,0.000001,0.031474
13.500000,0.471405,1.000000,-2.000000,-0.010050,-0.000000,-0.728746,-1.293707,0.000001,0.069628
13.520000,0.470947,1.000000,-2.014560,-0.035649,-0.000000,-0.727139,-1.266187,0.000001,0.091070
13.540000,0.469982,1.000000,-2.029083,-0.060697,-0.000000,-0.725103,-1.238666,0.000001,0.112513
13.560000,0.468522,1.000000,-2.043561,-0.085195,-0.000000,-0.722638,-1.211146,0.000001,0.133956
13.580000,0.466578,1.000000,-2.057985,-0.109143,-0.000000,-0.719745,-1.183625,0.000001,0.155399
13.600000,0.464160,1.000000,-2.072348,-0.132540,-0.000000,-0.716423,-1.156105,0.000001,0.176841
13.620000,0.461280,1.000000,-2.086639,-0.155387,-0.000000,-0.712671,-1.128584,0.000000,0.198284
13.640000,0.457949,1.000000,-2.100852,-0.177684,-0.000000,-0.708491,-1.101064,0.000000,0.219727
13.660000,0.454176,1.000000,-2.114976,-0.199430,-0.000000,-0.703882,-1.073543,0.000000,0.241170
13.680000,0.449975,1.000000,-2.129004,-0.220626,-0.000000,-0.698844,-1.046023,0.000000,0.262612
13.700000,0.445355,1.000000,-2.142927,-0.241271,0.000000,-0.693378,-1.018503,0.000000,0.284055
13.720000,0.440328,1.000000,-2.156736,-0.261366,0.000000,-0.687482,-0.990982,0.000000,0.305498
13.740000,0.434904,1.000000,-2.170424,-0.280910,0.000000,-0.681158,-0.963462,0.000000,0.326941
13.760000,0.429095,1.000000,-2.183980,-0.299904,0.000000,-0.674405,-0.935941,0.000000,0.348383
13.780000,0.422912,1.000000,-2.197397,-0.318348,0.000000,-0.667222,-0.908421,0.000000,0.369826
13.800000,0.416365,1.000000,-2.210666,-0.336241,0.000000,-0.659611,-0.880900,0.000000,0.391269
13.820000,0.409466,1.000000,-2.223778,-0.353584,0.000000,-0.651572,-0.853380,0.000000,0.412712
13.840000,0.402225,1.000000,-2.236726,-0.370376,0.000000,-0.643103,-0.825859,0.000000,0.434154
13.860000,0.394654,1.000000,-2.249500,-0.386618,0.000000,-0.634206,-0.798339,0.000000,0.455597
13.880000,0.386764,1.000000,-2.262091,-0.402310,0.000000,-0.624879,-0.770819,0.000000,0.477040
13.900000,0.378566,1.000000,-2.274492,-0.417451,0.000000,-0.615124,-0.743298,-0.000000,0.498483
13.920000,0.370070,1.000000,-2.286693,-0.432042,0.000000,-0.604940,-0.715778,-0.000000,0.519925
13.940000,0.361288,1.000000,-2.298687,-0.446082,0.000000,-0.594327,-0.688257,-0.000000,0.541368
13.960000,0.352230,1.000000,-2.310464,-0.459572,0.000000,-0.583285,-0.660737,-0.000000,0.562811
13.980000,0.342908,1.000000,-2.322015,-0.472511,0.000000,-0.571814,-0.633216,-0.000000,0.584254
14.000000,0.333333,1.000000,-2.333333,-0.484901,0.000000,-0.559915,-0.605696,-0.000000,0.605696
14.020000,0.323513,1.000000,-2.344406,-0.497160,0.000000,-0.547166,-0.620260,-0.000000,0.669224
14.040000,0.313445,1.000000,-2.355211,-0.509711,0.000000,-0.533146,-0.634824,-0.000000,0.732751
14.060000,0.303123,1.000000,-2.365724,-0.522553,0.000000,-0.517856,-0.649388,-0.000000,0.796278
14.080000,0.292541,1.000000,-2.375917,-0.535687,0.000000,-0.501295,-0.663953,-0.000000,0.859805
14.100000,0.281693,1.000000,-2.385767,-0.549111,0.000000,-0.483464,-0.678517,-0.000000,0.923333
14.120000,0.270575,1.000000,-2.395247,-0.562827,0.000000,-0.464362,-0.693081,-0.000000,0.986860
14.140000,0.259178,1.000000,-2.404333,-0.576834,0.000000,-0.443989,-0.707645,-0.000000,1.050387
14.160000,0.247499,1.000000,-2.412998,-0.591133,0.000000,-0.422346,-0.722210,-0.000000,1.113915
14.180000,0.235531,1.000000,-2.421218,-0.605723,0.000000,-0.399433,-0.736774,-0.000000,1.177442
14.200000,0.223268,1.000000,-2.428967,-0.620604,-0.000000,-0.375248,-0.751338,-0.000000,1.240969
14.220000,0.210705,1.000000,-2.436220,-0.635776,-0.000000,-0.349794,-0.765902,-0.000000,1.304497
14.240000,0.197835,1.000000,-2.442951,-0.651240,-0.000000,-0.323069,-0.780466,-0.000000,1.368024
14.260000,0.184653,1.000000,-2.449134,-0.666995,-0.000000,-0.295073,-0.795031,-0.000000,1.431551
14.280000,0.171154,1.000000,-2.454745,-0.683041,-0.000000,-0.265807,-0.809595,-0.000000,1.495078
14.300000,0.157330,1.000000,-2.459758,-0.699379,-0.000000,-0.235270,-0.824159,-0.000000,1.558606
14.320000,0.143177,1.000000,-2.464147,-0.716008,-0.000000,-0.203462,-0.838723,-0.000000,1.622133
14.340000,0.128688,1.000000,-2.467888,-0.732928,-0.000000,-0.170384,-0.853287,-0.000000,1.685660
14.360000,0.113857,1.000000,-2.470954,-0.750139,-0.000000,-0.136036,-0.867852,-0.000000,1.749188
14.380000,0.098680,1.000000,-2.473321,-0.767642,-0.000000,-0.100417,-0.882416,-0.000000,1.812715
14.400000,0.083150,1.000000,-2.474962,-0.785436,-0.000000,-0.063527,-0.896980,0.000000,1.876242
14.420000,0.067261,1.000000,-2.475853,-0.803521,-0.000000,-0.025367,-0.911544,0.000000,1.939769
14.440000,0.051007,1.000000,-2.475969,-0.821898,-0.000000,0.014063,-0.926109,0.000000,2.003297
14.460000,0.034383,1.000000,-2.475282,-0.840565,-0.000000,0.054765,-0.940673,0.000000,2.066824
14.480000,0.017383,1.000000,-2.473770,-0.859524,-0.000000,0.096736,-0.955237,0.000000,2.130351
14.500000,-0.000000,1.000000,-2.471405,-0.878775,-0.000000,0.139979,-0.969801,0.000000,2.193879
14.520000,-0.017755,1.000000,-2.468179,-0.895989,-0.000000,0.181877,-0.751613,0.000000,1.995972
14.540000,-0.035810,1.000000,-2.464156,-0.908839,-0.000000,0.219818,-0.533425,0.000000,1.798065
14.560000,-0.054079,1.000000,-2.459413,-0.917326,-0.000000,0.253800,-0.315237,0.000000,1.600158
14.580000,-0.072474,1.000000,-2.454030,-0.921449,-0.000000,0.283824,-0.097049,0.000000,1.402251
14.600000,-0.090908,1.000000,-2.448086,-0.921208,-0.000000,0.309890,0.121139,0.000000,1.204344
14.620000,-0.109294,1.000000,-2.441661,-0.916603,-0.000000,0.331998,0.339327,0.000000,1.006437
14.640000,-0.127543,1.000000,-2.434833,-0.907635,-0.000000,0.350147,0.557515,0.000000,0.808530
14.660000,-0.145570,1.000000,-2.427681,-0.894303,-0.000000,0.364339,0.775703,0.000000,0.610623
14.680000,-0.163286,1.000000,-2.420286,-0.876607,0.000000,0.374572,0.993891,0.000000,0.412717
14.700000,-0.180605,1.000000,-2.412725,-0.854547,0.000000,0.380848,1.212080,0.000000,0.214810
14.720000,-0.197439,1.000000,-2.405078,-0.828124,0.000000,0.383165,1.430268,0.000000,0.016903
14.740000,-0.213701,1.000000,-2.397425,-0.797336,0.000000,0.381524,1.648456,0.000000,-0.181004
14.760000,-0.229303,1.000000,-2.389844,-0.762185,0.000000,0.375925,1.866644,0.000000,-0.378911
14.780000,-0.244159,1.000000,-2.382414,-0.722671,0.000000,0.366367,2.084832,0.000000,-0.576818
14.800000,-0.258181,1.000000,-2.375215,-0.678792,0.000000,0.352852,2.303020,0.000000,-0.774725
14.820000,-0.271282,1.000000,-2.368327,-0.630550,0.000000,0.335378,2.521208,0.000000,-0.972632
14.840000,-0.283374,1.000000,-2.361827,-0.577944,0.000000,0.313947,2.739396,-0.000000,-1.170538
14.860000,-0.294371,1.000000,-2.355795,-0.520974,0.000000,0.288557,2.957584,-0.000000,-1.368445
14.880000,-0.304184,1.000000,-2.350311,-0.459640,0.000000,0.259209,3.175772,-0.000000,-1.566352
14.900000,-0.312727,1.000000,-2.345453,-0.393943,0.000000,0.225903,3.393960,-0.000000,-1.764259
14.920000,-0.319913,1.000000,-2.341301,-0.323882,0.000000,0.188638,3.612148,-0.000000,-1.962166
14.940000,-0.325653,1.000000,-2.337934,-0.249457,0.000000,0.147416,3.830336,-0.000000,-2.160073
14.960000,-0.329862,1.000000,-2.335431,-0.170669,0.000000,0.102235,4.048524,-0.000000,-2.357980
14.980000,-0.332451,1.000000,-2.333871,-0.087516,0.000000,0.053097,4.266713,-0.000000,-2.555887
