0.000000,0.000000,0.000000,0.000000,0.000000,0.000000,0.000000,6.127407,-1.286755,-12.032574
0.020000,0.001211,-0.000254,-0.002378,0.120372,-0.025278,-0.236378,5.909762,-1.241050,-11.605179
0.040000,0.004786,-0.001005,-0.009398,0.236390,-0.049642,-0.464207,5.692118,-1.195345,-11.177784
0.060000,0.010638,-0.002234,-0.020889,0.348056,-0.073092,-0.683489,5.474473,-1.149639,-10.750389
0.080000,0.018679,-0.003923,-0.036681,0.455369,-0.095628,-0.894223,5.256829,-1.103934,-10.322994
0.100000,0.028823,-0.006053,-0.056601,0.558330,-0.117249,-1.096409,5.039185,-1.058229,-9.895600
0.120000,0.040983,-0.008606,-0.080480,0.656937,-0.137957,-1.290047,4.821540,-1.012523,-9.468205
0.140000,0.055072,-0.011565,-0.108146,0.751191,-0.157750,-1.475137,4.603896,-0.966818,-9.040810
0.160000,0.071002,-0.014910,-0.139429,0.841093,-0.176629,-1.651679,4.386251,-0.921113,-8.613415
0.180000,0.088686,-0.018624,-0.174156,0.926641,-0.194595,-1.819673,4.168607,-0.875407,-8.186020
0.200000,0.108039,-0.022688,-0.212158,1.007837,-0.211646,-1.979120,3.950963,-0.829702,-7.758625
0.220000,0.128971,-0.027084,-0.253264,1.084680,-0.227783,-2.130018,3.733318,-0.783997,-7.331231
0.240000,0.151397,-0.031793,-0.297302,1.157170,-0.243006,-2.272369,3.515674,-0.738292,-6.903836
0.260000,0.175229,-0.036798,-0.344102,1.225307,-0.257314,-2.406172,3.298029,-0.692586,-6.476441
0.280000,0.200380,-0.042080,-0.393492,1.289091,-0.270709,-2.531427,3.080385,-0.646881,-6.049046
0.300000,0.226763,-0.047620,-0.445302,1.348522,-0.283190,-2.648134,2.862741,-0.601176,-5.621651
0.320000,0.254292,-0.053401,-0.499360,1.403600,-0.294756,-2.756293,2.645096,-0.555470,-5.194257
0.340000,0.282878,-0.059404,-0.555497,1.454326,-0.305408,-2.855904,2.427452,-0.509765,-4.766862
0.360000,0.312436,-0.065612,-0.613540,1.500699,-0.315147,-2.946967,2.209807,-0.464060,-4.339467
0.380000,0.342877,-0.072004,-0.673318,1.542718,-0.323971,-3.029483,1.992163,-0.418354,-3.912072
0.400000,0.374116,-0.078564,-0.734662,1.580385,-0.331881,-3.103450,1.774519,-0.372649,-3.484677
0.420000,0.406064,-0.085273,-0.797399,1.613699,-0.338877,-3.168870,1.556874,-0.326944,-3.057282
0.440000,0.438634,-0.092113,-0.861360,1.642660,-0.344959,-3.225741,1.339230,-0.281238,-2.629888
0.460000,0.471741,-0.099066,-0.926372,1.667268,-0.350126,-3.274065,1.121585,-0.235533,-2.202493
0.480000,0.505296,-0.106112,-0.992265,1.687523,-0.354380,-3.313841,0.903941,-0.189828,-1.775098
0.500000,0.539213,-0.113235,-1.058869,1.703426,-0.357719,-3.345069,0.686297,-0.144122,-1.347703
0.520000,0.573404,-0.120415,-1.126011,1.714975,-0.360145,-3.367749,0.468652,-0.098417,-0.920308
0.540000,0.607783,-0.127634,-1.193522,1.722172,-0.361656,-3.381882,0.251008,-0.052712,-0.492914
0.560000,0.642262,-0.134875,-1.261229,1.725016,-0.362253,-3.387466,0.033364,-0.007006,-0.065519
0.580000,0.676755,-0.142118,-1.328963,1.723506,-0.361936,-3.384502,-0.184281,0.038699,0.361876
0.600000,0.711173,-0.149346,-1.396553,1.717644,-0.360705,-3.372991,-0.401925,0.084404,0.789271
0.620000,0.745431,-0.156541,-1.463826,1.707429,-0.358560,-3.352931,-0.619570,0.130110,1.216666
0.640000,0.779441,-0.163683,-1.530613,1.692862,-0.355501,-3.324324,-0.837214,0.175815,1.644061
0.660000,0.813117,-0.170755,-1.596742,1.673941,-0.351528,-3.287169,-1.054858,0.221520,2.071455
0.680000,0.846370,-0.177738,-1.662043,1.650667,-0.346640,-3.241466,-1.272503,0.267226,2.498850
0.700000,0.879114,-0.184614,-1.726344,1.623041,-0.340839,-3.187215,-1.490147,0.312931,2.926245
0.720000,0.911263,-0.191365,-1.789474,1.591061,-0.334123,-3.124416,-1.707792,0.358636,3.353640
0.740000,0.942728,-0.197973,-1.851263,1.554729,-0.326493,-3.053069,-1.925436,0.404342,3.781035
0.760000,0.973423,-0.204419,-1.911540,1.514044,-0.317949,-2.973175,-2.143080,0.450047,4.208429
0.780000,1.003261,-0.210685,-1.970133,1.469006,-0.308491,-2.884732,-2.360725,0.495752,4.635824
0.800000,1.032154,-0.216752,-2.026872,1.419615,-0.298119,-2.787742,-2.578369,0.541458,5.063219
0.820000,1.060016,-0.222603,-2.081586,1.365871,-0.286833,-2.682204,-2.796014,0.587163,5.490614
0.840000,1.086760,-0.228220,-2.134103,1.307774,-0.274633,-2.568117,-3.013658,0.632868,5.918009
0.860000,1.112298,-0.233583,-2.184254,1.245325,-0.261518,-2.445483,-3.231302,0.678574,6.345403
0.880000,1.136544,-0.238674,-2.231866,1.178522,-0.247490,-2.314301,-3.448947,0.724279,6.772798
0.900000,1.159410,-0.243476,-2.276769,1.107367,-0.232547,-2.174571,-3.666591,0.769984,7.200193
0.920000,1.180809,-0.247970,-2.318792,1.031859,-0.216690,-2.026293,-3.884236,0.815690,7.627588
0.940000,1.200655,-0.252138,-2.357764,0.951997,-0.199919,-1.869468,-4.101880,0.861395,8.054983
0.960000,1.218860,-0.255961,-2.393513,0.867783,-0.182235,-1.704094,-4.319524,0.907100,8.482378
0.980000,1.235338,-0.259421,-2.425870,0.779217,-0.163635,-1.530173,-4.537169,0.952806,8.909772
1.000000,1.250000,-0.262500,-2.454663,0.686297,-0.144122,-1.347703,-4.754813,0.998511,9.337167
1.020000,1.262791,-0.265186,-2.479782,0.593612,-0.124658,-1.165695,-4.513658,0.947868,8.863605
1.040000,1.273777,-0.267493,-2.501354,0.505750,-0.106208,-0.993159,-4.272503,0.897226,8.390042
1.060000,1.283053,-0.269441,-2.519571,0.422712,-0.088769,-0.830094,-4.031348,0.846583,7.916480
1.080000,1.290717,-0.271051,-2.534621,0.344496,-0.072344,-0.676500,-3.790193,0.795940,7.442917
1.100000,1.296865,-0.272342,-2.546694,0.271104,-0.056932,-0.532377,-3.549037,0.745298,6.969355
1.120000,1.301594,-0.273335,-2.555979,0.202535,-0.042532,-0.397726,-3.307882,0.694655,6.495792
1.140000,1.304999,-0.274050,-2.562666,0.138789,-0.029146,-0.272545,-3.066727,0.644013,6.022230
1.160000,1.307177,-0.274507,-2.566944,0.079866,-0.016772,-0.156836,-2.825572,0.593370,5.548667
1.180000,1.308226,-0.274727,-2.569003,0.025766,-0.005411,-0.050599,-2.584417,0.542727,5.075104
1.200000,1.308240,-0.274730,-2.569031,-0.023511,0.004937,0.046168,-2.343261,0.492085,4.601542
1.220000,1.307317,-0.274537,-2.567219,-0.067964,0.014273,0.133463,-2.102106,0.441442,4.127979
1.240000,1.305554,-0.274166,-2.563756,-0.107595,0.022595,0.211287,-1.860951,0.390800,3.654417
1.260000,1.303046,-0.273640,-2.558831,-0.142403,0.029905,0.279640,-1.619796,0.340157,3.180854
1.280000,1.299890,-0.272977,-2.552634,-0.172387,0.036201,0.338521,-1.378641,0.289514,2.707292
1.300000,1.296182,-0.272198,-2.545353,-0.197548,0.041485,0.387931,-1.137486,0.238872,2.233729
1.320000,1.292020,-0.271324,-2.537180,-0.217886,0.045756,0.427870,-0.896330,0.188229,1.760167
1.340000,1.287499,-0.270375,-2.528302,-0.233401,0.049014,0.458338,-0.655175,0.137587,1.286604
1.360000,1.282716,-0.269370,-2.518909,-0.244093,0.051260,0.479334,-0.414020,0.086944,0.813042
1.380000,1.277767,-0.268331,-2.509191,-0.249962,0.052492,0.490860,-0.172865,0.036301,0.339479
1.400000,1.272750,-0.267277,-2.499338,-0.251008,0.052712,0.492914,0.068290,-0.014341,-0.134083
1.420000,1.267759,-0.266229,-2.489538,-0.247231,0.051918,0.485496,0.309445,-0.064984,-0.607646
1.440000,1.262893,-0.265207,-2.479981,-0.238630,0.050112,0.468608,0.550601,-0.115626,-1.081208
1.460000,1.258246,-0.264232,-2.470857,-0.225207,0.047293,0.442248,0.791756,-0.166269,-1.554771
1.480000,1.253917,-0.263322,-2.462354,-0.206960,0.043462,0.406417,1.032911,-0.216912,-2.028333
1.500000,1.250000,-0.262500,-2.454663,-0.183890,0.038617,0.361115,1.274066,-0.267554,-2.501896
1.520000,1.246573,-0.261780,-2.447933,-0.159055,0.033401,0.312346,1.209445,-0.253984,-2.375003
1.540000,1.243629,-0.261162,-2.442153,-0.135512,0.028457,0.266114,1.144825,-0.240413,-2.248111
1.560000,1.241144,-0.260640,-2.437271,-0.113262,0.023785,0.222421,1.080204,-0.226843,-2.121218
1.580000,1.239090,-0.260209,-2.433239,-0.092304,0.019384,0.181266,1.015583,-0.213273,-1.994326
1.600000,1.237443,-0.259863,-2.430004,-0.072639,0.015254,0.142648,0.950963,-0.199702,-1.867433
1.620000,1.236176,-0.259597,-2.427516,-0.054266,0.011396,0.106568,0.886342,-0.186132,-1.740541
1.640000,1.235264,-0.259405,-2.425724,-0.037185,0.007809,0.073027,0.821721,-0.172561,-1.613648
1.660000,1.234680,-0.259283,-2.424578,-0.021397,0.004493,0.042022,0.757101,-0.158991,-1.486756
1.680000,1.234399,-0.259224,-2.424026,-0.006901,0.001449,0.013556,0.692480,-0.145420,-1.359863
1.700000,1.234395,-0.259223,-2.424019,0.006302,-0.001324,-0.012372,0.627859,-0.131850,-1.232971
1.720000,1.234643,-0.259275,-2.424504,0.018213,-0.003825,-0.035763,0.563238,-0.118280,-1.106079
1.740000,1.235115,-0.259374,-2.425432,0.028832,-0.006055,-0.056615,0.498618,-0.104709,-0.979186
1.760000,1.235787,-0.259515,-2.426752,0.038158,-0.008013,-0.074930,0.433997,-0.091139,-0.852294
1.780000,1.236633,-0.259693,-2.428413,0.046192,-0.009700,-0.090707,0.369376,-0.077568,-0.725401
1.800000,1.237626,-0.259902,-2.430363,0.052933,-0.011116,-0.103946,0.304756,-0.063998,-0.598509
1.820000,1.238742,-0.260136,-2.432554,0.058382,-0.012260,-0.114647,0.240135,-0.050427,-0.471616
1.840000,1.239953,-0.260390,-2.434932,0.062539,-0.013133,-0.122811,0.175514,-0.036857,-0.344724
1.860000,1.241235,-0.260659,-2.437449,0.065403,-0.013735,-0.128436,0.110894,-0.023287,-0.217831
1.880000,1.242560,-0.260938,-2.440053,0.066974,-0.014065,-0.131524,0.046273,-0.009716,-0.090939
1.900000,1.243905,-0.261220,-2.442693,0.067254,-0.014123,-0.132074,-0.018348,0.003854,0.035954
1.920000,1.245242,-0.261501,-2.445319,0.066240,-0.013910,-0.130086,-0.082969,0.017425,0.162846
1.940000,1.246546,-0.261775,-2.447880,0.063935,-0.013426,-0.125560,-0.147589,0.030995,0.289739
1.960000,1.247791,-0.262036,-2.450324,0.060337,-0.012671,-0.118496,-0.212210,0.044565,0.416631
1.980000,1.248951,-0.262280,-2.452603,0.055446,-0.011644,-0.108895,-0.276831,0.058136,0.543524
2.000000,1.250000,-0.262500,-2.454663,0.049264,-0.010345,-0.096755,-0.341451,0.071706,0.670416
2.020000,1.250918,-0.262693,-2.456467,0.042608,-0.008947,-0.083687,-0.324124,0.068067,0.636409
2.040000,1.251707,-0.262858,-2.458015,0.036299,-0.007622,-0.071299,-0.306796,0.064428,0.602401
2.060000,1.252372,-0.262998,-2.459323,0.030336,-0.006370,-0.059591,-0.289468,0.060789,0.568394
2.080000,1.252922,-0.263114,-2.460404,0.024720,-0.005191,-0.048563,-0.272141,0.057150,0.534387
2.100000,1.253364,-0.263206,-2.461270,0.019450,-0.004084,-0.038215,-0.254813,0.053511,0.500379
2.120000,1.253703,-0.263278,-2.461937,0.014527,-0.003050,-0.028548,-0.237486,0.049872,0.466372
2.140000,1.253947,-0.263329,-2.462417,0.009951,-0.002089,-0.019561,-0.220158,0.046233,0.432364
2.160000,1.254103,-0.263362,-2.462724,0.005721,-0.001201,-0.011253,-0.202830,0.042594,0.398357
2.180000,1.254178,-0.263377,-2.462871,0.001838,-0.000386,-0.003626,-0.185503,0.038954,0.364349
2.200000,1.254179,-0.263378,-2.462873,-0.001699,0.000357,0.003321,-0.168175,0.035315,0.330342
2.220000,1.254112,-0.263364,-2.462743,-0.004889,0.001027,0.009587,-0.150848,0.031676,0.296335
2.240000,1.253986,-0.263337,-2.462494,-0.007733,0.001624,0.015174,-0.133520,0.028037,0.262327
2.260000,1.253805,-0.263299,-2.462141,-0.010230,0.002148,0.020080,-0.116192,0.024398,0.228320
2.280000,1.253579,-0.263251,-2.461696,-0.012381,0.002600,0.024307,-0.098865,0.020759,0.194312
2.300000,1.253312,-0.263196,-2.461173,-0.014185,0.002979,0.027853,-0.081537,0.017120,0.160305
2.320000,1.253014,-0.263133,-2.460586,-0.015642,0.003285,0.030719,-0.064209,0.013481,0.126297
2.340000,1.252689,-0.263065,-2.459949,-0.016753,0.003518,0.032905,-0.046882,0.009842,0.092290
2.360000,1.252346,-0.262993,-2.459274,-0.017517,0.003678,0.034411,-0.029554,0.006203,0.058283
2.380000,1.251991,-0.262918,-2.458577,-0.017935,0.003766,0.035236,-0.012227,0.002564,0.024275
2.400000,1.251631,-0.262842,-2.457869,-0.018006,0.003781,0.035382,0.005101,-0.001076,-0.009732
2.420000,1.251273,-0.262767,-2.457166,-0.017731,0.003723,0.034847,0.022429,-0.004715,-0.043740
2.440000,1.250924,-0.262694,-2.456480,-0.017109,0.003592,0.033632,0.039756,-0.008354,-0.077747
2.460000,1.250591,-0.262624,-2.455825,-0.016141,0.003389,0.031737,0.057084,-0.011993,-0.111755
2.480000,1.250280,-0.262559,-2.455215,-0.014826,0.003113,0.029162,0.074412,-0.015632,-0.145762
2.500000,1.250000,-0.262500,-2.454663,-0.013164,0.002764,0.025906,0.091739,-0.019271,-0.179769
2.520000,1.249755,-0.262449,-2.454181,-0.011377,0.002388,0.022402,0.087049,-0.018285,-0.170632
2.540000,1.249544,-0.262404,-2.453766,-0.009682,0.002032,0.019081,0.082360,-0.017299,-0.161495
2.560000,1.249367,-0.262367,-2.453416,-0.008082,0.001696,0.015943,0.077670,-0.016313,-0.152358
2.580000,1.249220,-0.262336,-2.453127,-0.006576,0.001380,0.012987,0.072980,-0.015327,-0.143220
2.600000,1.249103,-0.262312,-2.452895,-0.005163,0.001083,0.010214,0.068290,-0.014341,-0.134083
2.620000,1.249013,-0.262293,-2.452717,-0.003844,0.000806,0.007624,0.063600,-0.013355,-0.124946
2.640000,1.248949,-0.262279,-2.452589,-0.002619,0.000549,0.005216,0.058911,-0.012369,-0.115809
2.660000,1.248908,-0.262271,-2.452507,-0.001488,0.000311,0.002991,0.054221,-0.011383,-0.106672
2.680000,1.248889,-0.262267,-2.452468,-0.000450,0.000094,0.000949,0.049531,-0.010397,-0.097534
2.700000,1.248889,-0.262267,-2.452468,0.000494,-0.000105,-0.000910,0.044841,-0.009411,-0.088397
2.720000,1.248908,-0.262271,-2.452504,0.001344,-0.000283,-0.002587,0.040152,-0.008426,-0.079260
2.740000,1.248942,-0.262278,-2.452571,0.002100,-0.000442,-0.004081,0.035462,-0.007440,-0.070123
2.760000,1.248991,-0.262288,-2.452666,0.002762,-0.000581,-0.005392,0.030772,-0.006454,-0.060985
2.780000,1.249052,-0.262301,-2.452785,0.003331,-0.000700,-0.006520,0.026082,-0.005468,-0.051848
2.800000,1.249124,-0.262316,-2.452925,0.003805,-0.000799,-0.007466,0.021393,-0.004482,-0.042711
2.820000,1.249204,-0.262333,-2.453082,0.004186,-0.000879,-0.008228,0.016703,-0.003496,-0.033574
2.840000,1.249291,-0.262351,-2.453253,0.004473,-0.000939,-0.008809,0.012013,-0.002510,-0.024437
2.860000,1.249382,-0.262370,-2.453434,0.004667,-0.000979,-0.009206,0.007323,-0.001524,-0.015299
2.880000,1.249477,-0.262390,-2.453620,0.004766,-0.001000,-0.009421,0.002633,-0.000538,-0.006162
2.900000,1.249572,-0.262410,-2.453809,0.004772,-0.001001,-0.009452,-0.002056,0.000448,0.002975
2.920000,1.249667,-0.262430,-2.453997,0.004684,-0.000982,-0.009302,-0.006746,0.001434,0.012112
2.940000,1.249759,-0.262450,-2.454180,0.004502,-0.000944,-0.008968,-0.011436,0.002420,0.021250
2.960000,1.249846,-0.262468,-2.454354,0.004227,-0.000885,-0.008452,-0.016126,0.003406,0.030387
2.980000,1.249927,-0.262485,-2.454517,0.003857,-0.000807,-0.007752,-0.020815,0.004392,0.039524
3.000000,1.250000,-0.262500,-2.454663,0.003394,-0.000710,-0.006871,-0.025505,0.005378,0.048661
3.020000,1.250063,-0.262513,-2.454791,0.002898,-0.000605,-0.005923,-0.024074,0.005073,0.046120
3.040000,1.250116,-0.262524,-2.454901,0.002431,-0.000507,-0.005026,-0.022642,0.004768,0.043578
3.060000,1.250160,-0.262533,-2.454993,0.001993,-0.000414,-0.004180,-0.021211,0.004464,0.041037
3.080000,1.250196,-0.262541,-2.455068,0.001583,-0.000328,-0.003384,-0.019779,0.004159,0.038495
3.100000,1.250224,-0.262547,-2.455128,0.001201,-0.000248,-0.002640,-0.018348,0.003854,0.035954
3.120000,1.250244,-0.262551,-2.455174,0.000849,-0.000174,-0.001946,-0.016916,0.003549,0.033412
3.140000,1.250258,-0.262554,-2.455206,0.000525,-0.000106,-0.001303,-0.015485,0.003245,0.030871
3.160000,1.250265,-0.262555,-2.455227,0.000229,-0.000044,-0.000711,-0.014053,0.002940,0.028329
3.180000,1.250267,-0.262555,-2.455235,-0.000037,0.000012,-0.000170,-0.012622,0.002635,0.025788
3.200000,1.250264,-0.262555,-2.455234,-0.000276,0.000061,0.000320,-0.011190,0.002331,0.023247
3.220000,1.250256,-0.262553,-2.455223,-0.000485,0.000105,0.000760,-0.009759,0.002026,0.020705
3.240000,1.250245,-0.262551,-2.455204,-0.000666,0.000142,0.001148,-0.008327,0.001721,0.018164
3.260000,1.250230,-0.262547,-2.455177,-0.000818,0.000174,0.001486,-0.006896,0.001416,0.015622
3.280000,1.250212,-0.262544,-2.455144,-0.000942,0.000199,0.001773,-0.005464,0.001112,0.013081
3.300000,1.250193,-0.262539,-2.455107,-0.001037,0.000218,0.002009,-0.004033,0.000807,0.010539
3.320000,1.250171,-0.262535,-2.455064,-0.001103,0.000231,0.002195,-0.002602,0.000502,0.007998
3.340000,1.250149,-0.262530,-2.455019,-0.001141,0.000238,0.002329,-0.001170,0.000197,0.005456
3.360000,1.250126,-0.262525,-2.454972,-0.001150,0.000239,0.002413,0.000261,-0.000107,0.002915
3.380000,1.250103,-0.262521,-2.454923,-0.001130,0.000234,0.002446,0.001693,-0.000412,0.000373
3.400000,1.250081,-0.262516,-2.454874,-0.001082,0.000223,0.002428,0.003124,-0.000717,-0.002168
3.420000,1.250060,-0.262512,-2.454826,-0.001005,0.000205,0.002359,0.004556,-0.001022,-0.004710
3.440000,1.250041,-0.262508,-2.454780,-0.000900,0.000182,0.002240,0.005987,-0.001326,-0.007251
3.460000,1.250024,-0.262505,-2.454737,-0.000766,0.000152,0.002069,0.007419,-0.001631,-0.009793
3.480000,1.250010,-0.262502,-2.454698,-0.000603,0.000116,0.001848,0.008850,-0.001936,-0.012334
3.500000,1.250000,-0.262500,-2.454663,-0.000412,0.000075,0.001576,0.010282,-0.002241,-0.014875
3.520000,1.249994,-0.262499,-2.454635,-0.000217,0.000032,0.001289,0.009246,-0.002008,-0.013847
3.540000,1.249991,-0.262499,-2.454612,-0.000042,-0.000006,0.001022,0.008210,-0.001775,-0.012818
3.560000,1.249992,-0.262499,-2.454594,0.000112,-0.000039,0.000776,0.007173,-0.001542,-0.011790
3.580000,1.249996,-0.262500,-2.454580,0.000245,-0.000067,0.000550,0.006137,-0.001309,-0.010761
3.600000,1.250002,-0.262502,-2.454572,0.000357,-0.000091,0.000345,0.005101,-0.001076,-0.009732
3.620000,1.250010,-0.262504,-2.454567,0.000449,-0.000110,0.000161,0.004065,-0.000843,-0.008704
3.640000,1.250019,-0.262506,-2.454565,0.000520,-0.000125,-0.000003,0.003029,-0.000610,-0.007675
3.660000,1.250030,-0.262509,-2.454566,0.000570,-0.000135,-0.000146,0.001993,-0.000377,-0.006646
3.680000,1.250042,-0.262512,-2.454571,0.000600,-0.000140,-0.000269,0.000956,-0.000144,-0.005618
3.700000,1.250054,-0.262514,-2.454577,0.000608,-0.000140,-0.000371,-0.000080,0.000089,-0.004589
3.720000,1.250066,-0.262517,-2.454585,0.000596,-0.000136,-0.000452,-0.001116,0.000322,-0.003560
3.740000,1.250078,-0.262520,-2.454595,0.000564,-0.000127,-0.000513,-0.002152,0.000555,-0.002532
3.760000,1.250089,-0.262522,-2.454606,0.000510,-0.000114,-0.000553,-0.003188,0.000788,-0.001503
3.780000,1.250098,-0.262524,-2.454617,0.000436,-0.000096,-0.000573,-0.004224,0.001021,-0.000474
3.800000,1.250106,-0.262526,-2.454629,0.000341,-0.000073,-0.000572,-0.005261,0.001254,0.000554
3.820000,1.250112,-0.262527,-2.454640,0.000226,-0.000046,-0.000551,-0.006297,0.001487,0.001583
3.840000,1.250115,-0.262528,-2.454650,0.000090,-0.000014,-0.000509,-0.007333,0.001720,0.002611
3.860000,1.250115,-0.262528,-2.454660,-0.000067,0.000023,-0.000447,-0.008369,0.001953,0.003640
3.880000,1.250112,-0.262527,-2.454668,-0.000245,0.000064,-0.000363,-0.009405,0.002186,0.004669
3.900000,1.250105,-0.262525,-2.454674,-0.000444,0.000111,-0.000260,-0.010441,0.002419,0.005697
3.920000,1.250094,-0.262522,-2.454678,-0.000663,0.000161,-0.000136,-0.011478,0.002652,0.006726
3.940000,1.250079,-0.262519,-2.454680,-0.000903,0.000217,0.000009,-0.012514,0.002885,0.007755
3.960000,1.250058,-0.262514,-2.454678,-0.001163,0.000277,0.000175,-0.013550,0.003118,0.008783
3.980000,1.250032,-0.262508,-2.454673,-0.001445,0.000341,0.000361,-0.014586,0.003351,0.009812
4.000000,1.250000,-0.262500,-2.454663,-0.001747,0.000411,0.000567,-0.015622,0.003585,0.010841
4.020000,1.249962,-0.262491,-2.454650,-0.002032,0.000476,0.000768,-0.012909,0.002957,0.009267
4.040000,1.249919,-0.262481,-2.454633,-0.002263,0.000529,0.000938,-0.010196,0.002330,0.007694
4.060000,1.249872,-0.262470,-2.454613,-0.002440,0.000569,0.001076,-0.007483,0.001703,0.006121
4.080000,1.249822,-0.262458,-2.454590,-0.002563,0.000597,0.001183,-0.004770,0.001075,0.004548
4.100000,1.249770,-0.262446,-2.454566,-0.002631,0.000612,0.001258,-0.002056,0.000448,0.002975
4.120000,1.249717,-0.262434,-2.454540,-0.002645,0.000615,0.001302,0.000657,-0.000179,0.001402
4.140000,1.249664,-0.262422,-2.454514,-0.002605,0.000605,0.001314,0.003370,-0.000806,-0.000171
4.160000,1.249613,-0.262410,-2.454488,-0.002510,0.000583,0.001295,0.006083,-0.001434,-0.001744
4.180000,1.249564,-0.262398,-2.454462,-0.002361,0.000548,0.001244,0.008796,-0.002061,-0.003317
4.200000,1.249519,-0.262388,-2.454438,-0.002158,0.000500,0.001162,0.011509,-0.002688,-0.004890
4.220000,1.249478,-0.262379,-2.454416,-0.001901,0.000440,0.001049,0.014223,-0.003316,-0.006463
4.240000,1.249443,-0.262370,-2.454396,-0.001589,0.000368,0.000904,0.016936,-0.003943,-0.008037
4.260000,1.249415,-0.262364,-2.454380,-0.001223,0.000283,0.000727,0.019649,-0.004570,-0.009610
4.280000,1.249395,-0.262359,-2.454367,-0.000803,0.000185,0.000519,0.022362,-0.005197,-0.011183
4.300000,1.249383,-0.262357,-2.454359,-0.000329,0.000075,0.000280,0.025075,-0.005825,-0.012756
4.320000,1.249382,-0.262356,-2.454356,0.000200,-0.000048,0.000009,0.027788,-0.006452,-0.014329
4.340000,1.249392,-0.262359,-2.454359,0.000783,-0.000183,-0.000293,0.030502,-0.007079,-0.015902
4.360000,1.249414,-0.262364,-2.454368,0.001420,-0.000331,-0.000627,0.033215,-0.007706,-0.017475
4.380000,1.249449,-0.262372,-2.454384,0.002111,-0.000492,-0.000992,0.035928,-0.008334,-0.019048
4.400000,1.249498,-0.262384,-2.454408,0.002857,-0.000665,-0.001389,0.038641,-0.008961,-0.020621
4.420000,1.249564,-0.262399,-2.454440,0.003657,-0.000850,-0.001817,0.041354,-0.009588,-0.022194
4.440000,1.249645,-0.262418,-2.454481,0.004511,-0.001048,-0.002277,0.044067,-0.010216,-0.023768
4.460000,1.249744,-0.262441,-2.454532,0.005420,-0.001259,-0.002768,0.046780,-0.010843,-0.025341
4.480000,1.249862,-0.262468,-2.454592,0.006382,-0.001482,-0.003290,0.049494,-0.011470,-0.026914
4.500000,1.250000,-0.262500,-2.454663,0.007399,-0.001718,-0.003844,0.052207,-0.012097,-0.028487
4.520000,1.250158,-0.262537,-2.454746,0.008345,-0.001937,-0.004362,0.042390,-0.009821,-0.023223
4.540000,1.250333,-0.262577,-2.454837,0.009095,-0.002110,-0.004773,0.032574,-0.007545,-0.017959
4.560000,1.250520,-0.262621,-2.454936,0.009648,-0.002239,-0.005080,0.022757,-0.005269,-0.012696
4.580000,1.250717,-0.262666,-2.455040,0.010005,-0.002321,-0.005281,0.012941,-0.002993,-0.007432
4.600000,1.250919,-0.262713,-2.455146,0.010166,-0.002358,-0.005377,0.003124,-0.000717,-0.002168
4.620000,1.251122,-0.262760,-2.455254,0.010130,-0.002350,-0.005368,-0.006692,0.001559,0.003096
4.640000,1.251323,-0.262807,-2.455360,0.009898,-0.002296,-0.005253,-0.016509,0.003835,0.008359
4.660000,1.251517,-0.262852,-2.455463,0.009470,-0.002196,-0.005034,-0.026325,0.006111,0.013623
4.680000,1.251701,-0.262895,-2.455561,0.008845,-0.002051,-0.004708,-0.036141,0.008387,0.018887
4.700000,1.251870,-0.262934,-2.455651,0.008024,-0.001861,-0.004278,-0.045958,0.010664,0.024151
4.720000,1.252020,-0.262969,-2.455731,0.007007,-0.001625,-0.003742,-0.055774,0.012940,0.029414
4.740000,1.252149,-0.262998,-2.455800,0.005793,-0.001343,-0.003101,-0.065591,0.015216,0.034678
4.760000,1.252251,-0.263022,-2.455855,0.004383,-0.001016,-0.002355,-0.075407,0.017492,0.039942
4.780000,1.252323,-0.263039,-2.455894,0.002777,-0.000644,-0.001504,-0.085224,0.019768,0.045206
4.800000,1.252360,-0.263048,-2.455914,0.000974,-0.000226,-0.000547,-0.095040,0.022044,0.050469
4.820000,1.252360,-0.263047,-2.455915,-0.001025,0.000238,0.000515,-0.104857,0.024320,0.055733
4.840000,1.252318,-0.263038,-2.455893,-0.003220,0.000747,0.001682,-0.114673,0.026596,0.060997
4.860000,1.252230,-0.263017,-2.455847,-0.005612,0.001302,0.002955,-0.124490,0.028872,0.066261
4.880000,1.252092,-0.262985,-2.455774,-0.008200,0.001902,0.004333,-0.134306,0.031148,0.071524
4.900000,1.251901,-0.262941,-2.455673,-0.010984,0.002548,0.005816,-0.144123,0.033425,0.076788
4.920000,1.251652,-0.262883,-2.455541,-0.013965,0.003239,0.007404,-0.153939,0.035701,0.082052
4.940000,1.251341,-0.262811,-2.455376,-0.017141,0.003976,0.009098,-0.163756,0.037977,0.087316
4.960000,1.250965,-0.262724,-2.455176,-0.020515,0.004758,0.010897,-0.173572,0.040253,0.092579
4.980000,1.250519,-0.262620,-2.454939,-0.024084,0.005586,0.012801,-0.183389,0.042529,0.097843
5.000000,1.250000,-0.262500,-2.454663,-0.027850,0.006459,0.014811,-0.193205,0.044805,0.103107
5.020000,1.249407,-0.262362,-2.454348,-0.031349,0.007271,0.016678,-0.156652,0.036328,0.083625
5.040000,1.248751,-0.262210,-2.453999,-0.034116,0.007913,0.018156,-0.120100,0.027851,0.064143
5.060000,1.248047,-0.262047,-2.453624,-0.036153,0.008385,0.019244,-0.083547,0.019374,0.044661
5.080000,1.247310,-0.261876,-2.453232,-0.037458,0.008687,0.019942,-0.046994,0.010897,0.025179
5.100000,1.246554,-0.261701,-2.452829,-0.038033,0.008821,0.020251,-0.010441,0.002419,0.005697
5.120000,1.245793,-0.261524,-2.452424,-0.037876,0.008784,0.020170,0.026111,-0.006058,-0.013785
5.140000,1.245043,-0.261350,-2.452025,-0.036988,0.008578,0.019699,0.062664,-0.014535,-0.033266
5.160000,1.244319,-0.261182,-2.451639,-0.035369,0.008203,0.018839,0.099217,-0.023012,-0.052748
5.180000,1.243633,-0.261023,-2.451274,-0.033019,0.007658,0.017589,0.135770,-0.031489,-0.072230
5.200000,1.243003,-0.260877,-2.450938,-0.029939,0.006943,0.015950,0.172322,-0.039966,-0.091712
5.220000,1.242441,-0.260747,-2.450639,-0.026127,0.006059,0.013921,0.208875,-0.048443,-0.111194
5.240000,1.241963,-0.260636,-2.450384,-0.021584,0.005006,0.011502,0.245428,-0.056920,-0.130676
5.260000,1.241582,-0.260548,-2.450181,-0.016309,0.003782,0.008694,0.281980,-0.065398,-0.150158
5.280000,1.241315,-0.260486,-2.450038,-0.010304,0.002390,0.005496,0.318533,-0.073875,-0.169640
5.300000,1.241175,-0.260453,-2.449964,-0.003568,0.000827,0.001908,0.355086,-0.082352,-0.189122
5.320000,1.241177,-0.260454,-2.449965,0.003899,-0.000904,-0.002069,0.391639,-0.090829,-0.208603
5.340000,1.241336,-0.260491,-2.450049,0.012097,-0.002806,-0.006436,0.428191,-0.099306,-0.228085
5.360000,1.241666,-0.260567,-2.450225,0.021027,-0.004877,-0.011192,0.464744,-0.107783,-0.247567
5.380000,1.242182,-0.260687,-2.450499,0.030687,-0.007117,-0.016338,0.501297,-0.116260,-0.267049
5.400000,1.242898,-0.260853,-2.450881,0.041079,-0.009527,-0.021874,0.537850,-0.124737,-0.286531
5.420000,1.243830,-0.261069,-2.451377,0.052201,-0.012107,-0.027800,0.574402,-0.133214,-0.306013
5.440000,1.244991,-0.261338,-2.451995,0.064055,-0.014856,-0.034115,0.610955,-0.141692,-0.325495
5.460000,1.246397,-0.261664,-2.452744,0.076639,-0.017774,-0.040819,0.647508,-0.150169,-0.344977
5.480000,1.248062,-0.262050,-2.453631,0.089955,-0.020862,-0.047914,0.684060,-0.158646,-0.364459
5.500000,1.250000,-0.262500,-2.454663,0.104002,-0.024120,-0.055398,0.720613,-0.167123,-0.383940
5.520000,1.252215,-0.263014,-2.455843,0.117050,-0.027146,-0.062350,0.584219,-0.135491,-0.311277
5.540000,1.254664,-0.263582,-2.457148,0.127371,-0.029540,-0.067849,0.447824,-0.103858,-0.238613
5.560000,1.257292,-0.264191,-2.458548,0.134963,-0.031301,-0.071895,0.311430,-0.072226,-0.165949
5.580000,1.260044,-0.264829,-2.460014,0.139828,-0.032429,-0.074487,0.175035,-0.040593,-0.093285
5.600000,1.262867,-0.265484,-2.461517,0.141964,-0.032924,-0.075626,0.038641,-0.008961,-0.020621
5.620000,1.265705,-0.266142,-2.463029,0.141373,-0.032787,-0.075312,-0.097753,0.022671,0.052042
5.640000,1.268503,-0.266791,-2.464520,0.138054,-0.032017,-0.073544,-0.234148,0.054304,0.124706
5.660000,1.271209,-0.267419,-2.465961,0.132007,-0.030615,-0.070323,-0.370542,0.085936,0.197370
5.680000,1.273765,-0.268012,-2.467323,0.123233,-0.028580,-0.065649,-0.506937,0.117569,0.270034
5.700000,1.276120,-0.268558,-2.468577,0.111730,-0.025912,-0.059522,-0.643331,0.149201,0.342698
5.720000,1.278216,-0.269044,-2.469695,0.097499,-0.022612,-0.051942,-0.779726,0.180833,0.415361
5.740000,1.280001,-0.269458,-2.470645,0.080541,-0.018679,-0.042908,-0.916120,0.212466,0.488025
5.760000,1.281420,-0.269787,-2.471401,0.060855,-0.014113,-0.032421,-1.052514,0.244098,0.560689
5.780000,1.282417,-0.270018,-2.471933,0.038440,-0.008915,-0.020480,-1.188909,0.275731,0.633353
5.800000,1.282939,-0.270139,-2.472211,0.013298,-0.003084,-0.007086,-1.325303,0.307363,0.706017
5.820000,1.282931,-0.270137,-2.472206,-0.014572,0.003379,0.007761,-1.461698,0.338995,0.778681
5.840000,1.282338,-0.270000,-2.471891,-0.045170,0.010476,0.024061,-1.598092,0.370628,0.851344
5.860000,1.281106,-0.269714,-2.471234,-0.078495,0.018205,0.041814,-1.734487,0.402260,0.924008
5.880000,1.279180,-0.269267,-2.470208,-0.114549,0.026566,0.061021,-1.870881,0.433892,0.996672
5.900000,1.276506,-0.268647,-2.468784,-0.153331,0.035560,0.081681,-2.007275,0.465525,1.069336
5.920000,1.273029,-0.267841,-2.466931,-0.194840,0.045187,0.103795,-2.143670,0.497157,1.142000
5.940000,1.268694,-0.266836,-2.464622,-0.239077,0.055447,0.127361,-2.280064,0.528790,1.214663
5.960000,1.263448,-0.265619,-2.461827,-0.286043,0.066339,0.152381,-2.416459,0.560422,1.287327
5.980000,1.257234,-0.264178,-2.458517,-0.335736,0.077863,0.178854,-2.552853,0.592054,1.359991
6.000000,1.250000,-0.262500,-2.454663,-0.388157,0.090021,0.206781,-2.689248,0.623687,1.432655
6.020000,1.241704,-0.260576,-2.450243,-0.441256,0.102370,0.235160,-2.620675,0.611213,1.405292
6.040000,1.232359,-0.258407,-2.445261,-0.492984,0.114469,0.262992,-2.552103,0.598739,1.377929
6.060000,1.221993,-0.255999,-2.439727,-0.543340,0.126319,0.290277,-2.483531,0.586266,1.350565
6.080000,1.210634,-0.253356,-2.433653,-0.592325,0.137920,0.317015,-2.414959,0.573792,1.323202
6.100000,1.198310,-0.250483,-2.427050,-0.639939,0.149271,0.343205,-2.346387,0.561318,1.295839
6.120000,1.185046,-0.247387,-2.419929,-0.686181,0.160373,0.368849,-2.277815,0.548844,1.268476
6.140000,1.170871,-0.244070,-2.412300,-0.731051,0.171225,0.393945,-2.209243,0.536371,1.241113
6.160000,1.155813,-0.240539,-2.404174,-0.774550,0.181828,0.418493,-2.140670,0.523897,1.213750
6.180000,1.139899,-0.236799,-2.395564,-0.816678,0.192181,0.442494,-2.072098,0.511423,1.186387
6.200000,1.123155,-0.232854,-2.386478,-0.857434,0.202285,0.465949,-2.003526,0.498950,1.159024
6.220000,1.105610,-0.228709,-2.376929,-0.896819,0.212139,0.488855,-1.934954,0.486476,1.131660
6.240000,1.087292,-0.224370,-2.366928,-0.934832,0.221744,0.511215,-1.866382,0.474002,1.104297
6.260000,1.068226,-0.219841,-2.356484,-0.971474,0.231099,0.533027,-1.797810,0.461528,1.076934
6.280000,1.048442,-0.215127,-2.345610,-1.006745,0.240205,0.554292,-1.729238,0.449055,1.049571
6.300000,1.027966,-0.210234,-2.334316,-1.040644,0.249061,0.575010,-1.660666,0.436581,1.022208
6.320000,1.006825,-0.205167,-2.322614,-1.073171,0.257668,0.595181,-1.592093,0.424107,0.994845
6.340000,0.985048,-0.199929,-2.310513,-1.104328,0.266025,0.614804,-1.523521,0.411633,0.967482
6.360000,0.962661,-0.194527,-2.298025,-1.134112,0.274133,0.633880,-1.454949,0.399160,0.940119
6.380000,0.939692,-0.188966,-2.285161,-1.162525,0.281992,0.652409,-1.386377,0.386686,0.912756
6.400000,0.916169,-0.183249,-2.271932,-1.189567,0.289601,0.670390,-1.317805,0.374212,0.885392
6.420000,0.892119,-0.177383,-2.258349,-1.215238,0.296960,0.687824,-1.249233,0.361738,0.858029
6.440000,0.867569,-0.171373,-2.244423,-1.239537,0.304070,0.704711,-1.180661,0.349265,0.830666
6.460000,0.842547,-0.165222,-2.230164,-1.262464,0.310931,0.721051,-1.112089,0.336791,0.803303
6.480000,0.817079,-0.158937,-2.215585,-1.284020,0.317542,0.736844,-1.043516,0.324317,0.775940
6.500000,0.791195,-0.152522,-2.200694,-1.304205,0.323903,0.752089,-0.974944,0.311844,0.748577
6.520000,0.764920,-0.145983,-2.185505,-1.323018,0.330016,0.766787,-0.906372,0.299370,0.721214
6.540000,0.738283,-0.139323,-2.170027,-1.340460,0.335878,0.780937,-0.837800,0.286896,0.693851
6.560000,0.711311,-0.132549,-2.154271,-1.356530,0.341491,0.794541,-0.769228,0.274422,0.666488
6.580000,0.684031,-0.125665,-2.138249,-1.371229,0.346855,0.807597,-0.700656,0.261949,0.639124
6.600000,0.656471,-0.118677,-2.121971,-1.384556,0.351969,0.820106,-0.632084,0.249475,0.611761
6.620000,0.628658,-0.111588,-2.105448,-1.396512,0.356834,0.832067,-0.563511,0.237001,0.584398
6.640000,0.600620,-0.104405,-2.088692,-1.407097,0.361449,0.843482,-0.494939,0.224527,0.557035
6.660000,0.572383,-0.097132,-2.071712,-1.416310,0.365815,0.854349,-0.426367,0.212054,0.529672
6.680000,0.543977,-0.089774,-2.054521,-1.424151,0.369932,0.864668,-0.357795,0.199580,0.502309
6.700000,0.515427,-0.082336,-2.037129,-1.430621,0.373798,0.874441,-0.289223,0.187106,0.474946
6.720000,0.486761,-0.074824,-2.019547,-1.435720,0.377416,0.883666,-0.220651,0.174632,0.447583
6.740000,0.458007,-0.067241,-2.001786,-1.439448,0.380784,0.892344,-0.152079,0.162159,0.420219
6.760000,0.429192,-0.059594,-1.983857,-1.441803,0.383902,0.900475,-0.083507,0.149685,0.392856
6.780000,0.400344,-0.051887,-1.965771,-1.442788,0.386771,0.908058,-0.014934,0.137211,0.365493
6.800000,0.371490,-0.044125,-1.947538,-1.442401,0.389391,0.915095,0.053638,0.124738,0.338130
6.820000,0.342657,-0.036313,-1.929171,-1.440642,0.391761,0.921584,0.122210,0.112264,0.310767
6.840000,0.313873,-0.028456,-1.910679,-1.437512,0.393881,0.927525,0.190782,0.099790,0.283404
6.860000,0.285166,-0.020559,-1.892073,-1.433011,0.395752,0.932920,0.259354,0.087316,0.256041
6.880000,0.256562,-0.012628,-1.873366,-1.427138,0.397374,0.937767,0.327926,0.074843,0.228678
6.900000,0.228089,-0.004666,-1.854566,-1.419894,0.398746,0.942067,0.396498,0.062369,0.201315
6.920000,0.199775,0.003321,-1.835687,-1.411278,0.399869,0.945820,0.465070,0.049895,0.173951
6.940000,0.171647,0.011327,-1.816737,-1.401291,0.400742,0.949025,0.533643,0.037421,0.146588
6.960000,0.143733,0.019349,-1.797729,-1.389933,0.401365,0.951683,0.602215,0.024948,0.119225
6.980000,0.116059,0.027380,-1.778674,-1.377203,0.401740,0.953794,0.670787,0.012474,0.091862
7.000000,0.088654,0.035417,-1.759581,-1.363101,0.401864,0.955358,0.739359,0.000000,0.064499
7.020000,0.061544,0.043453,-1.740463,-1.347628,0.401740,0.956374,0.807931,-0.012473,0.037136
7.040000,0.034758,0.051484,-1.721330,-1.330784,0.401365,0.956843,0.876503,-0.024947,0.009773
7.060000,0.008322,0.059506,-1.702193,-1.312568,0.400742,0.956765,0.945075,-0.037421,-0.017590
7.080000,-0.017736,0.067512,-1.683063,-1.292981,0.399869,0.956139,1.013648,-0.049895,-0.044953
7.100000,-0.043388,0.075499,-1.663951,-1.272022,0.398746,0.954967,1.082220,-0.062368,-0.072317
7.120000,-0.068607,0.083461,-1.644868,-1.249692,0.397374,0.953247,1.150792,-0.074842,-0.099680
7.140000,-0.093367,0.091392,-1.625825,-1.225990,0.395752,0.950980,1.219364,-0.087316,-0.127043
7.160000,-0.117638,0.099289,-1.606832,-1.200917,0.393881,0.948165,1.287936,-0.099790,-0.154406
7.180000,-0.141394,0.107146,-1.587902,-1.174473,0.391761,0.944803,1.356508,-0.112263,-0.181769
7.200000,-0.164608,0.114958,-1.569044,-1.146657,0.389391,0.940894,1.425080,-0.124737,-0.209132
7.220000,-0.187251,0.122720,-1.550270,-1.117470,0.386771,0.936438,1.493652,-0.137211,-0.236495
7.240000,-0.209297,0.130427,-1.531590,-1.086911,0.383902,0.931435,1.562225,-0.149685,-0.263858
7.260000,-0.230719,0.138074,-1.513016,-1.054981,0.380784,0.925884,1.630797,-0.162158,-0.291222
7.280000,-0.251487,0.145657,-1.494558,-1.021679,0.377416,0.919786,1.699369,-0.174632,-0.318585
7.300000,-0.271577,0.153169,-1.476228,-0.987006,0.373799,0.913140,1.767941,-0.187106,-0.345948
7.320000,-0.290959,0.160607,-1.458036,-0.950962,0.369932,0.905948,1.836513,-0.199579,-0.373311
7.340000,-0.309606,0.167965,-1.439994,-0.913546,0.365815,0.898208,1.905085,-0.212053,-0.400674
7.360000,-0.327491,0.175238,-1.422112,-0.874758,0.361450,0.889921,1.973657,-0.224527,-0.428037
7.380000,-0.344587,0.182421,-1.404401,-0.834599,0.356834,0.881086,2.042229,-0.237001,-0.455400
7.400000,-0.360866,0.189510,-1.386872,-0.793069,0.351970,0.871705,2.110802,-0.249474,-0.482763
7.420000,-0.376301,0.196498,-1.369536,-0.750167,0.346855,0.861776,2.179374,-0.261948,-0.510126
7.440000,-0.390864,0.203382,-1.352404,-0.705894,0.341492,0.851300,2.247946,-0.274422,-0.537490
7.460000,-0.404527,0.210156,-1.335488,-0.660249,0.335879,0.840276,2.316518,-0.286896,-0.564853
7.480000,-0.417264,0.216816,-1.318797,-0.613233,0.330016,0.828706,2.385090,-0.299369,-0.592216
7.500000,-0.429048,0.223355,-1.302343,-0.564846,0.323904,0.816588,2.453662,-0.311843,-0.619579
7.520000,-0.439849,0.229770,-1.286137,-0.515087,0.317542,0.803922,2.522234,-0.324317,-0.646942
7.540000,-0.449642,0.236055,-1.270190,-0.463956,0.310931,0.790710,2.590806,-0.336791,-0.674305
7.560000,-0.458398,0.242206,-1.254512,-0.411455,0.304071,0.776950,2.659379,-0.349264,-0.701668
7.580000,-0.466091,0.248217,-1.239116,-0.357581,0.296960,0.762643,2.727951,-0.361738,-0.729031
7.600000,-0.472692,0.254083,-1.224010,-0.302337,0.289601,0.747789,2.796523,-0.374212,-0.756395
7.620000,-0.478175,0.259799,-1.209208,-0.245720,0.281992,0.732387,2.865095,-0.386685,-0.783758
7.640000,-0.482512,0.265361,-1.194719,-0.187733,0.274134,0.716439,2.933667,-0.399159,-0.811121
7.660000,-0.485675,0.270763,-1.180554,-0.128374,0.266026,0.699943,3.002239,-0.411633,-0.838484
7.680000,-0.487638,0.276000,-1.166724,-0.067643,0.257668,0.682899,3.070811,-0.424107,-0.865847
7.700000,-0.488372,0.281068,-1.153241,-0.005541,0.249061,0.665309,3.139384,-0.436580,-0.893210
7.720000,-0.487850,0.285961,-1.140116,0.057932,0.240205,0.647171,3.207956,-0.449054,-0.920573
7.740000,-0.486046,0.290674,-1.127358,0.122777,0.231099,0.628486,3.276528,-0.461528,-0.947936
7.760000,-0.482930,0.295203,-1.114980,0.188993,0.221744,0.609253,3.345100,-0.474002,-0.975299
7.780000,-0.478477,0.299542,-1.102992,0.256581,0.212139,0.589474,3.413672,-0.486475,-1.002663
7.800000,-0.472658,0.303687,-1.091405,0.325540,0.202285,0.569147,3.482244,-0.498949,-1.030026
7.820000,-0.465446,0.307632,-1.080230,0.395871,0.192181,0.548273,3.550816,-0.511423,-1.057389
7.840000,-0.456814,0.311372,-1.069477,0.467573,0.181828,0.526851,3.619388,-0.523897,-1.084752
7.860000,-0.446734,0.314903,-1.059159,0.540646,0.171225,0.504883,3.687961,-0.536370,-1.112115
7.880000,-0.435179,0.318220,-1.049286,0.615091,0.160373,0.482367,3.756533,-0.548844,-1.139478
7.900000,-0.422121,0.321317,-1.039868,0.690908,0.149272,0.459304,3.825105,-0.561318,-1.166841
7.920000,-0.407533,0.324189,-1.030917,0.768095,0.137920,0.435693,3.893677,-0.573791,-1.194204
7.940000,-0.391388,0.326832,-1.022444,0.846655,0.126320,0.411535,3.962249,-0.586265,-1.221567
7.960000,-0.373658,0.329240,-1.014459,0.926585,0.114470,0.386830,4.030821,-0.598739,-1.248931
7.980000,-0.354316,0.331409,-1.006974,1.007888,0.102370,0.361578,4.099393,-0.611213,-1.276294
8.000000,-0.333333,0.333333,-1.000000,1.090561,0.090021,0.335779,4.167965,-0.623686,-1.303657
8.020000,-0.310705,0.335011,-0.993549,1.171410,0.077864,0.309109,3.916889,-0.592054,-1.363295
8.040000,-0.286510,0.336452,-0.987644,1.247237,0.066339,0.281247,3.665812,-0.560422,-1.422933
8.060000,-0.260849,0.337669,-0.982307,1.318042,0.055447,0.252192,3.414735,-0.528790,-1.482572
8.080000,-0.233822,0.338674,-0.977564,1.383826,0.045188,0.221944,3.163658,-0.497158,-1.542210
8.100000,-0.205530,0.339481,-0.973437,1.444588,0.035561,0.190503,2.912581,-0.465526,-1.601848
8.120000,-0.176072,0.340101,-0.969952,1.500329,0.026567,0.157870,2.661504,-0.433894,-1.661487
8.140000,-0.145550,0.340548,-0.967131,1.551049,0.018205,0.124044,2.410427,-0.402262,-1.721125
8.160000,-0.114064,0.340833,-0.964998,1.596746,0.010476,0.089025,2.159351,-0.370630,-1.780763
8.180000,-0.081714,0.340971,-0.963577,1.637423,0.003380,0.052813,1.908274,-0.338997,-1.840401
8.200000,-0.048600,0.340973,-0.962893,1.673077,-0.003084,0.015409,1.657197,-0.307365,-1.900040
8.220000,-0.014824,0.340852,-0.962969,1.703711,-0.008915,-0.023188,1.406120,-0.275733,-1.959678
8.240000,0.019515,0.340620,-0.963829,1.729322,-0.014113,-0.062978,1.155043,-0.244101,-2.019316
8.260000,0.054315,0.340291,-0.965496,1.749912,-0.018679,-0.103961,0.903966,-0.212469,-2.078955
8.280000,0.089478,0.339877,-0.967995,1.765481,-0.022612,-0.146136,0.652889,-0.180837,-2.138593
8.300000,0.124901,0.339391,-0.971350,1.776028,-0.025912,-0.189504,0.401812,-0.149205,-2.198231
8.320000,0.160485,0.338845,-0.975583,1.781553,-0.028580,-0.234065,0.150736,-0.117573,-2.257869
8.340000,0.196130,0.338252,-0.980720,1.782057,-0.030615,-0.279819,-0.100341,-0.085941,-2.317508
8.360000,0.231734,0.337625,-0.986784,1.777540,-0.032018,-0.326766,-0.351418,-0.054308,-2.377146
8.380000,0.267198,0.336976,-0.993799,1.768001,-0.032788,-0.374905,-0.602495,-0.022676,-2.436784
8.400000,0.302421,0.336317,-1.001788,1.753440,-0.032925,-0.424237,-0.853572,0.008956,-2.496423
8.420000,0.337302,0.335663,-1.010776,1.733858,-0.032429,-0.474762,-1.104649,0.040588,-2.556061
8.440000,0.371742,0.335024,-1.020787,1.709254,-0.031301,-0.526480,-1.355726,0.072220,-2.615699
8.460000,0.405639,0.334415,-1.031843,1.679629,-0.029541,-0.579390,-1.606803,0.103852,-2.675337
8.480000,0.438893,0.333847,-1.043970,1.644982,-0.027147,-0.633493,-1.857879,0.135484,-2.734976
8.500000,0.471405,0.333333,-1.057191,1.605313,-0.024121,-0.688789,-2.108956,0.167116,-2.794614
8.520000,0.503088,0.332884,-1.071520,1.563034,-0.020864,-0.743872,-2.118980,0.158640,-2.713738
8.540000,0.533925,0.332498,-1.086935,1.520554,-0.017776,-0.797339,-2.129004,0.150165,-2.632863
8.560000,0.563909,0.332172,-1.103403,1.477874,-0.014857,-0.849187,-2.139028,0.141689,-2.551987
8.580000,0.593038,0.331902,-1.120892,1.434993,-0.012108,-0.899418,-2.149052,0.133213,-2.471111
8.600000,0.621308,0.331686,-1.139369,1.391912,-0.009528,-0.948031,-2.159076,0.124737,-2.390235
8.620000,0.648713,0.331520,-1.158802,1.348630,-0.007118,-0.995027,-2.169101,0.116261,-2.309360
8.640000,0.675251,0.331400,-1.179159,1.305148,-0.004878,-1.040406,-2.179125,0.107786,-2.228484
8.660000,0.700918,0.331324,-1.200408,1.261465,-0.002807,-1.084167,-2.189149,0.099310,-2.147608
8.680000,0.725709,0.331287,-1.222515,1.217582,-0.000906,-1.126310,-2.199173,0.090834,-2.066733
8.700000,0.749620,0.331286,-1.245449,1.173498,0.000826,-1.166836,-2.209197,0.082358,-1.985857
8.720000,0.772647,0.331319,-1.269178,1.129214,0.002389,-1.205744,-2.219221,0.073882,-1.904981
8.740000,0.794787,0.331381,-1.293668,1.084729,0.003782,-1.243035,-2.229245,0.065407,-1.824106
8.760000,0.816035,0.331469,-1.318888,1.040044,0.005005,-1.278709,-2.239269,0.056931,-1.743230
8.780000,0.836387,0.331580,-1.344806,0.995159,0.006059,-1.312765,-2.249293,0.048455,-1.662354
8.800000,0.855840,0.331710,-1.371388,0.950072,0.006943,-1.345203,-2.259317,0.039979,-1.581478
8.820000,0.874389,0.331856,-1.398603,0.904786,0.007658,-1.376024,-2.269341,0.031504,-1.500603
8.840000,0.892030,0.332015,-1.426418,0.859299,0.008203,-1.405227,-2.279365,0.023028,-1.419727
8.860000,0.908760,0.332183,-1.454801,0.813611,0.008579,-1.432813,-2.289389,0.014552,-1.338851
8.880000,0.924573,0.332357,-1.483720,0.767723,0.008785,-1.458781,-2.299413,0.006076,-1.257976
8.900000,0.939467,0.332534,-1.513142,0.721635,0.008822,-1.483132,-2.309437,-0.002400,-1.177100
8.920000,0.953437,0.332709,-1.543035,0.675346,0.008689,-1.505865,-2.319461,-0.010875,-1.096224
8.940000,0.966480,0.332880,-1.573366,0.628856,0.008387,-1.526981,-2.329485,-0.019351,-1.015349
8.960000,0.978590,0.333044,-1.604103,0.582166,0.007915,-1.546479,-2.339509,-0.027827,-0.934473
8.980000,0.989765,0.333196,-1.635214,0.535276,0.007274,-1.564360,-2.349533,-0.036303,-0.853597
9.000000,1.000000,0.333333,-1.666667,0.488185,0.006463,-1.580623,-2.359557,-0.044779,-0.772721
9.020000,1.009291,0.333454,-1.698428,0.440933,0.005590,-1.595288,-2.365643,-0.042508,-0.693844
9.040000,1.017637,0.333557,-1.730468,0.393559,0.004763,-1.608377,-2.371728,-0.040237,-0.614967
9.060000,1.025033,0.333645,-1.762753,0.346064,0.003981,-1.619887,-2.377813,-0.037965,-0.536090
9.080000,1.031478,0.333717,-1.795253,0.298447,0.003244,-1.629820,-2.383898,-0.035694,-0.457213
9.100000,1.036970,0.333775,-1.827935,0.250708,0.002553,-1.638176,-2.389984,-0.033423,-0.378336
9.120000,1.041506,0.333819,-1.860769,0.202847,0.001907,-1.644954,-2.396069,-0.031152,-0.299458
9.140000,1.045083,0.333851,-1.893723,0.154865,0.001307,-1.650154,-2.402154,-0.028881,-0.220581
9.160000,1.047700,0.333872,-1.926765,0.106761,0.000752,-1.653777,-2.408239,-0.026610,-0.141704
9.180000,1.049353,0.333882,-1.959863,0.058536,0.000243,-1.655822,-2.414325,-0.024339,-0.062827
9.200000,1.050040,0.333882,-1.992987,0.010188,-0.000221,-1.656290,-2.420410,-0.022068,0.016050
9.220000,1.049759,0.333873,-2.026105,-0.038281,-0.000640,-1.655180,-2.426495,-0.019797,0.094928
9.240000,1.048508,0.333857,-2.059184,-0.086872,-0.001013,-1.652493,-2.432580,-0.017526,0.173805
9.260000,1.046284,0.333833,-2.092194,-0.135584,-0.001341,-1.648228,-2.438666,-0.015255,0.252682
9.280000,1.043084,0.333803,-2.125102,-0.184418,-0.001623,-1.642386,-2.444751,-0.012984,0.331559
9.300000,1.038906,0.333768,-2.157879,-0.233374,-0.001860,-1.634966,-2.450836,-0.010712,0.410436
9.320000,1.033748,0.333729,-2.190491,-0.282452,-0.002052,-1.625968,-2.456921,-0.008441,0.489314
9.340000,1.027607,0.333686,-2.222907,-0.331651,-0.002198,-1.615393,-2.463006,-0.006170,0.568191
9.360000,1.020481,0.333641,-2.255096,-0.380972,-0.002299,-1.603240,-2.469092,-0.003899,0.647068
9.380000,1.012368,0.333595,-2.287026,-0.430415,-0.002354,-1.589510,-2.475177,-0.001628,0.725945
9.400000,1.003264,0.333548,-2.318666,-0.479979,-0.002364,-1.574203,-2.481262,0.000643,0.804822
9.420000,0.993168,0.333501,-2.349984,-0.529665,-0.002328,-1.557317,-2.487347,0.002914,0.883700
9.440000,0.982077,0.333455,-2.380948,-0.579473,-0.002247,-1.538855,-2.493433,0.005185,0.962577
9.460000,0.969988,0.333411,-2.411527,-0.629402,-0.002121,-1.518814,-2.499518,0.007456,1.041454
9.480000,0.956900,0.333370,-2.441690,-0.679454,-0.001949,-1.497196,-2.505603,0.009727,1.120331
9.500000,0.942809,0.333333,-2.471405,-0.729626,-0.001732,-1.474001,-2.511688,0.011998,1.199208
9.520000,0.927719,0.333301,-2.500641,-0.779195,-0.001498,-1.449455,-2.445162,0.011390,1.255372
9.540000,0.911650,0.333273,-2.529375,-0.827433,-0.001276,-1.423786,-2.378635,0.010781,1.311536
9.560000,0.894630,0.333250,-2.557585,-0.874340,-0.001067,-1.396994,-2.312108,0.010173,1.367700
9.580000,0.876685,0.333231,-2.585248,-0.919917,-0.000869,-1.369078,-2.245582,0.009564,1.423864
9.600000,0.857842,0.333215,-2.612341,-0.964164,-0.000684,-1.340039,-2.179055,0.008956,1.480028
9.620000,0.838128,0.333203,-2.638842,-1.007079,-0.000511,-1.309877,-2.112529,0.008347,1.536192
9.640000,0.817568,0.333195,-2.664728,-1.048665,-0.000350,-1.278592,-2.046002,0.007739,1.592355
9.660000,0.796190,0.333189,-2.689978,-1.088920,-0.000202,-1.246183,-1.979476,0.007130,1.648519
9.680000,0.774020,0.333186,-2.714568,-1.127844,-0.000065,-1.212651,-1.912949,0.006522,1.704683
9.700000,0.751085,0.333186,-2.738476,-1.165437,0.000059,-1.177996,-1.846422,0.005913,1.760847
9.720000,0.727411,0.333189,-2.761680,-1.201701,0.000172,-1.142217,-1.779896,0.005305,1.817011
9.740000,0.703026,0.333193,-2.784158,-1.236633,0.000272,-1.105315,-1.713369,0.004696,1.873175
9.760000,0.677955,0.333199,-2.805885,-1.270235,0.000359,-1.067290,-1.646843,0.004087,1.929339
9.780000,0.652225,0.333207,-2.826842,-1.302507,0.000435,-1.028142,-1.580316,0.003479,1.985502
9.800000,0.625864,0.333217,-2.847004,-1.333448,0.000498,-0.987870,-1.513789,0.002870,2.041666
9.820000,0.598896,0.333227,-2.866349,-1.363059,0.000550,-0.946475,-1.447263,0.002262,2.097830
9.840000,0.571350,0.333239,-2.884855,-1.391339,0.000589,-0.903957,-1.380736,0.001653,2.153994
9.860000,0.543252,0.333251,-2.902500,-1.418288,0.000616,-0.860315,-1.314210,0.001045,2.210158
9.880000,0.514628,0.333263,-2.919260,-1.443907,0.000631,-0.815550,-1.247683,0.000436,2.266322
9.900000,0.485504,0.333276,-2.935114,-1.468195,0.000633,-0.769662,-1.181156,-0.000172,2.322486
9.920000,0.455909,0.333289,-2.950039,-1.491153,0.000624,-0.722651,-1.114630,-0.000781,2.378649
9.940000,0.425867,0.333301,-2.964013,-1.512781,0.000602,-0.674516,-1.048103,-0.001389,2.434813
9.960000,0.395406,0.333313,-2.977012,-1.533077,0.000568,-0.625258,-0.981577,-0.001998,2.490977
9.980000,0.364553,0.333323,-2.989016,-1.552044,0.000522,-0.574877,-0.915050,-0.002606,2.547141
10.000000,0.333333,0.333333,-3.000000,-1.569679,0.000464,-0.523373,-0.848523,-0.003215,2.603305
10.020000,0.301776,0.333342,-3.009947,-1.585823,0.000401,-0.471369,-0.765803,-0.003052,2.597031
10.040000,0.269911,0.333349,-3.018856,-1.600311,0.000342,-0.419492,-0.683082,-0.002889,2.590756
10.060000,0.237774,0.333356,-3.026728,-1.613146,0.000286,-0.367739,-0.600362,-0.002726,2.584482
10.080000,0.205397,0.333361,-3.033566,-1.624326,0.000233,-0.316112,-0.517641,-0.002563,2.578208
10.100000,0.172812,0.333365,-3.039373,-1.633852,0.000183,-0.264611,-0.434921,-0.002400,2.571933
10.120000,0.140054,0.333368,-3.044151,-1.641723,0.000137,-0.213235,-0.352200,-0.002237,2.565659
10.140000,0.107154,0.333371,-3.047903,-1.647940,0.000094,-0.161985,-0.269480,-0.002074,2.559385
10.160000,0.074147,0.333372,-3.050632,-1.652502,0.000054,-0.110860,-0.186759,-0.001911,2.553110
10.180000,0.041065,0.333373,-3.052338,-1.655410,0.000017,-0.059860,-0.104038,-0.001747,2.546836
10.200000,0.007942,0.333373,-3.053027,-1.656663,-0.000016,-0.008986,-0.021318,-0.001584,2.540562
10.220000,-0.025190,0.333372,-3.052699,-1.656263,-0.000046,0.041762,0.061403,-0.001421,2.534287
10.240000,-0.058298,0.333371,-3.051357,-1.654207,-0.000073,0.092385,0.144123,-0.001258,2.528013
10.260000,-0.091348,0.333369,-3.049004,-1.650498,-0.000096,0.142883,0.226844,-0.001095,2.521738
10.280000,-0.124307,0.333367,-3.045643,-1.645134,-0.000117,0.193255,0.309564,-0.000932,2.515464
10.300000,-0.157142,0.333365,-3.041275,-1.638115,-0.000134,0.243501,0.392285,-0.000769,2.509190
10.320000,-0.189820,0.333362,-3.035903,-1.629442,-0.000147,0.293622,0.475005,-0.000606,2.502915
10.340000,-0.222309,0.333359,-3.029531,-1.619115,-0.000158,0.343618,0.557726,-0.000443,2.496641
10.360000,-0.254574,0.333355,-3.022160,-1.607133,-0.000165,0.393488,0.640447,-0.000280,2.490367
10.380000,-0.286583,0.333352,-3.013792,-1.593497,-0.000169,0.443233,0.723167,-0.000117,2.484092
10.400000,-0.318303,0.333349,-3.004431,-1.578206,-0.000170,0.492852,0.805888,0.000046,2.477818
10.420000,-0.349700,0.333345,-2.994079,-1.561262,-0.000167,0.542345,0.888608,0.000209,2.471544
10.440000,-0.380742,0.333342,-2.982738,-1.542662,-0.000161,0.591714,0.971329,0.000372,2.465269
10.460000,-0.411396,0.333339,-2.970411,-1.522408,-0.000152,0.640956,1.054049,0.000535,2.458995
10.480000,-0.441627,0.333336,-2.957101,-1.500500,-0.000140,0.690073,1.136770,0.000698,2.452721
10.500000,-0.471405,0.333333,-2.942809,-1.476938,-0.000124,0.739065,1.219490,0.000861,2.446446
10.520000,-0.500696,0.333331,-2.927543,-1.451996,-0.000108,0.787362,1.274630,0.000818,2.383218
10.540000,-0.529477,0.333329,-2.911323,-1.425952,-0.000092,0.834394,1.329769,0.000774,2.319990
10.560000,-0.557726,0.333327,-2.894175,-1.398806,-0.000077,0.880161,1.384909,0.000730,2.256762
10.580000,-0.585422,0.333326,-2.876125,-1.370556,-0.000062,0.924664,1.440049,0.000687,2.193534
10.600000,-0.612541,0.333325,-2.857197,-1.341204,-0.000049,0.967903,1.495188,0.000643,2.130306
10.620000,-0.639063,0.333324,-2.837417,-1.310749,-0.000037,1.009877,1.550328,0.000599,2.067078
10.640000,-0.664964,0.333323,-2.816811,-1.279191,-0.000025,1.050586,1.605467,0.000556,2.003850
10.660000,-0.690223,0.333323,-2.795402,-1.246530,-0.000014,1.090030,1.660607,0.000512,1.940621
10.680000,-0.714818,0.333323,-2.773218,-1.212766,-0.000005,1.128211,1.715746,0.000468,1.877393
10.700000,-0.738726,0.333323,-2.750282,-1.177900,0.000004,1.165126,1.770886,0.000425,1.814165
10.720000,-0.761926,0.333323,-2.726621,-1.141931,0.000012,1.200777,1.826025,0.000381,1.750937
10.740000,-0.784396,0.333323,-2.702260,-1.104859,0.000019,1.235164,1.881165,0.000337,1.687709
10.760000,-0.806113,0.333324,-2.677223,-1.066684,0.000026,1.268286,1.936304,0.000293,1.624481
10.780000,-0.827056,0.333324,-2.651537,-1.027407,0.000031,1.300143,1.991444,0.000250,1.561253
10.800000,-0.847202,0.333325,-2.625226,-0.987027,0.000036,1.330736,2.046583,0.000206,1.498025
10.820000,-0.866530,0.333326,-2.598316,-0.945543,0.000039,1.360064,2.101723,0.000162,1.434797
10.840000,-0.885017,0.333327,-2.570832,-0.902958,0.000042,1.388128,2.156863,0.000119,1.371568
10.860000,-0.902641,0.333327,-2.542799,-0.859269,0.000044,1.414927,2.212002,0.000075,1.308340
10.880000,-0.919380,0.333328,-2.514243,-0.814478,0.000045,1.440461,2.267142,0.000031,1.245112
10.900000,-0.935213,0.333329,-2.485189,-0.768583,0.000045,1.464731,2.322281,-0.000012,1.181884
10.920000,-0.950116,0.333330,-2.455662,-0.721586,0.000045,1.487737,2.377421,-0.000056,1.118656
10.940000,-0.964069,0.333331,-2.425688,-0.673486,0.000043,1.509477,2.432560,-0.000100,1.055428
10.960000,-0.977048,0.333332,-2.395292,-0.624284,0.000041,1.529954,2.487700,-0.000143,0.992200
10.980000,-0.989033,0.333333,-2.364498,-0.573978,0.000037,1.549165,2.542839,-0.000187,0.928972
11.000000,-1.000000,0.333333,-2.333333,-0.522570,0.000033,1.567113,2.597979,-0.000231,0.865744
11.020000,-1.009932,0.333334,-2.301824,-0.470671,0.000029,1.583592,2.591958,-0.000219,0.782189
11.040000,-1.018828,0.333334,-2.270001,-0.418892,0.000025,1.598400,2.585938,-0.000207,0.698634
11.060000,-1.026689,0.333335,-2.237899,-0.367233,0.000021,1.611537,2.579918,-0.000196,0.615079
11.080000,-1.033518,0.333335,-2.205550,-0.315695,0.000017,1.623003,2.573897,-0.000184,0.531524
11.100000,-1.039317,0.333336,-2.172990,-0.264277,0.000013,1.632798,2.567877,-0.000172,0.447969
11.120000,-1.044090,0.333336,-2.140250,-0.212980,0.000010,1.640922,2.561856,-0.000161,0.364414
11.140000,-1.047837,0.333336,-2.107364,-0.161803,0.000007,1.647375,2.555836,-0.000149,0.280859
11.160000,-1.050563,0.333336,-2.074366,-0.110747,0.000004,1.652156,2.549816,-0.000137,0.197304
11.180000,-1.052268,0.333336,-2.041289,-0.059811,0.000001,1.655267,2.543795,-0.000125,0.113749
11.200000,-1.052956,0.333336,-2.008166,-0.008995,-0.000001,1.656706,2.537775,-0.000114,0.030195
11.220000,-1.052629,0.333336,-1.975032,0.041700,-0.000003,1.656475,2.531754,-0.000102,-0.053360
11.240000,-1.051289,0.333336,-1.941918,0.092275,-0.000005,1.654572,2.525734,-0.000090,-0.136915
11.260000,-1.048938,0.333336,-1.908860,0.142730,-0.000007,1.650998,2.519714,-0.000079,-0.220470
11.280000,-1.045580,0.333336,-1.875890,0.193064,-0.000008,1.645753,2.513693,-0.000067,-0.304025
11.300000,-1.041217,0.333336,-1.843041,0.243277,-0.000010,1.638837,2.507673,-0.000055,-0.387580
11.320000,-1.035850,0.333335,-1.810347,0.293371,-0.000011,1.630250,2.501652,-0.000044,-0.471135
11.340000,-1.029483,0.333335,-1.777842,0.343344,-0.000011,1.619992,2.495632,-0.000032,-0.554690
11.360000,-1.022117,0.333335,-1.745559,0.393196,-0.000012,1.608062,2.489611,-0.000020,-0.638245
11.380000,-1.013756,0.333335,-1.713531,0.442928,-0.000012,1.594462,2.483591,-0.000008,-0.721800
11.400000,-1.004401,0.333334,-1.681791,0.492540,-0.000012,1.579190,2.477571,0.000003,-0.805354
11.420000,-0.994055,0.333334,-1.650374,0.542031,-0.000012,1.562248,2.471550,0.000015,-0.888909
11.440000,-0.982720,0.333334,-1.619313,0.591402,-0.000012,1.543634,2.465530,0.000027,-0.972464
11.460000,-0.970400,0.333334,-1.588640,0.640652,-0.000011,1.523349,2.459509,0.000038,-1.056019
11.480000,-0.957095,0.333334,-1.558390,0.689782,-0.000010,1.501393,2.453489,0.000050,-1.139574
11.500000,-0.942809,0.333333,-1.528595,0.738792,-0.000009,1.477766,2.447469,0.000062,-1.223129
11.520000,-0.927548,0.333333,-1.499288,0.787109,-0.000008,1.452753,2.384249,0.000059,-1.278230
11.540000,-0.911333,0.333333,-1.470493,0.834162,-0.000007,1.426637,2.321030,0.000056,-1.333330
11.560000,-0.894190,0.333333,-1.442230,0.879950,-0.000005,1.399419,2.257810,0.000052,-1.388431
11.580000,-0.876144,0.333333,-1.414523,0.924474,-0.000004,1.371100,2.194591,0.000049,-1.443531
11.600000,-0.857219,0.333333,-1.387394,0.967734,-0.000004,1.341678,2.131371,0.000046,-1.498632
11.620000,-0.837443,0.333333,-1.360864,1.009729,-0.000003,1.311154,2.068152,0.000043,-1.553733
11.640000,-0.816839,0.333333,-1.334955,1.050460,-0.000002,1.279529,2.004932,0.000040,-1.608833
11.660000,-0.795433,0.333333,-1.309690,1.089926,-0.000001,1.246801,1.941712,0.000037,-1.663934
11.680000,-0.773250,0.333333,-1.285090,1.128128,-0.000000,1.212971,1.878493,0.000034,-1.719035
11.700000,-0.750316,0.333333,-1.261178,1.165066,0.000000,1.178040,1.815273,0.000030,-1.774135
11.720000,-0.726656,0.333333,-1.237976,1.200739,0.000001,1.142006,1.752054,0.000027,-1.829236
11.740000,-0.702295,0.333333,-1.215505,1.235148,0.000001,1.104870,1.688834,0.000024,-1.884336
11.760000,-0.677258,0.333333,-1.193788,1.268292,0.000002,1.066633,1.625615,0.000021,-1.939437
11.780000,-0.651572,0.333333,-1.172847,1.300173,0.000002,1.027293,1.562395,0.000018,-1.994538
11.800000,-0.625260,0.333333,-1.152704,1.330788,0.000003,0.986851,1.499176,0.000015,-2.049638
11.820000,-0.598348,0.333333,-1.133381,1.360140,0.000003,0.945307,1.435956,0.000012,-2.104739
11.840000,-0.570863,0.333333,-1.114899,1.388227,0.000003,0.902662,1.372737,0.000009,-2.159840
11.860000,-0.542828,0.333333,-1.097282,1.415049,0.000003,0.858914,1.309517,0.000005,-2.214940
11.880000,-0.514269,0.333333,-1.080550,1.440607,0.000003,0.814064,1.246298,0.000002,-2.270041
11.900000,-0.485212,0.333333,-1.064726,1.464901,0.000003,0.768112,1.183078,-0.000001,-2.325142
11.920000,-0.455682,0.333333,-1.049833,1.487930,0.000003,0.721058,1.119859,-0.000004,-2.380242
11.940000,-0.425703,0.333333,-1.035891,1.509695,0.000003,0.672902,1.056639,-0.000007,-2.435343
11.960000,-0.395302,0.333333,-1.022924,1.530196,0.000003,0.623645,0.993420,-0.000010,-2.490443
11.980000,-0.364504,0.333333,-1.010953,1.549432,0.000003,0.573285,0.930200,-0.000013,-2.545544
12.000000,-0.333333,0.333333,-1.000000,1.567404,0.000002,0.521823,0.866981,-0.000017,-2.600645
12.020000,-0.301817,0.333333,-0.990083,1.583905,0.000002,0.469877,0.783138,-0.000016,-2.593946
12.040000,-0.269988,0.333333,-0.981204,1.598729,0.000002,0.418065,0.699294,-0.000015,-2.587246
12.060000,-0.237879,0.333333,-0.973360,1.611877,0.000001,0.366387,0.615451,-0.000014,-2.580547
12.080000,-0.205524,0.333333,-0.966548,1.623347,0.000001,0.314843,0.531608,-0.000013,-2.573848
12.100000,-0.172957,0.333333,-0.960765,1.633141,0.000001,0.263433,0.447765,-0.000012,-2.567149
12.120000,-0.140210,0.333334,-0.956009,1.641258,0.000001,0.212157,0.363921,-0.000012,-2.560450
12.140000,-0.107318,0.333334,-0.952278,1.647698,0.000000,0.161015,0.280078,-0.000011,-2.553751
12.160000,-0.074313,0.333334,-0.949568,1.652461,0.000000,0.110007,0.196235,-0.000010,-2.547052
12.180000,-0.041230,0.333334,-0.947877,1.655547,0.000000,0.059133,0.112392,-0.000009,-2.540353
12.200000,-0.008102,0.333334,-0.947202,1.656957,-0.000000,0.008393,0.028548,-0.000008,-2.533654
12.220000,0.025037,0.333334,-0.947540,1.656689,-0.000000,-0.042213,-0.055295,-0.000007,-2.526954
12.240000,0.058154,0.333334,-0.948889,1.654745,-0.000000,-0.092685,-0.139138,-0.000006,-2.520255
12.260000,0.091215,0.333334,-0.951247,1.651124,-0.000000,-0.143023,-0.222981,-0.000006,-2.513556
12.280000,0.124188,0.333334,-0.954609,1.645826,-0.000001,-0.193227,-0.306825,-0.000005,-2.506857
12.300000,0.157037,0.333333,-0.958975,1.638851,-0.000001,-0.243298,-0.390668,-0.000004,-2.500158
12.320000,0.189731,0.333333,-0.964340,1.630199,-0.000001,-0.293234,-0.474511,-0.000003,-2.493459
12.340000,0.222234,0.333333,-0.970703,1.619870,-0.000001,-0.343036,-0.558354,-0.000002,-2.486760
12.360000,0.254514,0.333333,-0.978061,1.607865,-0.000001,-0.392704,-0.642197,-0.000001,-2.480061
12.380000,0.286537,0.333333,-0.986411,1.594183,-0.000001,-0.442238,-0.726041,-0.000001,-2.473362
12.400000,0.318270,0.333333,-0.995750,1.578823,-0.000001,-0.491639,-0.809884,0.000000,-2.466662
12.420000,0.349679,0.333333,-1.006075,1.561787,-0.000001,-0.540905,-0.893727,0.000001,-2.459963
12.440000,0.380731,0.333333,-1.017385,1.543074,-0.000001,-0.590037,-0.977570,0.000002,-2.453264
12.460000,0.411391,0.333333,-1.029676,1.522684,-0.000001,-0.639035,-1.061414,0.000003,-2.446565
12.480000,0.441627,0.333333,-1.042945,1.500618,-0.000001,-0.687900,-1.145257,0.000004,-2.439866
12.500000,0.471405,0.333333,-1.057191,1.476874,-0.000001,-0.736630,-1.229100,0.000004,-2.433167
12.520000,0.500693,0.333333,-1.072406,1.451753,-0.000001,-0.784689,-1.283056,0.000004,-2.372701
12.540000,0.529467,0.333333,-1.088570,1.425552,-0.000000,-0.831538,-1.337012,0.000004,-2.312235
12.560000,0.557707,0.333333,-1.105660,1.398272,-0.000000,-0.877178,-1.390968,0.000004,-2.251769
12.580000,0.585391,0.333333,-1.123650,1.369913,-0.000000,-0.921609,-1.444924,0.000004,-2.191304
12.600000,0.612497,0.333333,-1.142516,1.340475,-0.000000,-0.964830,-1.498880,0.000003,-2.130838
12.620000,0.639003,0.333333,-1.162235,1.309958,-0.000000,-1.006842,-1.552835,0.000003,-2.070372
12.640000,0.664888,0.333333,-1.182782,1.278362,-0.000000,-1.047645,-1.606791,0.000003,-2.009906
12.660000,0.690130,0.333333,-1.204132,1.245686,-0.000000,-1.087239,-1.660747,0.000003,-1.949440
12.680000,0.714708,0.333333,-1.226263,1.211932,-0.000000,-1.125623,-1.714703,0.000002,-1.888975
12.700000,0.738600,0.333333,-1.249149,1.177098,0.000000,-1.162798,-1.768659,0.000002,-1.828509
12.720000,0.761785,0.333333,-1.272767,1.141185,0.000000,-1.198763,-1.822615,0.000002,-1.768043
12.740000,0.784240,0.333333,-1.297092,1.104194,0.000000,-1.233519,-1.876571,0.000002,-1.707577
12.760000,0.805945,0.333333,-1.322100,1.066123,0.000000,-1.267066,-1.930527,0.000002,-1.647111
12.780000,0.826878,0.333333,-1.347766,1.026973,0.000000,-1.299404,-1.984483,0.000001,-1.586646
12.800000,0.847017,0.333333,-1.374068,0.986743,0.000000,-1.330532,-2.038438,0.000001,-1.526180
12.820000,0.866341,0.333333,-1.400980,0.945435,0.000000,-1.360451,-2.092394,0.000001,-1.465714
12.840000,0.884827,0.333333,-1.428478,0.903048,0.000000,-1.389161,-2.146350,0.000001,-1.405248
12.860000,0.902455,0.333333,-1.456538,0.859581,0.000000,-1.416661,-2.200306,0.000000,-1.344782
12.880000,0.919203,0.333333,-1.485136,0.815035,0.000000,-1.442952,-2.254262,0.000000,-1.284317
12.900000,0.935050,0.333333,-1.514248,0.769410,0.000000,-1.468034,-2.308218,-0.000000,-1.223851
12.920000,0.949973,0.333333,-1.543849,0.722707,0.000000,-1.491906,-2.362174,-0.000000,-1.163385
12.940000,0.963951,0.333333,-1.573916,0.674924,0.000000,-1.514569,-2.416130,-0.000001,-1.102919
12.960000,0.976962,0.333333,-1.604424,0.626061,0.000000,-1.536023,-2.470086,-0.000001,-1.042453
12.980000,0.988986,0.333333,-1.635349,0.576120,0.000000,-1.556267,-2.524041,-0.000001,-0.981988
13.000000,1.000000,0.333333,-1.666667,0.525100,0.000000,-1.575302,-2.577997,-0.000001,-0.921522
13.020000,1.009987,0.333333,-1.698351,0.473564,0.000000,-1.592791,-2.575589,-0.000001,-0.827342
13.040000,1.018943,0.333333,-1.730366,0.422076,0.000000,-1.608396,-2.573180,-0.000001,-0.733163
13.060000,1.026870,0.333333,-1.762674,0.370637,0.000000,-1.622117,-2.570772,-0.000001,-0.638984
13.080000,1.033769,0.333333,-1.795238,0.319245,0.000000,-1.633955,-2.568363,-0.000001,-0.544804
13.100000,1.039640,0.333333,-1.828020,0.267902,0.000000,-1.643910,-2.565955,-0.000001,-0.450625
13.120000,1.044485,0.333333,-1.860982,0.216607,0.000000,-1.651980,-2.563546,-0.000001,-0.356446
13.140000,1.048305,0.333333,-1.894086,0.165360,0.000000,-1.658167,-2.561138,-0.000001,-0.262266
13.160000,1.051100,0.333333,-1.927296,0.114162,0.000000,-1.662471,-2.558729,-0.000001,-0.168087
13.180000,1.052871,0.333333,-1.960573,0.063011,0.000000,-1.664891,-2.556321,-0.000001,-0.073907
13.200000,1.053621,0.333333,-1.993879,0.011909,-0.000000,-1.665427,-2.553912,-0.000001,0.020272
13.220000,1.053348,0.333333,-2.027177,-0.039145,-0.000000,-1.664080,-2.551504,-0.000001,0.114451
13.240000,1.052055,0.333333,-2.060430,-0.090151,-0.000000,-1.660849,-2.549096,-0.000000,0.208631
13.260000,1.049742,0.333333,-2.093599,-0.141109,-0.000000,-1.655735,-2.546687,-0.000000,0.302810
13.280000,1.046411,0.333333,-2.126646,-0.192019,-0.000000,-1.648737,-2.544279,-0.000000,0.396989
13.300000,1.042062,0.333333,-2.159535,-0.242880,-0.000000,-1.639855,-2.541870,-0.000000,0.491169
13.320000,1.036696,0.333333,-2.192228,-0.293694,-0.000000,-1.629090,-2.539462,-0.000000,0.585348
13.340000,1.030315,0.333333,-2.224687,-0.344459,-0.000000,-1.616441,-2.537053,-0.000000,0.679528
13.360000,1.022918,0.333333,-2.256873,-0.395176,-0.000000,-1.601909,-2.534645,-0.000000,0.773707
13.380000,1.014508,0.333333,-2.288750,-0.445845,-0.000000,-1.585493,-2.532236,-0.000000,0.867886
13.400000,1.005085,0.333333,-2.320280,-0.496465,-0.000000,-1.567194,-2.529828,0.000000,0.962066
13.420000,0.994650,0.333333,-2.351426,-0.547038,-0.000000,-1.547010,-2.527419,0.000000,1.056245
13.440000,0.983203,0.333333,-2.382148,-0.597562,-0.000000,-1.524944,-2.525011,0.000000,1.150424
13.460000,0.970747,0.333333,-2.412411,-0.648038,-0.000000,-1.500993,-2.522602,0.000000,1.244604
13.480000,0.957282,0.333333,-2.442175,-0.698466,-0.000000,-1.475160,-2.520194,0.000000,1.338783
13.500000,0.942809,0.333333,-2.471405,-0.748846,-0.000000,-1.447442,-2.517785,0.000000,1.432963
13.520000,0.927334,0.333333,-2.500066,-0.798437,-0.000000,-1.418629,-2.441302,0.000000,1.448328
13.540000,0.910882,0.333333,-2.528148,-0.846498,-0.000000,-1.389509,-2.364818,0.000000,1.463693
13.560000,0.893484,0.333333,-2.555644,-0.893029,-0.000000,-1.360081,-2.288335,0.000000,1.479058
13.580000,0.875171,0.333333,-2.582549,-0.938031,-0.000000,-1.330347,-2.211851,0.000000,1.494423
13.600000,0.855973,0.333333,-2.608856,-0.981504,-0.000000,-1.300305,-2.135367,0.000000,1.509788
13.620000,0.835921,0.333333,-2.634559,-1.023446,-0.000000,-1.269955,-2.058884,0.000000,1.525153
13.640000,0.815045,0.333333,-2.659652,-1.063859,-0.000000,-1.239298,-1.982400,0.000000,1.540518
13.660000,0.793377,0.333333,-2.684129,-1.102742,-0.000000,-1.208334,-1.905917,0.000000,1.555883
13.680000,0.770946,0.333333,-2.707983,-1.140096,-0.000000,-1.177063,-1.829433,0.000000,1.571248
13.700000,0.747783,0.333333,-2.731209,-1.175919,0.000000,-1.145485,-1.752949,0.000000,1.586613
13.720000,0.723919,0.333333,-2.753801,-1.210214,0.000000,-1.113599,-1.676466,0.000000,1.601978
13.740000,0.699385,0.333333,-2.775751,-1.242978,0.000000,-1.081405,-1.599982,0.000000,1.617343
13.760000,0.674210,0.333333,-2.797055,-1.274213,0.000000,-1.048905,-1.523499,0.000000,1.632708
13.780000,0.648426,0.333333,-2.817705,-1.303918,0.000000,-1.016097,-1.447015,0.000000,1.648073
13.800000,0.622064,0.333333,-2.837697,-1.332093,0.000000,-0.982982,-1.370531,0.000000,1.663438
13.820000,0.595153,0.333333,-2.857023,-1.358739,0.000000,-0.949560,-1.294048,0.000000,1.678803
13.840000,0.567724,0.333333,-2.875677,-1.383855,0.000000,-0.915830,-1.217564,0.000000,1.694168
13.860000,0.539809,0.333333,-2.893654,-1.407442,0.000000,-0.881793,-1.141081,0.000000,1.709533
13.880000,0.511437,0.333333,-2.910947,-1.429499,0.000000,-0.847449,-1.064597,0.000000,1.724898
13.900000,0.482639,0.333333,-2.927550,-1.450026,0.000000,-0.812797,-0.988114,-0.000000,1.740263
13.920000,0.453446,0.333333,-2.943457,-1.469023,0.000000,-0.777838,-0.911630,-0.000000,1.755628
13.940000,0.423888,0.333333,-2.958661,-1.486491,0.000000,-0.742572,-0.835146,-0.000000,1.770993
13.960000,0.393997,0.333333,-2.973157,-1.502429,0.000000,-0.706998,-0.758663,-0.000000,1.786358
13.980000,0.363801,0.333333,-2.986939,-1.516837,0.000000,-0.671117,-0.682179,-0.000000,1.801723
14.000000,0.333333,0.333333,-3.000000,-1.529716,0.000000,-0.634929,-0.605696,-0.000000,1.817088
14.020000,0.302620,0.333333,-3.012326,-1.541486,0.000000,-0.597171,-0.571297,-0.000000,1.958707
14.040000,0.271678,0.333333,-3.023868,-1.552568,0.000000,-0.556581,-0.536898,-0.000000,2.100326
14.060000,0.240522,0.333333,-3.034570,-1.562962,0.000000,-0.513158,-0.502499,-0.000000,2.241945
14.080000,0.209165,0.333333,-3.044375,-1.572668,0.000000,-0.466903,-0.468100,-0.000000,2.383564
14.100000,0.177620,0.333333,-3.053227,-1.581686,0.000000,-0.417816,-0.433701,-0.000000,2.525182
14.120000,0.145902,0.333333,-3.061069,-1.590016,0.000000,-0.365896,-0.399302,-0.000000,2.666801
14.140000,0.114024,0.333333,-3.067844,-1.597658,0.000000,-0.311144,-0.364903,-0.000000,2.808420
14.160000,0.082000,0.333333,-3.073496,-1.604612,0.000000,-0.253559,-0.330505,-0.000000,2.950039
14.180000,0.049844,0.333333,-3.077968,-1.610878,0.000000,-0.193142,-0.296106,-0.000000,3.091658
14.200000,0.017569,0.333333,-3.081203,-1.616456,-0.000000,-0.129893,-0.261707,-0.000000,3.233276
14.220000,-0.014810,0.333333,-3.083145,-1.621347,-0.000000,-0.063811,-0.227308,-0.000000,3.374895
14.240000,-0.047280,0.333333,-3.083736,-1.625549,-0.000000,0.005103,-0.192909,-0.000000,3.516514
14.260000,-0.079827,0.333333,-3.082922,-1.629063,-0.000000,0.076849,-0.158510,-0.000000,3.658133
14.280000,-0.112438,0.333333,-3.080644,-1.631889,-0.000000,0.151428,-0.124111,-0.000000,3.799752
14.300000,-0.145098,0.333333,-3.076846,-1.634027,-0.000000,0.228839,-0.089712,-0.000000,3.941370
14.320000,-0.177794,0.333333,-3.071471,-1.635478,-0.000000,0.309083,-0.055314,-0.000000,4.082989
14.340000,-0.210513,0.333333,-3.064463,-1.636240,-0.000000,0.392159,-0.020915,-0.000000,4.224608
14.360000,-0.243239,0.333333,-3.055766,-1.636314,-0.000000,0.478067,0.013484,-0.000000,4.366227
14.380000,-0.275961,0.333333,-3.045322,-1.635701,-0.000000,0.566808,0.047883,-0.000000,4.507846
14.400000,-0.308663,0.333333,-3.033075,-1.634399,-0.000000,0.658381,0.082282,0.000000,4.649464
14.420000,-0.341332,0.333333,-3.018968,-1.632409,-0.000000,0.752787,0.116681,0.000000,4.791083
14.440000,-0.373954,0.333333,-3.002944,-1.629732,-0.000000,0.850025,0.151080,0.000000,4.932702
14.460000,-0.406517,0.333333,-2.984948,-1.626366,-0.000000,0.950095,0.185478,0.000000,5.074321
14.480000,-0.439005,0.333333,-2.964922,-1.622313,-0.000000,1.052997,0.219877,0.000000,5.215940
14.500000,-0.471405,0.333333,-2.942809,-1.617571,-0.000000,1.158732,0.254276,0.000000,5.357558
14.520000,-0.503689,0.333333,-2.918604,-1.610101,-0.000000,1.259743,0.492746,0.000000,4.743556
14.540000,-0.535777,0.333333,-2.892501,-1.597861,-0.000000,1.348475,0.731215,0.000000,4.129555
14.560000,-0.567572,0.333333,-2.864747,-1.580852,-0.000000,1.424926,0.969684,0.000000,3.515553
14.580000,-0.598979,0.333333,-2.835586,-1.559074,-0.000000,1.489097,1.208153,0.000000,2.901551
14.600000,-0.629903,0.333333,-2.805265,-1.532526,-0.000000,1.540988,1.446623,0.000000,2.287549
14.620000,-0.660248,0.333333,-2.774028,-1.501209,-0.000000,1.580599,1.685092,0.000000,1.673547
14.640000,-0.689920,0.333333,-2.742123,-1.465122,-0.000000,1.607930,1.923561,0.000000,1.059545
14.660000,-0.718821,0.333333,-2.709793,-1.424266,-0.000000,1.622980,2.162030,0.000000,0.445544
14.680000,-0.746858,0.333333,-2.677285,-1.378641,0.000000,1.625751,2.400500,0.000000,-0.168458
14.700000,-0.773935,0.333333,-2.644845,-1.328246,0.000000,1.616242,2.638969,0.000000,-0.782460
14.720000,-0.799956,0.333333,-2.612717,-1.273082,0.000000,1.594453,2.877438,0.000000,-1.396462
14.740000,-0.824827,0.333333,-2.581149,-1.213149,0.000000,1.560384,3.115907,0.000000,-2.010464
14.760000,-0.848451,0.333333,-2.550384,-1.148446,0.000000,1.514034,3.354377,0.000000,-2.624466
14.780000,-0.870733,0.333333,-2.520669,-1.078974,0.000000,1.455405,3.592846,0.000000,-3.238467
14.800000,-0.891578,0.333333,-2.492250,-1.004732,0.000000,1.384496,3.831315,0.000000,-3.852469
14.820000,-0.910890,0.333333,-2.465371,-0.925721,0.000000,1.301306,4.069784,0.000000,-4.466471
14.840000,-0.928575,0.333333,-2.440279,-0.841941,0.000000,1.205837,4.308254,-0.000000,-5.080473
14.860000,-0.944536,0.333333,-2.417220,-0.753391,0.000000,1.098087,4.546723,-0.000000,-5.694475
14.880000,-0.958679,0.333333,-2.396438,-0.660072,0.000000,0.978058,4.785192,-0.000000,-6.308477
14.900000,-0.970907,0.333333,-2.378179,-0.561983,0.000000,0.845748,5.023661,-0.000000,-6.922478
14.920000,-0.981126,0.333333,-2.362690,-0.459126,0.000000,0.701159,5.262131,-0.000000,-7.536480
14.940000,-0.989240,0.333333,-2.350215,-0.351498,0.000000,0.544289,5.500600,-0.000000,-8.150482
14.960000,-0.995154,0.333333,-2.341000,-0.239102,0.000000,0.375139,5.739069,-0.000000,-8.764484
14.980000,-0.998773,0.333333,-2.335291,-0.121935,0.000000,0.193710,5.977538,-0.000000,-9.378486
