0.000000,0.000000,0.000000,0.000000,0.000000,0.000000,0.000000,6.127406,0.000001,-9.803848
0.020000,0.001211,0.000000,-0.001938,0.120372,0.000000,-0.192595,5.909761,0.000001,-9.455617
0.040000,0.004786,0.000000,-0.007657,0.236390,0.000000,-0.378225,5.692117,0.000001,-9.107386
0.060000,0.010638,0.000000,-0.017020,0.348056,0.000000,-0.556890,5.474473,0.000001,-8.759155
0.080000,0.018679,0.000000,-0.029887,0.455369,0.000000,-0.728591,5.256828,0.000001,-8.410925
0.100000,0.028823,0.000000,-0.046117,0.558329,0.000000,-0.893327,5.039184,0.000001,-8.062694
0.120000,0.040983,0.000000,-0.065573,0.656937,0.000000,-1.051099,4.821540,0.000000,-7.714463
0.140000,0.055072,0.000000,-0.088115,0.751191,0.000000,-1.201906,4.603895,0.000000,-7.366232
0.160000,0.071002,0.000000,-0.113603,0.841093,0.000000,-1.345748,4.386251,0.000000,-7.018001
0.180000,0.088686,0.000000,-0.141898,0.926641,0.000000,-1.482626,4.168607,0.000000,-6.669770
0.200000,0.108038,0.000000,-0.172862,1.007837,0.000000,-1.612539,3.950962,0.000000,-6.321539
0.220000,0.128971,0.000000,-0.206353,1.084680,0.000000,-1.735487,3.733318,0.000000,-5.973308
0.240000,0.151397,0.000000,-0.242235,1.157169,0.000000,-1.851471,3.515674,0.000000,-5.625077
0.260000,0.175229,0.000000,-0.280366,1.225307,0.000000,-1.960490,3.298029,0.000000,-5.276847
0.280000,0.200380,0.000000,-0.320608,1.289091,0.000000,-2.062545,3.080385,0.000000,-4.928616
0.300000,0.226763,0.000000,-0.362821,1.348522,0.000000,-2.157635,2.862741,0.000000,-4.580385
0.320000,0.254292,0.000000,-0.406867,1.403600,0.000000,-2.245760,2.645096,0.000000,-4.232154
0.340000,0.282878,0.000000,-0.452605,1.454326,0.000000,-2.326921,2.427452,-0.000000,-3.883923
0.360000,0.312436,0.000000,-0.499897,1.500698,0.000000,-2.401117,2.209808,-0.000000,-3.535692
0.380000,0.342877,0.000000,-0.548603,1.542718,0.000000,-2.468349,1.992163,-0.000000,-3.187461
0.400000,0.374115,0.000000,-0.598585,1.580385,0.000000,-2.528616,1.774519,-0.000000,-2.839230
0.420000,0.406064,0.000000,-0.649702,1.613699,0.000000,-2.581918,1.556875,-0.000000,-2.490999
0.440000,0.438634,0.000000,-0.701815,1.642660,0.000000,-2.628256,1.339230,-0.000000,-2.142769
0.460000,0.471741,0.000000,-0.754785,1.667268,0.000000,-2.667629,1.121586,-0.000000,-1.794538
0.480000,0.505296,0.000000,-0.808474,1.687523,0.000000,-2.700037,0.903942,-0.000000,-1.446307
0.500000,0.539213,0.000000,-0.862741,1.703426,0.000000,-2.725481,0.686297,-0.000000,-1.098076
0.520000,0.573404,0.000000,-0.917447,1.714975,0.000000,-2.743960,0.468653,-0.000000,-0.749845
0.540000,0.607783,0.000000,-0.972452,1.722172,0.000000,-2.755475,0.251009,-0.000000,-0.401614
0.560000,0.642262,0.000000,-1.027619,1.725016,0.000000,-2.760025,0.033364,-0.000000,-0.053383
0.580000,0.676754,0.000000,-1.082807,1.723506,0.000000,-2.757610,-0.184280,-0.000001,0.294848
0.600000,0.711173,0.000000,-1.137877,1.717644,0.000000,-2.748231,-0.401924,-0.000001,0.643078
0.620000,0.745431,0.000000,-1.192690,1.707429,0.000000,-2.731887,-0.619569,-0.000001,0.991309
0.640000,0.779441,0.000000,-1.247106,1.692862,0.000000,-2.708579,-0.837213,-0.000001,1.339540
0.660000,0.813117,0.000000,-1.300987,1.673941,0.000000,-2.678305,-1.054857,-0.000001,1.687771
0.680000,0.846370,0.000000,-1.354192,1.650667,-0.000000,-2.641068,-1.272502,-0.000001,2.036002
0.700000,0.879114,0.000000,-1.406583,1.623041,-0.000000,-2.596865,-1.490146,-0.000001,2.384233
0.720000,0.911263,0.000000,-1.458020,1.591061,-0.000000,-2.545698,-1.707790,-0.000001,2.732464
0.740000,0.942728,0.000000,-1.508364,1.554729,-0.000000,-2.487567,-1.925435,-0.000001,3.080695
0.760000,0.973423,0.000000,-1.557476,1.514044,-0.000000,-2.422471,-2.143079,-0.000001,3.428926
0.780000,1.003260,0.000000,-1.605217,1.469006,-0.000000,-2.350410,-2.360723,-0.000001,3.777156
0.800000,1.032154,0.000000,-1.651446,1.419615,-0.000000,-2.271384,-2.578368,-0.000001,4.125387
0.820000,1.060016,0.000000,-1.696026,1.365871,-0.000000,-2.185394,-2.796012,-0.000001,4.473618
0.840000,1.086760,0.000000,-1.738816,1.307775,-0.000000,-2.092440,-3.013656,-0.000001,4.821849
0.860000,1.112298,0.000000,-1.779677,1.245325,-0.000000,-1.992520,-3.231301,-0.000001,5.170080
0.880000,1.136544,0.000000,-1.818470,1.178523,-0.000000,-1.885636,-3.448945,-0.000001,5.518311
0.900000,1.159410,0.000000,-1.855056,1.107367,-0.000000,-1.771788,-3.666589,-0.000001,5.866542
0.920000,1.180809,0.000000,-1.889295,1.031859,-0.000000,-1.650975,-3.884234,-0.000001,6.214773
0.940000,1.200655,0.000000,-1.921048,0.951998,-0.000000,-1.523197,-4.101878,-0.000001,6.563004
0.960000,1.218860,0.000000,-1.950177,0.867784,-0.000000,-1.388455,-4.319522,-0.000001,6.911234
0.980000,1.235338,0.000000,-1.976540,0.779217,-0.000000,-1.246748,-4.537167,-0.000001,7.259465
1.000000,1.250000,0.000000,-2.000000,0.686297,-0.000000,-1.098076,-4.754811,-0.000001,7.607696
1.020000,1.262791,-0.000000,-2.020466,0.593613,-0.000000,-0.949780,-4.513656,-0.000001,7.221849
1.040000,1.273777,-0.000000,-2.038043,0.505751,-0.000000,-0.809202,-4.272502,-0.000001,6.836002
1.060000,1.283053,-0.000000,-2.052885,0.422712,-0.000000,-0.676340,-4.031347,-0.000000,6.450155
1.080000,1.290717,-0.000000,-2.065148,0.344497,-0.000000,-0.551196,-3.790192,-0.000000,6.064308
1.100000,1.296865,-0.000000,-2.074985,0.271105,-0.000000,-0.433768,-3.549038,0.000000,5.678461
1.120000,1.301594,-0.000000,-2.082550,0.202536,-0.000000,-0.324057,-3.307883,0.000001,5.292614
1.140000,1.304999,-0.000000,-2.087998,0.138789,-0.000000,-0.222064,-3.066728,0.000001,4.906767
1.160000,1.307177,-0.000000,-2.091484,0.079866,-0.000000,-0.127787,-2.825574,0.000001,4.520920
1.180000,1.308226,-0.000000,-2.093161,0.025766,-0.000000,-0.041227,-2.584419,0.000002,4.135072
1.200000,1.308240,-0.000000,-2.093184,-0.023510,-0.000000,0.037616,-2.343264,0.000002,3.749225
1.220000,1.307317,-0.000000,-2.091708,-0.067964,-0.000000,0.108742,-2.102110,0.000002,3.363378
1.240000,1.305554,-0.000000,-2.088886,-0.107595,-0.000000,0.172151,-1.860955,0.000003,2.977531
1.260000,1.303046,-0.000000,-2.084873,-0.142402,-0.000000,0.227843,-1.619800,0.000003,2.591684
1.280000,1.299890,-0.000000,-2.079824,-0.172387,-0.000000,0.275819,-1.378646,0.000003,2.205837
1.300000,1.296182,-0.000000,-2.073892,-0.197548,-0.000000,0.316077,-1.137491,0.000004,1.819990
1.320000,1.292020,-0.000000,-2.067232,-0.217886,0.000000,0.348618,-0.896336,0.000004,1.434143
1.340000,1.287499,-0.000000,-2.059999,-0.233402,0.000000,0.373443,-0.655182,0.000005,1.048296
1.360000,1.282716,-0.000000,-2.052346,-0.244094,0.000000,0.390550,-0.414027,0.000005,0.662449
1.380000,1.277768,-0.000000,-2.044428,-0.249963,0.000000,0.399941,-0.172872,0.000005,0.276602
1.400000,1.272750,-0.000000,-2.036400,-0.251009,0.000000,0.401614,0.068282,0.000006,-0.109246
1.420000,1.267759,-0.000000,-2.028415,-0.247231,0.000001,0.395571,0.309437,0.000006,-0.495093
1.440000,1.262893,-0.000000,-2.020628,-0.238631,0.000001,0.381810,0.550592,0.000006,-0.880940
1.460000,1.258246,-0.000000,-2.013194,-0.225208,0.000001,0.360333,0.791746,0.000007,-1.266787
1.480000,1.253917,-0.000000,-2.006267,-0.206961,0.000001,0.331139,1.032901,0.000007,-1.652634
1.500000,1.250000,0.000000,-2.000000,-0.183892,0.000001,0.294228,1.274056,0.000007,-2.038481
1.520000,1.246573,0.000000,-1.994516,-0.159057,0.000001,0.254492,1.209437,0.000006,-1.935093
1.540000,1.243629,0.000000,-1.989807,-0.135514,0.000001,0.216824,1.144818,0.000005,-1.831704
1.560000,1.241143,0.000000,-1.985829,-0.113264,0.000001,0.181224,1.080200,0.000003,-1.728316
1.580000,1.239090,0.000000,-1.982544,-0.092306,0.000001,0.147692,1.015581,0.000002,-1.624928
1.600000,1.237443,0.000000,-1.979908,-0.072641,0.000001,0.116227,0.950962,0.000000,-1.521539
1.620000,1.236176,0.000000,-1.977881,-0.054268,0.000001,0.086830,0.886344,-0.000001,-1.418151
1.640000,1.235263,0.000000,-1.976421,-0.037187,0.000001,0.059501,0.821725,-0.000003,-1.314763
1.660000,1.234680,0.000000,-1.975487,-0.021399,0.000001,0.034239,0.757106,-0.000004,-1.211374
1.680000,1.234399,0.000000,-1.975038,-0.006903,0.000001,0.011046,0.692487,-0.000005,-1.107986
1.700000,1.234395,0.000000,-1.975031,0.006301,0.000001,-0.010080,0.627869,-0.000007,-1.004598
1.720000,1.234642,0.000000,-1.975427,0.018212,0.000001,-0.029138,0.563250,-0.000008,-0.901209
1.740000,1.235115,0.000000,-1.976183,0.028831,0.000001,-0.046128,0.498631,-0.000010,-0.797821
1.760000,1.235787,0.000000,-1.977258,0.038157,0.000001,-0.061051,0.434013,-0.000011,-0.694432
1.780000,1.236632,0.000000,-1.978611,0.046191,0.000000,-0.073906,0.369394,-0.000012,-0.591044
1.800000,1.237626,0.000000,-1.980201,0.052933,0.000000,-0.084693,0.304775,-0.000014,-0.487656
1.820000,1.238741,0.000000,-1.981985,0.058382,-0.000000,-0.093412,0.240156,-0.000015,-0.384267
1.840000,1.239952,0.000000,-1.983924,0.062539,-0.000000,-0.100063,0.175538,-0.000017,-0.280879
1.860000,1.241234,0.000000,-1.985974,0.065404,-0.000001,-0.104647,0.110919,-0.000018,-0.177491
1.880000,1.242560,0.000000,-1.988096,0.066976,-0.000001,-0.107163,0.046300,-0.000019,-0.074102
1.900000,1.243904,0.000000,-1.990247,0.067256,-0.000002,-0.107611,-0.018318,-0.000021,0.029286
1.920000,1.245242,0.000000,-1.992386,0.066243,-0.000002,-0.105992,-0.082937,-0.000022,0.132674
1.940000,1.246546,0.000000,-1.994473,0.063938,-0.000002,-0.102304,-0.147556,-0.000024,0.236063
1.960000,1.247791,0.000000,-1.996465,0.060341,-0.000003,-0.096549,-0.212174,-0.000025,0.339451
1.980000,1.248951,0.000000,-1.998321,0.055451,-0.000003,-0.088726,-0.276793,-0.000026,0.442839
2.000000,1.250000,0.000000,-2.000000,0.049269,-0.000004,-0.078835,-0.341412,-0.000028,0.546228
2.020000,1.250918,-0.000000,-2.001469,0.042614,-0.000005,-0.068188,-0.324092,-0.000023,0.518521
2.040000,1.251707,-0.000000,-2.002731,0.036306,-0.000005,-0.058095,-0.306772,-0.000017,0.490815
2.060000,1.252373,-0.000000,-2.003797,0.030343,-0.000005,-0.048555,-0.289451,-0.000012,0.463109
2.080000,1.252923,-0.000000,-2.004677,0.024728,-0.000005,-0.039570,-0.272131,-0.000007,0.435402
2.100000,1.253364,-0.000000,-2.005383,0.019458,-0.000005,-0.031139,-0.254811,-0.000001,0.407696
2.120000,1.253704,-0.000001,-2.005926,0.014535,-0.000005,-0.023262,-0.237491,0.000004,0.379990
2.140000,1.253948,-0.000001,-2.006317,0.009959,-0.000005,-0.015940,-0.220171,0.000009,0.352284
2.160000,1.254104,-0.000001,-2.006568,0.005728,-0.000005,-0.009171,-0.202851,0.000014,0.324577
2.180000,1.254179,-0.000001,-2.006688,0.001845,-0.000005,-0.002957,-0.185531,0.000020,0.296871
2.200000,1.254180,-0.000001,-2.006690,-0.001693,-0.000004,0.002704,-0.168210,0.000025,0.269165
2.220000,1.254114,-0.000001,-2.006584,-0.004884,-0.000004,0.007810,-0.150890,0.000030,0.241458
2.240000,1.253987,-0.000001,-2.006381,-0.007729,-0.000003,0.012362,-0.133570,0.000035,0.213752
2.260000,1.253807,-0.000001,-2.006093,-0.010227,-0.000002,0.016360,-0.116250,0.000041,0.186046
2.280000,1.253581,-0.000001,-2.005730,-0.012379,-0.000001,0.019804,-0.098930,0.000046,0.158340
2.300000,1.253314,-0.000001,-2.005304,-0.014184,-0.000001,0.022694,-0.081610,0.000051,0.130633
2.320000,1.253015,-0.000001,-2.004826,-0.015643,0.000001,0.025029,-0.064290,0.000056,0.102927
2.340000,1.252691,-0.000001,-2.004307,-0.016755,0.000002,0.026811,-0.046969,0.000062,0.075221
2.360000,1.252348,-0.000001,-2.003757,-0.017522,0.000003,0.028038,-0.029649,0.000067,0.047514
2.380000,1.251992,-0.000001,-2.003189,-0.017941,0.000004,0.028711,-0.012329,0.000072,0.019808
2.400000,1.251632,-0.000001,-2.002613,-0.018015,0.000006,0.028830,0.004991,0.000077,-0.007898
2.420000,1.251274,-0.000001,-2.002039,-0.017742,0.000008,0.028395,0.022311,0.000083,-0.035605
2.440000,1.250925,-0.000001,-2.001481,-0.017122,0.000009,0.027406,0.039631,0.000088,-0.063311
2.460000,1.250591,-0.000001,-2.000947,-0.016157,0.000011,0.025863,0.056951,0.000093,-0.091017
2.480000,1.250281,-0.000000,-2.000450,-0.014844,0.000013,0.023766,0.074272,0.000099,-0.118723
2.500000,1.250000,0.000000,-2.000000,-0.013186,0.000015,0.021114,0.091592,0.000104,-0.146430
2.520000,1.249754,0.000000,-1.999607,-0.011400,0.000017,0.018260,0.086930,0.000084,-0.138993
2.540000,1.249543,0.000001,-1.999269,-0.009709,0.000018,0.015554,0.082268,0.000064,-0.131556
2.560000,1.249365,0.000001,-1.998983,-0.008110,0.000019,0.012998,0.077606,0.000045,-0.124119
2.580000,1.249218,0.000001,-1.998748,-0.006604,0.000020,0.010590,0.072944,0.000025,-0.116682
2.600000,1.249101,0.000002,-1.998559,-0.005192,0.000020,0.008330,0.068282,0.000006,-0.109246
2.620000,1.249010,0.000002,-1.998414,-0.003873,0.000020,0.006220,0.063621,-0.000014,-0.101809
2.640000,1.248945,0.000003,-1.998309,-0.002647,0.000020,0.004258,0.058959,-0.000034,-0.094372
2.660000,1.248904,0.000003,-1.998242,-0.001515,0.000019,0.002445,0.054297,-0.000053,-0.086935
2.680000,1.248884,0.000003,-1.998210,-0.000475,0.000018,0.000781,0.049635,-0.000073,-0.079498
2.700000,1.248884,0.000004,-1.998210,0.000471,0.000016,-0.000735,0.044973,-0.000093,-0.072061
2.720000,1.248902,0.000004,-1.998239,0.001324,0.000014,-0.002102,0.040311,-0.000112,-0.064625
2.740000,1.248936,0.000004,-1.998293,0.002083,0.000012,-0.003320,0.035649,-0.000132,-0.057188
2.760000,1.248985,0.000005,-1.998370,0.002750,0.000009,-0.004389,0.030988,-0.000152,-0.049751
2.780000,1.249046,0.000005,-1.998468,0.003323,0.000006,-0.005310,0.026326,-0.000171,-0.042314
2.800000,1.249117,0.000005,-1.998582,0.003803,0.000002,-0.006082,0.021664,-0.000191,-0.034877
2.820000,1.249197,0.000005,-1.998710,0.004189,-0.000002,-0.006705,0.017002,-0.000211,-0.027440
2.840000,1.249284,0.000005,-1.998849,0.004483,-0.000007,-0.007180,0.012340,-0.000230,-0.020003
2.860000,1.249376,0.000004,-1.998996,0.004683,-0.000011,-0.007505,0.007678,-0.000250,-0.012567
2.880000,1.249471,0.000004,-1.999148,0.004790,-0.000017,-0.007682,0.003016,-0.000270,-0.005130
2.900000,1.249567,0.000004,-1.999302,0.004804,-0.000022,-0.007711,-0.001646,-0.000289,0.002307
2.920000,1.249662,0.000003,-1.999456,0.004724,-0.000028,-0.007590,-0.006307,-0.000309,0.009744
2.940000,1.249755,0.000003,-1.999605,0.004551,-0.000034,-0.007321,-0.010969,-0.000328,0.017181
2.960000,1.249844,0.000002,-1.999748,0.004285,-0.000041,-0.006903,-0.015631,-0.000348,0.024618
2.980000,1.249926,0.000001,-1.999880,0.003926,-0.000048,-0.006336,-0.020293,-0.000368,0.032054
3.000000,1.250000,0.000000,-2.000000,0.003474,-0.000056,-0.005621,-0.024955,-0.000387,0.039491
3.020000,1.250065,-0.000001,-2.000105,0.002988,-0.000063,-0.004851,-0.023628,-0.000314,0.037450
3.040000,1.250120,-0.000003,-2.000194,0.002528,-0.000068,-0.004123,-0.022300,-0.000241,0.035409
3.060000,1.250166,-0.000004,-2.000270,0.002096,-0.000073,-0.003435,-0.020973,-0.000167,0.033368
3.080000,1.250204,-0.000005,-2.000332,0.001689,-0.000075,-0.002788,-0.019646,-0.000094,0.031327
3.100000,1.250234,-0.000007,-2.000382,0.001310,-0.000076,-0.002182,-0.018318,-0.000021,0.029286
3.120000,1.250256,-0.000008,-2.000420,0.000957,-0.000076,-0.001616,-0.016991,0.000053,0.027245
3.140000,1.250272,-0.000010,-2.000447,0.000630,-0.000074,-0.001092,-0.015664,0.000126,0.025204
3.160000,1.250282,-0.000011,-2.000463,0.000330,-0.000071,-0.000608,-0.014336,0.000199,0.023163
3.180000,1.250285,-0.000013,-2.000471,0.000057,-0.000066,-0.000165,-0.013009,0.000273,0.021122
3.200000,1.250284,-0.000014,-2.000470,-0.000190,-0.000060,0.000237,-0.011682,0.000346,0.019081
3.220000,1.250278,-0.000015,-2.000462,-0.000411,-0.000052,0.000598,-0.010355,0.000419,0.017040
3.240000,1.250268,-0.000016,-2.000447,-0.000604,-0.000043,0.000918,-0.009027,0.000493,0.014999
3.260000,1.250254,-0.000017,-2.000426,-0.000772,-0.000033,0.001198,-0.007700,0.000566,0.012958
3.280000,1.250237,-0.000017,-2.000399,-0.000912,-0.000021,0.001436,-0.006373,0.000639,0.010916
3.300000,1.250218,-0.000018,-2.000368,-0.001027,-0.000007,0.001634,-0.005045,0.000713,0.008875
3.320000,1.250196,-0.000018,-2.000334,-0.001114,0.000008,0.001791,-0.003718,0.000786,0.006834
3.340000,1.250173,-0.000017,-2.000297,-0.001175,0.000024,0.001908,-0.002391,0.000859,0.004793
3.360000,1.250149,-0.000017,-2.000258,-0.001210,0.000042,0.001983,-0.001064,0.000932,0.002752
3.380000,1.250125,-0.000016,-2.000218,-0.001218,0.000062,0.002018,0.000264,0.001006,0.000711
3.400000,1.250101,-0.000014,-2.000178,-0.001199,0.000082,0.002012,0.001591,0.001079,-0.001330
3.420000,1.250077,-0.000012,-2.000138,-0.001154,0.000105,0.001965,0.002918,0.001152,-0.003371
3.440000,1.250055,-0.000010,-2.000099,-0.001083,0.000129,0.001877,0.004246,0.001226,-0.005412
3.460000,1.250034,-0.000007,-2.000063,-0.000984,0.000154,0.001748,0.005573,0.001299,-0.007453
3.480000,1.250016,-0.000004,-2.000030,-0.000860,0.000180,0.001579,0.006900,0.001372,-0.009494
3.500000,1.250000,-0.000000,-2.000000,-0.000708,0.000209,0.001368,0.008228,0.001446,-0.011535
3.520000,1.249987,0.000004,-1.999975,-0.000550,0.000235,0.001145,0.007580,0.001172,-0.010808
3.540000,1.249978,0.000009,-1.999954,-0.000405,0.000256,0.000936,0.006933,0.000898,-0.010080
3.560000,1.249971,0.000015,-1.999937,-0.000273,0.000271,0.000742,0.006286,0.000625,-0.009353
3.580000,1.249967,0.000020,-1.999924,-0.000154,0.000281,0.000562,0.005638,0.000351,-0.008626
3.600000,1.249965,0.000026,-1.999915,-0.000047,0.000285,0.000397,0.004991,0.000077,-0.007898
3.620000,1.249965,0.000032,-1.999908,0.000046,0.000284,0.000246,0.004344,-0.000196,-0.007171
3.640000,1.249967,0.000037,-1.999905,0.000126,0.000277,0.000110,0.003696,-0.000470,-0.006444
3.660000,1.249970,0.000043,-1.999904,0.000194,0.000265,-0.000012,0.003049,-0.000744,-0.005716
3.680000,1.249974,0.000048,-1.999905,0.000248,0.000247,-0.000119,0.002402,-0.001017,-0.004989
3.700000,1.249980,0.000052,-1.999909,0.000290,0.000224,-0.000211,0.001754,-0.001291,-0.004261
3.720000,1.249986,0.000057,-1.999914,0.000318,0.000196,-0.000289,0.001107,-0.001564,-0.003534
3.740000,1.249992,0.000060,-1.999920,0.000334,0.000162,-0.000353,0.000460,-0.001838,-0.002807
3.760000,1.249999,0.000063,-1.999928,0.000337,0.000122,-0.000401,-0.000188,-0.002112,-0.002079
3.780000,1.250006,0.000065,-1.999936,0.000327,0.000077,-0.000436,-0.000835,-0.002385,-0.001352
3.800000,1.250012,0.000066,-1.999945,0.000303,0.000027,-0.000456,-0.001482,-0.002659,-0.000625
3.820000,1.250018,0.000066,-1.999954,0.000267,-0.000029,-0.000461,-0.002129,-0.002933,0.000103
3.840000,1.250023,0.000065,-1.999963,0.000218,-0.000091,-0.000451,-0.002777,-0.003206,0.000830
3.860000,1.250026,0.000062,-1.999972,0.000156,-0.000157,-0.000428,-0.003424,-0.003480,0.001557
3.880000,1.250029,0.000059,-1.999980,0.000081,-0.000230,-0.000389,-0.004071,-0.003754,0.002285
3.900000,1.250030,0.000053,-1.999988,-0.000007,-0.000308,-0.000336,-0.004719,-0.004027,0.003012
3.920000,1.250029,0.000046,-1.999994,-0.000107,-0.000391,-0.000269,-0.005366,-0.004301,0.003740
3.940000,1.250025,0.000038,-1.999998,-0.000221,-0.000480,-0.000187,-0.006013,-0.004575,0.004467
3.960000,1.250020,0.000027,-2.000001,-0.000348,-0.000574,-0.000090,-0.006661,-0.004848,0.005194
3.980000,1.250011,0.000015,-2.000002,-0.000488,-0.000674,0.000021,-0.007308,-0.005122,0.005922
4.000000,1.250000,-0.000000,-2.000000,-0.000640,-0.000779,0.000147,-0.007955,-0.005396,0.006649
4.020000,1.249986,-0.000017,-1.999996,-0.000787,-0.000877,0.000271,-0.006693,-0.004374,0.005781
4.040000,1.249969,-0.000035,-1.999989,-0.000908,-0.000954,0.000378,-0.005431,-0.003353,0.004912
4.060000,1.249950,-0.000055,-1.999981,-0.001004,-0.001011,0.000468,-0.004169,-0.002332,0.004044
4.080000,1.249929,-0.000075,-1.999971,-0.001075,-0.001047,0.000540,-0.002907,-0.001310,0.003175
4.100000,1.249907,-0.000096,-1.999959,-0.001120,-0.001063,0.000595,-0.001646,-0.000289,0.002307
4.120000,1.249884,-0.000118,-1.999947,-0.001141,-0.001059,0.000632,-0.000384,0.000732,0.001439
4.140000,1.249861,-0.000139,-1.999934,-0.001136,-0.001034,0.000652,0.000878,0.001753,0.000570
4.160000,1.249839,-0.000159,-1.999921,-0.001105,-0.000988,0.000655,0.002140,0.002775,-0.000298
4.180000,1.249817,-0.000178,-1.999908,-0.001050,-0.000923,0.000640,0.003402,0.003796,-0.001167
4.200000,1.249797,-0.000196,-1.999896,-0.000969,-0.000837,0.000608,0.004664,0.004817,-0.002035
4.220000,1.249779,-0.000211,-1.999884,-0.000863,-0.000730,0.000559,0.005926,0.005839,-0.002903
4.240000,1.249763,-0.000225,-1.999873,-0.000732,-0.000603,0.000492,0.007188,0.006860,-0.003772
4.260000,1.249749,-0.000235,-1.999864,-0.000576,-0.000456,0.000408,0.008450,0.007881,-0.004640
4.280000,1.249740,-0.000243,-1.999857,-0.000394,-0.000288,0.000307,0.009712,0.008903,-0.005509
4.300000,1.249734,-0.000247,-1.999852,-0.000187,-0.000100,0.000188,0.010974,0.009924,-0.006377
4.320000,1.249732,-0.000247,-1.999850,0.000045,0.000109,0.000051,0.012236,0.010945,-0.007245
4.340000,1.249736,-0.000242,-1.999850,0.000302,0.000338,-0.000102,0.013498,0.011967,-0.008114
4.360000,1.249745,-0.000233,-1.999854,0.000585,0.000588,-0.000273,0.014760,0.012988,-0.008982
4.380000,1.249759,-0.000219,-1.999861,0.000892,0.000858,-0.000461,0.016022,0.014009,-0.009851
4.400000,1.249781,-0.000198,-1.999872,0.001225,0.001148,-0.000667,0.017284,0.015031,-0.010719
4.420000,1.249809,-0.000172,-1.999888,0.001584,0.001459,-0.000890,0.018546,0.016052,-0.011587
4.440000,1.249844,-0.000140,-1.999908,0.001967,0.001790,-0.001131,0.019808,0.017073,-0.012456
4.460000,1.249887,-0.000101,-1.999933,0.002376,0.002142,-0.001388,0.021070,0.018095,-0.013324
4.480000,1.249939,-0.000054,-1.999964,0.002810,0.002514,-0.001664,0.022332,0.019116,-0.014193
4.500000,1.250000,0.000000,-2.000000,0.003269,0.002907,-0.001956,0.023593,0.020137,-0.015061
4.520000,1.250070,0.000062,-2.000042,0.003697,0.003271,-0.002230,0.019193,0.016326,-0.012315
4.540000,1.250147,0.000130,-2.000089,0.004037,0.003560,-0.002449,0.014793,0.012514,-0.009568
4.560000,1.250231,0.000204,-2.000140,0.004289,0.003772,-0.002613,0.010392,0.008702,-0.006822
4.580000,1.250318,0.000281,-2.000193,0.004453,0.003908,-0.002722,0.005992,0.004891,-0.004076
4.600000,1.250408,0.000360,-2.000248,0.004529,0.003967,-0.002776,0.001591,0.001079,-0.001330
4.620000,1.250499,0.000439,-2.000304,0.004516,0.003951,-0.002775,-0.002809,-0.002732,0.001416
4.640000,1.250588,0.000517,-2.000359,0.004416,0.003858,-0.002719,-0.007210,-0.006544,0.004163
4.660000,1.250675,0.000593,-2.000412,0.004228,0.003689,-0.002608,-0.011610,-0.010356,0.006909
4.680000,1.250757,0.000664,-2.000463,0.003952,0.003444,-0.002443,-0.016011,-0.014167,0.009655
4.700000,1.250832,0.000730,-2.000509,0.003588,0.003122,-0.002222,-0.020411,-0.017979,0.012401
4.720000,1.250900,0.000789,-2.000551,0.003135,0.002725,-0.001947,-0.024812,-0.021790,0.015148
4.740000,1.250957,0.000838,-2.000587,0.002595,0.002251,-0.001616,-0.029212,-0.025602,0.017894
4.760000,1.251003,0.000878,-2.000615,0.001967,0.001701,-0.001231,-0.033613,-0.029414,0.020640
4.780000,1.251035,0.000906,-2.000636,0.001251,0.001074,-0.000791,-0.038013,-0.033225,0.023386
4.800000,1.251052,0.000921,-2.000647,0.000446,0.000372,-0.000295,-0.042414,-0.037037,0.026132
4.820000,1.251053,0.000920,-2.000647,-0.000446,-0.000407,0.000255,-0.046814,-0.040849,0.028879
4.840000,1.251034,0.000904,-2.000636,-0.001426,-0.001262,0.000860,-0.051215,-0.044660,0.031625
4.860000,1.250995,0.000869,-2.000612,-0.002495,-0.002194,0.001520,-0.055615,-0.048472,0.034371
4.880000,1.250934,0.000815,-2.000575,-0.003651,-0.003201,0.002235,-0.060016,-0.052283,0.037117
4.900000,1.250848,0.000741,-2.000523,-0.004895,-0.004285,0.003004,-0.064416,-0.056095,0.039864
4.920000,1.250737,0.000644,-2.000454,-0.006228,-0.005445,0.003829,-0.068817,-0.059907,0.042610
4.940000,1.250599,0.000522,-2.000369,-0.007648,-0.006681,0.004709,-0.073217,-0.063718,0.045356
4.960000,1.250431,0.000376,-2.000266,-0.009156,-0.007994,0.005643,-0.077618,-0.067530,0.048102
4.980000,1.250232,0.000202,-2.000143,-0.010753,-0.009382,0.006633,-0.082018,-0.071341,0.050848
5.000000,1.250000,0.000000,-2.000000,-0.012437,-0.010847,0.007677,-0.086419,-0.075153,0.053595
5.020000,1.249735,-0.000231,-1.999836,-0.014002,-0.012208,0.008648,-0.070079,-0.060928,0.043478
5.040000,1.249442,-0.000486,-1.999655,-0.015240,-0.013285,0.009417,-0.053739,-0.046703,0.033362
5.060000,1.249128,-0.000761,-1.999461,-0.016152,-0.014076,0.009983,-0.037399,-0.032478,0.023245
5.080000,1.248798,-0.001048,-1.999257,-0.016736,-0.014584,0.010346,-0.021059,-0.018253,0.013129
5.100000,1.248460,-0.001342,-1.999049,-0.016994,-0.014806,0.010508,-0.004719,-0.004027,0.003012
5.120000,1.248121,-0.001638,-1.998839,-0.016925,-0.014745,0.010467,0.011621,0.010198,-0.007104
5.140000,1.247786,-0.001930,-1.998631,-0.016529,-0.014399,0.010224,0.027961,0.024423,-0.017221
5.160000,1.247462,-0.002212,-1.998431,-0.015806,-0.013768,0.009778,0.044301,0.038648,-0.027337
5.180000,1.247155,-0.002479,-1.998242,-0.014757,-0.012853,0.009130,0.060641,0.052873,-0.037454
5.200000,1.246874,-0.002724,-1.998067,-0.013381,-0.011653,0.008280,0.076981,0.067098,-0.047570
5.220000,1.246622,-0.002943,-1.997912,-0.011678,-0.010169,0.007227,0.093321,0.081323,-0.057687
5.240000,1.246409,-0.003129,-1.997779,-0.009648,-0.008400,0.005972,0.109661,0.095548,-0.067803
5.260000,1.246239,-0.003277,-1.997674,-0.007291,-0.006347,0.004515,0.126001,0.109773,-0.077920
5.280000,1.246119,-0.003381,-1.997600,-0.004608,-0.004009,0.002856,0.142341,0.123999,-0.088036
5.300000,1.246057,-0.003435,-1.997561,-0.001598,-0.001387,0.000994,0.158681,0.138224,-0.098153
5.320000,1.246057,-0.003435,-1.997562,0.001739,0.001520,-0.001071,0.175021,0.152449,-0.108269
5.340000,1.246128,-0.003373,-1.997605,0.005403,0.004711,-0.003337,0.191361,0.166674,-0.118386
5.360000,1.246276,-0.003244,-1.997697,0.009394,0.008187,-0.005806,0.207701,0.180899,-0.128502
5.380000,1.246506,-0.003043,-1.997839,0.013711,0.011947,-0.008477,0.224041,0.195124,-0.138619
5.400000,1.246826,-0.002764,-1.998037,0.018356,0.015992,-0.011351,0.240381,0.209349,-0.148735
5.420000,1.247243,-0.002402,-1.998294,0.023327,0.020321,-0.014427,0.256721,0.223574,-0.158852
5.440000,1.247762,-0.001950,-1.998615,0.028624,0.024935,-0.017705,0.273061,0.237799,-0.168968
5.460000,1.248390,-0.001403,-1.999004,0.034249,0.029833,-0.021185,0.289401,0.252024,-0.179085
5.480000,1.249134,-0.000755,-1.999464,0.040200,0.035016,-0.024868,0.305741,0.266250,-0.189201
5.500000,1.250000,0.000000,-2.000000,0.046479,0.040483,-0.028753,0.322081,0.280475,-0.199318
5.520000,1.250990,0.000862,-2.000612,0.052311,0.045562,-0.032363,0.261122,0.227386,-0.161598
5.540000,1.252084,0.001815,-2.001289,0.056924,0.049578,-0.035217,0.200162,0.174297,-0.123878
5.560000,1.253259,0.002838,-2.002016,0.060317,0.052534,-0.037318,0.139203,0.121208,-0.086159
5.580000,1.254489,0.003910,-2.002777,0.062492,0.054427,-0.038664,0.078243,0.068119,-0.048439
5.600000,1.255750,0.005008,-2.003558,0.063447,0.055258,-0.039255,0.017284,0.015031,-0.010719
5.620000,1.257019,0.006113,-2.004342,0.063183,0.055028,-0.039092,-0.043676,-0.038058,0.027001
5.640000,1.258269,0.007202,-2.005116,0.061700,0.053736,-0.038175,-0.104635,-0.091147,0.064721
5.660000,1.259478,0.008255,-2.005864,0.058998,0.051382,-0.036504,-0.165595,-0.144236,0.102440
5.680000,1.260621,0.009251,-2.006571,0.055076,0.047967,-0.034078,-0.226554,-0.197325,0.140160
5.700000,1.261673,0.010167,-2.007222,0.049935,0.043489,-0.030897,-0.287514,-0.250414,0.177880
5.720000,1.262611,0.010983,-2.007802,0.043576,0.037950,-0.026962,-0.348473,-0.303502,0.215600
5.740000,1.263408,0.011678,-2.008296,0.035996,0.031349,-0.022273,-0.409433,-0.356591,0.253320
5.760000,1.264042,0.012230,-2.008688,0.027198,0.023686,-0.016830,-0.470392,-0.409680,0.291039
5.780000,1.264488,0.012618,-2.008964,0.017181,0.014962,-0.010632,-0.531352,-0.462769,0.328759
5.800000,1.264721,0.012821,-2.009108,0.005944,0.005176,-0.003679,-0.592311,-0.515858,0.366479
5.820000,1.264718,0.012818,-2.009106,-0.006512,-0.005672,0.004028,-0.653271,-0.568946,0.404199
5.840000,1.264453,0.012587,-2.008942,-0.020187,-0.017582,0.012489,-0.714230,-0.622035,0.441919
5.860000,1.263902,0.012108,-2.008602,-0.035081,-0.030554,0.021704,-0.775190,-0.675124,0.479638
5.880000,1.263041,0.011358,-2.008069,-0.051194,-0.044587,0.031674,-0.836149,-0.728213,0.517358
5.900000,1.261846,0.010317,-2.007330,-0.068527,-0.059682,0.042399,-0.897109,-0.781302,0.555078
5.920000,1.260292,0.008964,-2.006368,-0.087079,-0.075839,0.053877,-0.958068,-0.834391,0.592798
5.940000,1.258355,0.007277,-2.005169,-0.106850,-0.093058,0.066110,-1.019028,-0.887479,0.630517
5.960000,1.256010,0.005234,-2.003719,-0.127840,-0.111338,0.079098,-1.079987,-0.940568,0.668237
5.980000,1.253233,0.002816,-2.002001,-0.150049,-0.130681,0.092840,-1.140947,-0.993657,0.705957
6.000000,1.250000,0.000000,-2.000000,-0.173478,-0.151085,0.107336,-1.201906,-1.046746,0.743677
6.020000,1.246292,-0.003230,-1.997706,-0.197241,-0.171810,0.122005,-1.174395,-1.025811,0.723146
6.040000,1.242114,-0.006870,-1.995123,-0.220453,-0.192117,0.136262,-1.146883,-1.004876,0.702616
6.060000,1.237477,-0.010912,-1.992258,-0.243116,-0.212005,0.150109,-1.119372,-0.983941,0.682086
6.080000,1.232393,-0.015347,-1.989121,-0.265228,-0.231475,0.163546,-1.091860,-0.963006,0.661555
6.100000,1.226872,-0.020168,-1.985719,-0.286790,-0.250526,0.176571,-1.064349,-0.942071,0.641025
6.120000,1.220925,-0.025365,-1.982061,-0.307802,-0.269158,0.189187,-1.036837,-0.921136,0.620494
6.140000,1.214564,-0.030931,-1.978154,-0.328264,-0.287371,0.201391,-1.009326,-0.900201,0.599964
6.160000,1.207798,-0.036857,-1.974008,-0.348175,-0.305166,0.213185,-0.981814,-0.879266,0.579434
6.180000,1.200640,-0.043135,-1.969630,-0.367536,-0.322542,0.224569,-0.954303,-0.858332,0.558903
6.200000,1.193100,-0.049756,-1.965028,-0.386347,-0.339499,0.235541,-0.926791,-0.837397,0.538373
6.220000,1.185190,-0.056712,-1.960211,-0.404608,-0.356038,0.246103,-0.899280,-0.816462,0.517842
6.240000,1.176920,-0.063995,-1.955186,-0.422319,-0.372157,0.256255,-0.871768,-0.795527,0.497312
6.260000,1.168301,-0.071596,-1.949963,-0.439479,-0.387859,0.265996,-0.844257,-0.774592,0.476782
6.280000,1.159344,-0.079506,-1.944549,-0.456089,-0.403141,0.275326,-0.816745,-0.753657,0.456251
6.300000,1.150061,-0.087719,-1.938953,-0.472149,-0.418005,0.284246,-0.789234,-0.732722,0.435721
6.320000,1.140462,-0.096224,-1.933182,-0.487658,-0.432450,0.292755,-0.761722,-0.711787,0.415191
6.340000,1.130558,-0.105014,-1.927246,-0.502617,-0.446476,0.300854,-0.734211,-0.690852,0.394660
6.360000,1.120361,-0.114080,-1.921151,-0.517027,-0.460084,0.308541,-0.706699,-0.669917,0.374130
6.380000,1.109881,-0.123414,-1.914907,-0.530885,-0.473273,0.315819,-0.679187,-0.648982,0.353599
6.400000,1.099129,-0.133008,-1.908521,-0.544194,-0.486043,0.322685,-0.651676,-0.628047,0.333069
6.420000,1.088117,-0.142853,-1.902002,-0.556952,-0.498395,0.329142,-0.624164,-0.607113,0.312539
6.440000,1.076855,-0.152941,-1.895358,-0.569161,-0.510328,0.335187,-0.596653,-0.586178,0.292008
6.460000,1.065354,-0.163264,-1.888597,-0.580819,-0.521842,0.340822,-0.569141,-0.565243,0.271478
6.480000,1.053626,-0.173812,-1.881728,-0.591926,-0.532938,0.346046,-0.541630,-0.544308,0.250947
6.500000,1.041681,-0.184578,-1.874758,-0.602484,-0.543614,0.350860,-0.514118,-0.523373,0.230417
6.520000,1.029530,-0.195554,-1.867696,-0.612491,-0.553873,0.355263,-0.486607,-0.502438,0.209887
6.540000,1.017185,-0.206730,-1.860550,-0.621948,-0.563712,0.359255,-0.459095,-0.481503,0.189356
6.560000,1.004656,-0.218100,-1.853329,-0.630855,-0.573133,0.362837,-0.431584,-0.460568,0.168826
6.580000,0.991954,-0.229653,-1.846040,-0.639211,-0.582135,0.366008,-0.404072,-0.439633,0.148295
6.600000,0.979091,-0.241382,-1.838691,-0.647018,-0.590718,0.368769,-0.376561,-0.418698,0.127765
6.620000,0.966077,-0.253279,-1.831292,-0.654274,-0.598883,0.371119,-0.349049,-0.397763,0.107235
6.640000,0.952924,-0.265335,-1.823849,-0.660980,-0.606629,0.373058,-0.321538,-0.376828,0.086704
6.660000,0.939642,-0.277541,-1.816372,-0.667135,-0.613956,0.374587,-0.294026,-0.355894,0.066174
6.680000,0.926242,-0.289890,-1.808868,-0.672741,-0.620864,0.375705,-0.266515,-0.334959,0.045643
6.700000,0.912736,-0.302373,-1.801346,-0.677796,-0.627354,0.376413,-0.239003,-0.314024,0.025113
6.720000,0.899134,-0.314982,-1.793815,-0.682301,-0.633425,0.376710,-0.211492,-0.293089,0.004583
6.740000,0.885447,-0.327707,-1.786281,-0.686256,-0.639078,0.376596,-0.183980,-0.272154,-0.015948
6.760000,0.871687,-0.340542,-1.778753,-0.689660,-0.644311,0.376072,-0.156469,-0.251219,-0.036478
6.780000,0.857865,-0.353477,-1.771241,-0.692514,-0.649126,0.375137,-0.128957,-0.230284,-0.057009
6.800000,0.843990,-0.366504,-1.763751,-0.694818,-0.653523,0.373791,-0.101446,-0.209349,-0.077539
6.820000,0.830076,-0.379615,-1.756292,-0.696572,-0.657500,0.372035,-0.073934,-0.188414,-0.098069
6.840000,0.816131,-0.392801,-1.748872,-0.697776,-0.661059,0.369869,-0.046423,-0.167479,-0.118600
6.860000,0.802168,-0.406055,-1.741500,-0.698429,-0.664200,0.367291,-0.018911,-0.146544,-0.139130
6.880000,0.788198,-0.419367,-1.734183,-0.698532,-0.666921,0.364303,0.008600,-0.125609,-0.159661
6.900000,0.774231,-0.432729,-1.726930,-0.698085,-0.669224,0.360905,0.036112,-0.104675,-0.180191
6.920000,0.760278,-0.446133,-1.719750,-0.697088,-0.671108,0.357096,0.063624,-0.083740,-0.200721
6.940000,0.746351,-0.459570,-1.712649,-0.695540,-0.672573,0.352876,0.091135,-0.062805,-0.221252
6.960000,0.732460,-0.473033,-1.705637,-0.693442,-0.673620,0.348246,0.118647,-0.041870,-0.241782
6.980000,0.718617,-0.486512,-1.698722,-0.690794,-0.674248,0.343205,0.146158,-0.020935,-0.262312
7.000000,0.704832,-0.500000,-1.691912,-0.687596,-0.674458,0.337753,0.173670,0.000000,-0.282843
7.020000,0.691117,-0.513488,-1.685215,-0.683847,-0.674248,0.331891,0.201181,0.020935,-0.303373
7.040000,0.677482,-0.526967,-1.678639,-0.679549,-0.673620,0.325618,0.228693,0.041870,-0.323904
7.060000,0.663938,-0.540430,-1.672193,-0.674700,-0.672573,0.318935,0.256204,0.062805,-0.344434
7.080000,0.650497,-0.553867,-1.665884,-0.669301,-0.671108,0.311841,0.283716,0.083740,-0.364964
7.100000,0.637170,-0.567271,-1.659722,-0.663351,-0.669224,0.304336,0.311227,0.104675,-0.385495
7.120000,0.623967,-0.580633,-1.653714,-0.656851,-0.666921,0.296421,0.338739,0.125609,-0.406025
7.140000,0.610900,-0.593945,-1.647868,-0.649802,-0.664200,0.288095,0.366250,0.146544,-0.426556
7.160000,0.597979,-0.607199,-1.642193,-0.642201,-0.661059,0.279359,0.393762,0.167479,-0.447086
7.180000,0.585215,-0.620385,-1.636696,-0.634051,-0.657500,0.270212,0.421273,0.188414,-0.467616
7.200000,0.572620,-0.633496,-1.631387,-0.625351,-0.653523,0.260654,0.448785,0.209349,-0.488147
7.220000,0.560205,-0.646523,-1.626273,-0.616100,-0.649126,0.250686,0.476296,0.230284,-0.508677
7.240000,0.547980,-0.659458,-1.621362,-0.606299,-0.644311,0.240307,0.503808,0.251219,-0.529208
7.260000,0.535956,-0.672293,-1.616663,-0.595947,-0.639078,0.229518,0.531319,0.272154,-0.549738
7.280000,0.524146,-0.685018,-1.612184,-0.585046,-0.633425,0.218318,0.558831,0.293089,-0.570268
7.300000,0.512558,-0.697627,-1.607933,-0.573594,-0.627354,0.206707,0.586342,0.314024,-0.590799
7.320000,0.501206,-0.710110,-1.603919,-0.561592,-0.620864,0.194686,0.613854,0.334959,-0.611329
7.340000,0.490098,-0.722459,-1.600148,-0.549040,-0.613956,0.182254,0.641365,0.355894,-0.631860
7.360000,0.479248,-0.734665,-1.596631,-0.535938,-0.606629,0.169411,0.668877,0.376828,-0.652390
7.380000,0.468664,-0.746721,-1.593375,-0.522285,-0.598883,0.156158,0.696388,0.397763,-0.672920
7.400000,0.458360,-0.758618,-1.590388,-0.508082,-0.590718,0.142495,0.723900,0.418698,-0.693451
7.420000,0.448345,-0.770347,-1.587678,-0.493329,-0.582135,0.128420,0.751411,0.439633,-0.713981
7.440000,0.438630,-0.781900,-1.585253,-0.478026,-0.573133,0.113935,0.778923,0.460568,-0.734512
7.460000,0.429227,-0.793270,-1.583123,-0.462172,-0.563712,0.099040,0.806434,0.481503,-0.755042
7.480000,0.420147,-0.804446,-1.581295,-0.445768,-0.553873,0.083734,0.833946,0.502438,-0.775572
7.500000,0.411400,-0.815422,-1.579776,-0.428814,-0.543614,0.068017,0.861458,0.523373,-0.796103
7.520000,0.402998,-0.826188,-1.578577,-0.411310,-0.532938,0.051890,0.888969,0.544308,-0.816633
7.540000,0.394952,-0.836736,-1.577704,-0.393255,-0.521842,0.035352,0.916481,0.565243,-0.837164
7.560000,0.387272,-0.847059,-1.577165,-0.374651,-0.510328,0.018403,0.943992,0.586178,-0.857694
7.580000,0.379969,-0.857147,-1.576970,-0.355496,-0.498395,0.001044,0.971504,0.607113,-0.878224
7.600000,0.373056,-0.866992,-1.577126,-0.335791,-0.486043,-0.016726,0.999015,0.628047,-0.898755
7.620000,0.366541,-0.876586,-1.577642,-0.315535,-0.473273,-0.034906,1.026527,0.648982,-0.919285
7.640000,0.360438,-0.885920,-1.578525,-0.294730,-0.460084,-0.053497,1.054038,0.669917,-0.939815
7.660000,0.354756,-0.894986,-1.579785,-0.273374,-0.446476,-0.072499,1.081550,0.690852,-0.960346
7.680000,0.349507,-0.903776,-1.581428,-0.251468,-0.432450,-0.091911,1.109061,0.711787,-0.980876
7.700000,0.344701,-0.912281,-1.583464,-0.229011,-0.418005,-0.111734,1.136573,0.732722,-1.001407
7.720000,0.340350,-0.920494,-1.585900,-0.206005,-0.403141,-0.131967,1.164084,0.753657,-1.021937
7.740000,0.336464,-0.928404,-1.588745,-0.182448,-0.387859,-0.152612,1.191596,0.774592,-1.042467
7.760000,0.333056,-0.936005,-1.592007,-0.158341,-0.372157,-0.173666,1.219107,0.795527,-1.062998
7.780000,0.330134,-0.943288,-1.595695,-0.133684,-0.356038,-0.195131,1.246619,0.816462,-1.083528
7.800000,0.327712,-0.950244,-1.599815,-0.108476,-0.339499,-0.217007,1.274130,0.837397,-1.104059
7.820000,0.325799,-0.956865,-1.604378,-0.082718,-0.322542,-0.239294,1.301642,0.858332,-1.124589
7.840000,0.324407,-0.963143,-1.609390,-0.056410,-0.305166,-0.261991,1.329153,0.879266,-1.145119
7.860000,0.323546,-0.969069,-1.614860,-0.029552,-0.287371,-0.285099,1.356665,0.900201,-1.165650
7.880000,0.323228,-0.974635,-1.620797,-0.002144,-0.269158,-0.308617,1.384176,0.921136,-1.186180
7.900000,0.323464,-0.979832,-1.627207,0.025815,-0.250526,-0.332546,1.411688,0.942071,-1.206711
7.920000,0.324265,-0.984653,-1.634101,0.054324,-0.231475,-0.356885,1.439199,0.963006,-1.227241
7.940000,0.325641,-0.989088,-1.641486,0.083383,-0.212005,-0.381635,1.466711,0.983941,-1.247771
7.960000,0.327604,-0.993130,-1.649369,0.112992,-0.192117,-0.406796,1.494222,1.004876,-1.268302
7.980000,0.330164,-0.996770,-1.657760,0.143152,-0.171810,-0.432367,1.521734,1.025811,-1.288832
8.000000,0.333333,-1.000000,-1.666667,0.173862,-0.151085,-0.458349,1.549245,1.046746,-1.309363
8.020000,0.337111,-1.002816,-1.676092,0.203478,-0.130681,-0.483965,1.412431,0.993657,-1.252231
8.040000,0.341454,-1.005234,-1.686018,0.230359,-0.111338,-0.508439,1.275616,0.940568,-1.195100
8.060000,0.346307,-1.007277,-1.696422,0.254503,-0.093058,-0.531769,1.138802,0.887479,-1.137969
8.080000,0.351616,-1.008964,-1.707281,0.275911,-0.075839,-0.553957,1.001987,0.834391,-1.080838
8.100000,0.357326,-1.010317,-1.718572,0.294582,-0.059682,-0.575003,0.865172,0.781302,-1.023706
8.120000,0.363381,-1.011358,-1.730273,0.310518,-0.044587,-0.594906,0.728358,0.728213,-0.966575
8.140000,0.369728,-1.012108,-1.742361,0.323717,-0.030554,-0.613666,0.591543,0.675124,-0.909444
8.160000,0.376312,-1.012587,-1.754812,0.334179,-0.017582,-0.631283,0.454728,0.622035,-0.852313
8.180000,0.383077,-1.012818,-1.767605,0.341906,-0.005672,-0.647758,0.317914,0.568946,-0.795181
8.200000,0.389970,-1.012821,-1.780715,0.346896,0.005176,-0.663091,0.181099,0.515858,-0.738050
8.220000,0.396935,-1.012618,-1.794121,0.349150,0.014962,-0.677280,0.044284,0.462769,-0.680919
8.240000,0.403917,-1.012230,-1.807799,0.348667,0.023686,-0.690327,-0.092530,0.409680,-0.623788
8.260000,0.410863,-1.011678,-1.821726,0.345449,0.031349,-0.702232,-0.229345,0.356591,-0.566656
8.280000,0.417717,-1.010983,-1.835880,0.339494,0.037950,-0.712994,-0.366160,0.303502,-0.509525
8.300000,0.424425,-1.010167,-1.850238,0.330802,0.043489,-0.722613,-0.502974,0.250414,-0.452394
8.320000,0.430931,-1.009251,-1.864777,0.319375,0.047967,-0.731089,-0.639789,0.197325,-0.395263
8.340000,0.437181,-1.008255,-1.879474,0.305211,0.051382,-0.738423,-0.776604,0.144236,-0.338132
8.360000,0.443121,-1.007202,-1.894307,0.288310,0.053736,-0.744615,-0.913418,0.091147,-0.281000
8.380000,0.448695,-1.006113,-1.909251,0.268674,0.055028,-0.749663,-1.050233,0.038058,-0.223869
8.400000,0.453850,-1.005008,-1.924285,0.246301,0.055258,-0.753570,-1.187048,-0.015031,-0.166738
8.420000,0.458529,-1.003910,-1.939386,0.221192,0.054427,-0.756333,-1.323862,-0.068119,-0.109607
8.440000,0.462679,-1.002838,-1.954531,0.193347,0.052534,-0.757954,-1.460677,-0.121208,-0.052475
8.460000,0.466245,-1.001815,-1.969697,0.162765,0.049578,-0.758432,-1.597492,-0.174297,0.004656
8.480000,0.469172,-1.000862,-1.984861,0.129447,0.045562,-0.757768,-1.734306,-0.227386,0.061787
8.500000,0.471405,-1.000000,-2.000000,0.093393,0.040483,-0.755960,-1.871121,-0.280475,0.118918
8.520000,0.472901,-0.999245,-2.015094,0.056442,0.035016,-0.753296,-1.823963,-0.266250,0.147509
8.540000,0.473668,-0.998597,-2.030128,0.020434,0.029833,-0.750060,-1.776805,-0.252024,0.176100
8.560000,0.473725,-0.998050,-2.045092,-0.014630,0.024935,-0.746252,-1.729648,-0.237799,0.204691
8.580000,0.473090,-0.997598,-2.059974,-0.048752,0.020321,-0.741872,-1.682490,-0.223574,0.233282
8.600000,0.471781,-0.997236,-2.074763,-0.081930,0.015992,-0.736921,-1.635332,-0.209349,0.261873
8.620000,0.469819,-0.996957,-2.089447,-0.114165,0.011947,-0.731398,-1.588175,-0.195124,0.290463
8.640000,0.467221,-0.996756,-2.104015,-0.145457,0.008187,-0.725302,-1.541017,-0.180899,0.319054
8.660000,0.464007,-0.996627,-2.118456,-0.175806,0.004711,-0.718635,-1.493860,-0.166674,0.347645
8.680000,0.460195,-0.996565,-2.132757,-0.205211,0.001520,-0.711397,-1.446702,-0.152449,0.376236
8.700000,0.455804,-0.996565,-2.146908,-0.233674,-0.001387,-0.703586,-1.399544,-0.138224,0.404827
8.720000,0.450854,-0.996619,-2.160897,-0.261193,-0.004009,-0.695204,-1.352387,-0.123999,0.433417
8.740000,0.445363,-0.996723,-2.174712,-0.287769,-0.006347,-0.686249,-1.305229,-0.109773,0.462008
8.760000,0.439350,-0.996871,-2.188343,-0.313402,-0.008400,-0.676723,-1.258071,-0.095548,0.490599
8.780000,0.432833,-0.997057,-2.201777,-0.338092,-0.010169,-0.666625,-1.210914,-0.081323,0.519190
8.800000,0.425832,-0.997276,-2.215004,-0.361839,-0.011653,-0.655956,-1.163756,-0.067098,0.547781
8.820000,0.418366,-0.997521,-2.228012,-0.384642,-0.012853,-0.644714,-1.116598,-0.052873,0.576372
8.840000,0.410453,-0.997788,-2.240789,-0.406503,-0.013768,-0.632901,-1.069441,-0.038648,0.604962
8.860000,0.402112,-0.998070,-2.253324,-0.427420,-0.014399,-0.620516,-1.022283,-0.024423,0.633553
8.880000,0.393362,-0.998362,-2.265605,-0.447394,-0.014745,-0.607559,-0.975125,-0.010198,0.662144
8.900000,0.384223,-0.998658,-2.277622,-0.466425,-0.014806,-0.594030,-0.927968,0.004027,0.690735
8.920000,0.374712,-0.998952,-2.289363,-0.484513,-0.014584,-0.579929,-0.880810,0.018253,0.719326
8.940000,0.364848,-0.999239,-2.300816,-0.501657,-0.014076,-0.565257,-0.833652,0.032478,0.747916
8.960000,0.354652,-0.999514,-2.311969,-0.517859,-0.013285,-0.550013,-0.786495,0.046703,0.776507
8.980000,0.344140,-0.999769,-2.322812,-0.533117,-0.012208,-0.534197,-0.739337,0.060928,0.805098
9.000000,0.333333,-1.000000,-2.333333,-0.547432,-0.010847,-0.517809,-0.692179,0.075153,0.833689
9.020000,0.322248,-1.000202,-2.343522,-0.561018,-0.009382,-0.500975,-0.666350,0.071341,0.849646
9.040000,0.310896,-1.000376,-2.353370,-0.574086,-0.007994,-0.483823,-0.640521,0.067530,0.865603
9.060000,0.299288,-1.000522,-2.362872,-0.586638,-0.006681,-0.466351,-0.614692,0.063718,0.881560
9.080000,0.287434,-1.000644,-2.372022,-0.598674,-0.005445,-0.448560,-0.588863,0.059907,0.897517
9.100000,0.275344,-1.000741,-2.380813,-0.610193,-0.004285,-0.430450,-0.563034,0.056095,0.913475
9.120000,0.263030,-1.000815,-2.389238,-0.621195,-0.003201,-0.412021,-0.537205,0.052283,0.929432
9.140000,0.250500,-1.000869,-2.397292,-0.631681,-0.002194,-0.393273,-0.511376,0.048472,0.945389
9.160000,0.237766,-1.000904,-2.404967,-0.641650,-0.001262,-0.374206,-0.485547,0.044660,0.961346
9.180000,0.224838,-1.000920,-2.412258,-0.651103,-0.000407,-0.354819,-0.459718,0.040849,0.977303
9.200000,0.211725,-1.000921,-2.419157,-0.660039,0.000372,-0.335114,-0.433889,0.037037,0.993260
9.220000,0.198439,-1.000906,-2.425660,-0.668459,0.001074,-0.315089,-0.408060,0.033225,1.009217
9.240000,0.184990,-1.000878,-2.431759,-0.676362,0.001701,-0.294745,-0.382231,0.029414,1.025175
9.260000,0.171388,-1.000838,-2.437448,-0.683748,0.002251,-0.274082,-0.356402,0.025602,1.041132
9.280000,0.157644,-1.000789,-2.442720,-0.690618,0.002725,-0.253100,-0.330573,0.021790,1.057089
9.300000,0.143767,-1.000730,-2.447570,-0.696971,0.003122,-0.231798,-0.304744,0.017979,1.073046
9.320000,0.129768,-1.000664,-2.451990,-0.702807,0.003444,-0.210178,-0.278915,0.014167,1.089003
9.340000,0.115658,-1.000593,-2.455975,-0.708127,0.003689,-0.188238,-0.253086,0.010356,1.104960
9.360000,0.101447,-1.000517,-2.459517,-0.712931,0.003858,-0.165980,-0.227257,0.006544,1.120917
9.380000,0.087144,-1.000439,-2.462612,-0.717218,0.003951,-0.143402,-0.201428,0.002732,1.136874
9.400000,0.072762,-1.000360,-2.465251,-0.720988,0.003967,-0.120505,-0.175599,-0.001079,1.152832
9.420000,0.058308,-1.000281,-2.467430,-0.724242,0.003908,-0.097288,-0.149770,-0.004891,1.168789
9.440000,0.043795,-1.000204,-2.469141,-0.726979,0.003772,-0.073753,-0.123941,-0.008702,1.184746
9.460000,0.029233,-1.000130,-2.470378,-0.729199,0.003560,-0.049898,-0.098112,-0.012514,1.200703
9.480000,0.014631,-1.000062,-2.471134,-0.730903,0.003271,-0.025725,-0.072283,-0.016326,1.216660
9.500000,0.000000,-1.000000,-2.471405,-0.732091,0.002907,-0.001232,-0.046454,-0.020137,1.232617
9.520000,-0.014649,-0.999946,-2.471184,-0.732650,0.002514,0.023273,-0.009476,-0.019116,1.217843
9.540000,-0.029301,-0.999899,-2.470476,-0.732470,0.002142,0.047482,0.027502,-0.018095,1.203069
9.560000,-0.043942,-0.999860,-2.469286,-0.731550,0.001790,0.071395,0.064480,-0.017073,1.188294
9.580000,-0.058558,-0.999828,-2.467622,-0.729890,0.001459,0.095013,0.101458,-0.016052,1.173520
9.600000,-0.073133,-0.999802,-2.465488,-0.727491,0.001148,0.118336,0.138436,-0.015031,1.158746
9.620000,-0.087653,-0.999781,-2.462890,-0.724353,0.000858,0.141363,0.175414,-0.014009,1.143971
9.640000,-0.102102,-0.999767,-2.459835,-0.720475,0.000588,0.164095,0.212392,-0.012988,1.129197
9.660000,-0.116467,-0.999758,-2.456328,-0.715857,0.000338,0.186531,0.249370,-0.011967,1.114423
9.680000,-0.130732,-0.999753,-2.452376,-0.710500,0.000109,0.208672,0.286348,-0.010945,1.099648
9.700000,-0.144882,-0.999753,-2.447984,-0.704403,-0.000100,0.230517,0.323325,-0.009924,1.084874
9.720000,-0.158903,-0.999757,-2.443157,-0.697567,-0.000288,0.252067,0.360303,-0.008903,1.070100
9.740000,-0.172780,-0.999765,-2.437903,-0.689991,-0.000456,0.273321,0.397281,-0.007881,1.055325
9.760000,-0.186498,-0.999775,-2.432226,-0.681676,-0.000603,0.294280,0.434259,-0.006860,1.040551
9.780000,-0.200042,-0.999789,-2.426134,-0.672621,-0.000730,0.314943,0.471237,-0.005839,1.025777
9.800000,-0.213398,-0.999804,-2.419631,-0.662826,-0.000837,0.335311,0.508215,-0.004817,1.011002
9.820000,-0.226550,-0.999822,-2.412723,-0.652292,-0.000923,0.355383,0.545193,-0.003796,0.996228
9.840000,-0.239484,-0.999841,-2.405417,-0.641019,-0.000988,0.375160,0.582171,-0.002775,0.981454
9.860000,-0.252186,-0.999861,-2.397719,-0.629005,-0.001034,0.394641,0.619149,-0.001753,0.966679
9.880000,-0.264640,-0.999882,-2.389634,-0.616253,-0.001059,0.413827,0.656127,-0.000732,0.951905
9.900000,-0.276831,-0.999904,-2.381168,-0.602760,-0.001063,0.432717,0.693105,0.000289,0.937131
9.920000,-0.288745,-0.999925,-2.372327,-0.588529,-0.001047,0.451312,0.730083,0.001310,0.922356
9.940000,-0.300367,-0.999945,-2.363117,-0.573557,-0.001011,0.469612,0.767061,0.002332,0.907582
9.960000,-0.311682,-0.999965,-2.353544,-0.557846,-0.000954,0.487616,0.804038,0.003353,0.892808
9.980000,-0.322676,-0.999983,-2.343614,-0.541396,-0.000877,0.505324,0.841016,0.004374,0.878033
10.000000,-0.333333,-1.000000,-2.333333,-0.524205,-0.000779,0.522737,0.877994,0.005396,0.863259
10.020000,-0.343641,-1.000015,-2.322708,-0.506508,-0.000674,0.539657,0.891705,0.005122,0.828754
10.040000,-0.353592,-1.000027,-2.311752,-0.488537,-0.000574,0.555887,0.905416,0.004848,0.794249
10.060000,-0.363181,-1.000038,-2.300477,-0.470292,-0.000480,0.571427,0.919127,0.004575,0.759744
10.080000,-0.372402,-1.000046,-2.288899,-0.451772,-0.000391,0.586277,0.932838,0.004301,0.725240
10.100000,-0.381250,-1.000053,-2.277031,-0.432978,-0.000308,0.600437,0.946549,0.004027,0.690735
10.120000,-0.389719,-1.000059,-2.264886,-0.413910,-0.000230,0.613906,0.960260,0.003754,0.656230
10.140000,-0.397804,-1.000062,-2.252479,-0.394568,-0.000157,0.626686,0.973971,0.003480,0.621725
10.160000,-0.405500,-1.000065,-2.239823,-0.374951,-0.000091,0.638775,0.987682,0.003206,0.587220
10.180000,-0.412800,-1.000066,-2.226933,-0.355061,-0.000029,0.650175,1.001393,0.002933,0.552716
10.200000,-0.419700,-1.000066,-2.213821,-0.334896,0.000027,0.660884,1.015104,0.002659,0.518211
10.220000,-0.426194,-1.000065,-2.200502,-0.314456,0.000077,0.670903,1.028815,0.002385,0.483706
10.240000,-0.432277,-1.000063,-2.186990,-0.293743,0.000122,0.680232,1.042526,0.002112,0.449201
10.260000,-0.437942,-1.000060,-2.173297,-0.272755,0.000162,0.688871,1.056237,0.001838,0.414696
10.280000,-0.443185,-1.000057,-2.159439,-0.251494,0.000196,0.696820,1.069948,0.001564,0.380192
10.300000,-0.448000,-1.000052,-2.145429,-0.229958,0.000224,0.704079,1.083658,0.001291,0.345687
10.320000,-0.452382,-1.000048,-2.131281,-0.208147,0.000247,0.710647,1.097369,0.001017,0.311182
10.340000,-0.456324,-1.000043,-2.117008,-0.186063,0.000265,0.716526,1.111080,0.000744,0.276677
10.360000,-0.459822,-1.000037,-2.102624,-0.163704,0.000277,0.721715,1.124791,0.000470,0.242172
10.380000,-0.462871,-1.000032,-2.088144,-0.141071,0.000284,0.726213,1.138502,0.000196,0.207668
10.400000,-0.465463,-1.000026,-2.073580,-0.118164,0.000285,0.730021,1.152213,-0.000077,0.173163
10.420000,-0.467595,-1.000020,-2.058948,-0.094983,0.000281,0.733139,1.165924,-0.000351,0.138658
10.440000,-0.469261,-1.000015,-2.044259,-0.071527,0.000271,0.735568,1.179635,-0.000625,0.104153
10.460000,-0.470455,-1.000009,-2.029530,-0.047797,0.000256,0.737306,1.193346,-0.000898,0.069648
10.480000,-0.471171,-1.000004,-2.014772,-0.023793,0.000235,0.738354,1.207057,-0.001172,0.035144
10.500000,-0.471405,-1.000000,-2.000000,0.000485,0.000209,0.738711,1.220768,-0.001446,0.000639
10.520000,-0.471152,-0.999996,-1.985228,0.024759,0.000180,0.738378,1.206591,-0.001372,-0.034019
10.540000,-0.470416,-0.999993,-1.970470,0.048749,0.000154,0.737351,1.192415,-0.001299,-0.068677
10.560000,-0.469204,-0.999990,-1.955739,0.072455,0.000129,0.735630,1.178238,-0.001226,-0.103336
10.580000,-0.467520,-0.999988,-1.941049,0.095878,0.000105,0.733217,1.164061,-0.001152,-0.137994
10.600000,-0.465370,-0.999986,-1.926414,0.119018,0.000082,0.730111,1.149885,-0.001079,-0.172652
10.620000,-0.462761,-0.999984,-1.911849,0.141874,0.000062,0.726311,1.135708,-0.001006,-0.207310
10.640000,-0.459697,-0.999983,-1.897367,0.164446,0.000042,0.721818,1.121531,-0.000932,-0.241968
10.660000,-0.456185,-0.999983,-1.882981,0.186735,0.000024,0.716632,1.107355,-0.000859,-0.276626
10.680000,-0.452230,-0.999982,-1.868706,0.208740,0.000008,0.710753,1.093178,-0.000786,-0.311284
10.700000,-0.447837,-0.999982,-1.854555,0.230462,-0.000007,0.704181,1.079001,-0.000713,-0.345942
10.720000,-0.443013,-0.999983,-1.840543,0.251900,-0.000021,0.696916,1.064824,-0.000639,-0.380600
10.740000,-0.437763,-0.999983,-1.826683,0.273055,-0.000033,0.688957,1.050648,-0.000566,-0.415259
10.760000,-0.432093,-0.999984,-1.812990,0.293926,-0.000043,0.680305,1.036471,-0.000493,-0.449917
10.780000,-0.426008,-0.999985,-1.799476,0.314514,-0.000052,0.670960,1.022294,-0.000419,-0.484575
10.800000,-0.419514,-0.999986,-1.786156,0.334818,-0.000060,0.660922,1.008118,-0.000346,-0.519233
10.820000,-0.412617,-0.999987,-1.773044,0.354839,-0.000066,0.650191,0.993941,-0.000273,-0.553891
10.840000,-0.405323,-0.999989,-1.760153,0.374576,-0.000071,0.638767,0.979764,-0.000199,-0.588549
10.860000,-0.397636,-0.999990,-1.747498,0.394029,-0.000074,0.626649,0.965588,-0.000126,-0.623207
10.880000,-0.389563,-0.999992,-1.735092,0.413199,-0.000076,0.613838,0.951411,-0.000053,-0.657865
10.900000,-0.381110,-0.999993,-1.722949,0.432086,-0.000076,0.600334,0.937234,0.000021,-0.692523
10.920000,-0.372282,-0.999995,-1.711083,0.450689,-0.000075,0.586137,0.923058,0.000094,-0.727181
10.940000,-0.363084,-0.999996,-1.699508,0.469008,-0.000073,0.571247,0.908881,0.000167,-0.761840
10.960000,-0.353523,-0.999997,-1.688238,0.487044,-0.000068,0.555664,0.894704,0.000241,-0.796498
10.980000,-0.343604,-0.999999,-1.677286,0.504796,-0.000063,0.539387,0.880528,0.000314,-0.831156
11.000000,-0.333333,-1.000000,-1.666667,0.522265,-0.000056,0.522418,0.866351,0.000387,-0.865814
11.020000,-0.322717,-1.000001,-1.656392,0.539245,-0.000048,0.504958,0.831702,0.000368,-0.880128
11.040000,-0.311768,-1.000002,-1.646470,0.555533,-0.000041,0.487212,0.797053,0.000348,-0.894443
11.060000,-0.300500,-1.000003,-1.636906,0.571128,-0.000034,0.469180,0.762403,0.000328,-0.908757
11.080000,-0.288928,-1.000003,-1.627705,0.586029,-0.000028,0.450862,0.727754,0.000309,-0.923072
11.100000,-0.277064,-1.000004,-1.618873,0.600238,-0.000022,0.432258,0.693105,0.000289,-0.937386
11.120000,-0.264923,-1.000004,-1.610417,0.613753,-0.000017,0.413367,0.658455,0.000270,-0.951700
11.140000,-0.252518,-1.000004,-1.602341,0.626576,-0.000011,0.394190,0.623806,0.000250,-0.966015
11.160000,-0.239864,-1.000005,-1.594651,0.638706,-0.000007,0.374726,0.589157,0.000230,-0.980329
11.180000,-0.226975,-1.000005,-1.587353,0.650142,-0.000002,0.354976,0.554508,0.000211,-0.994644
11.200000,-0.213863,-1.000005,-1.580454,0.660886,0.000002,0.334940,0.519858,0.000191,-1.008958
11.220000,-0.200544,-1.000005,-1.573958,0.670936,0.000006,0.314618,0.485209,0.000171,-1.023273
11.240000,-0.187030,-1.000005,-1.567871,0.680294,0.000009,0.294009,0.450560,0.000152,-1.037587
11.260000,-0.173337,-1.000004,-1.562199,0.688959,0.000012,0.273115,0.415911,0.000132,-1.051901
11.280000,-0.159477,-1.000004,-1.556948,0.696931,0.000014,0.251933,0.381261,0.000112,-1.066216
11.300000,-0.145464,-1.000004,-1.552124,0.704209,0.000016,0.230466,0.346612,0.000093,-1.080530
11.320000,-0.131313,-1.000003,-1.547732,0.710795,0.000018,0.208712,0.311963,0.000073,-1.094845
11.340000,-0.117037,-1.000003,-1.543777,0.716688,0.000019,0.186672,0.277314,0.000053,-1.109159
11.360000,-0.102650,-1.000003,-1.540267,0.721888,0.000020,0.164346,0.242664,0.000034,-1.123474
11.380000,-0.088166,-1.000002,-1.537205,0.726394,0.000020,0.141733,0.208015,0.000014,-1.137788
11.400000,-0.073599,-1.000002,-1.534599,0.730208,0.000020,0.118834,0.173366,-0.000006,-1.152102
11.420000,-0.058962,-1.000001,-1.532454,0.733329,0.000020,0.095649,0.138717,-0.000025,-1.166417
11.440000,-0.044270,-1.000001,-1.530775,0.735757,0.000019,0.072178,0.104067,-0.000045,-1.180731
11.460000,-0.029537,-1.000001,-1.529569,0.737492,0.000018,0.048420,0.069418,-0.000065,-1.195046
11.480000,-0.014775,-1.000000,-1.528840,0.738534,0.000017,0.024376,0.034769,-0.000084,-1.209360
11.500000,-0.000000,-1.000000,-1.528595,0.738882,0.000015,0.000045,0.000119,-0.000104,-1.223675
11.520000,0.014775,-1.000000,-1.528838,0.738538,0.000013,-0.024285,-0.034558,-0.000099,-1.209404
11.540000,0.029537,-0.999999,-1.529565,0.737500,0.000011,-0.048331,-0.069236,-0.000093,-1.195133
11.560000,0.044271,-0.999999,-1.530770,0.735769,0.000009,-0.072091,-0.103914,-0.000088,-1.180862
11.580000,0.058963,-0.999999,-1.532447,0.733344,0.000008,-0.095565,-0.138592,-0.000083,-1.166591
11.600000,0.073600,-0.999999,-1.534590,0.730225,0.000006,-0.118754,-0.173270,-0.000077,-1.152321
11.620000,0.088167,-0.999999,-1.537195,0.726413,0.000004,-0.141658,-0.207948,-0.000072,-1.138050
11.640000,0.102652,-0.999999,-1.540255,0.721907,0.000003,-0.164276,-0.242626,-0.000067,-1.123779
11.660000,0.117039,-0.999999,-1.543764,0.716708,0.000002,-0.186609,-0.277304,-0.000062,-1.109508
11.680000,0.131315,-0.999999,-1.547717,0.710815,0.000001,-0.208657,-0.311982,-0.000056,-1.095237
11.700000,0.145467,-0.999999,-1.552108,0.704228,-0.000001,-0.230419,-0.346660,-0.000051,-1.080967
11.720000,0.159480,-0.999999,-1.556932,0.696948,-0.000001,-0.251895,-0.381338,-0.000046,-1.066696
11.740000,0.173340,-0.999999,-1.562182,0.688975,-0.000002,-0.273087,-0.416016,-0.000041,-1.052425
11.760000,0.187034,-0.999999,-1.567854,0.680308,-0.000003,-0.293992,-0.450694,-0.000035,-1.038154
11.780000,0.200548,-0.999999,-1.573940,0.670947,-0.000004,-0.314613,-0.485372,-0.000030,-1.023883
11.800000,0.213868,-0.999999,-1.580436,0.660893,-0.000004,-0.334948,-0.520050,-0.000025,-1.009613
11.820000,0.226979,-0.999999,-1.587336,0.650145,-0.000005,-0.354997,-0.554727,-0.000020,-0.995342
11.840000,0.239869,-0.999999,-1.594634,0.638704,-0.000005,-0.374761,-0.589405,-0.000014,-0.981071
11.860000,0.252523,-0.999999,-1.602325,0.626569,-0.000005,-0.394240,-0.624083,-0.000009,-0.966800
11.880000,0.264927,-0.999999,-1.610402,0.613741,-0.000005,-0.413433,-0.658761,-0.000004,-0.952530
11.900000,0.277068,-1.000000,-1.618860,0.600219,-0.000005,-0.432341,-0.693439,0.000001,-0.938259
11.920000,0.288931,-1.000000,-1.627694,0.586003,-0.000005,-0.450964,-0.728117,0.000007,-0.923988
11.940000,0.300503,-1.000000,-1.636897,0.571094,-0.000005,-0.469301,-0.762795,0.000012,-0.909717
11.960000,0.311770,-1.000000,-1.646464,0.555491,-0.000005,-0.487352,-0.797473,0.000017,-0.895446
11.980000,0.322718,-1.000000,-1.656389,0.539195,-0.000005,-0.505119,-0.832151,0.000023,-0.881176
12.000000,0.333333,-1.000000,-1.666667,0.522205,-0.000004,-0.522599,-0.866829,0.000028,-0.866905
12.020000,0.343603,-1.000000,-1.677290,0.504728,-0.000003,-0.539589,-0.880920,0.000026,-0.832029
12.040000,0.353521,-1.000000,-1.688246,0.486968,-0.000003,-0.555881,-0.895010,0.000025,-0.797152
12.060000,0.363080,-1.000000,-1.699520,0.468927,-0.000002,-0.571475,-0.909101,0.000024,-0.762276
12.080000,0.372276,-1.000000,-1.711100,0.450604,-0.000002,-0.586372,-0.923192,0.000022,-0.727400
12.100000,0.381102,-1.000000,-1.722970,0.432000,-0.000002,-0.600571,-0.937282,0.000021,-0.692523
12.120000,0.389554,-1.000000,-1.735118,0.413113,-0.000001,-0.614073,-0.951373,0.000019,-0.657647
12.140000,0.397625,-1.000000,-1.747529,0.393945,-0.000001,-0.626877,-0.965464,0.000018,-0.622771
12.160000,0.405310,-1.000000,-1.760189,0.374495,-0.000000,-0.638983,-0.979554,0.000017,-0.587895
12.180000,0.412603,-1.000000,-1.773083,0.354763,-0.000000,-0.650392,-0.993645,0.000015,-0.553018
12.200000,0.419498,-1.000000,-1.786200,0.334749,0.000000,-0.661104,-1.007736,0.000014,-0.518142
12.220000,0.425991,-1.000000,-1.799523,0.314453,0.000000,-0.671118,-1.021826,0.000012,-0.483266
12.240000,0.432075,-1.000000,-1.813040,0.293876,0.000001,-0.680435,-1.035917,0.000011,-0.448389
12.260000,0.437744,-1.000000,-1.826736,0.273016,0.000001,-0.689054,-1.050008,0.000009,-0.413513
12.280000,0.442993,-1.000000,-1.840597,0.251875,0.000001,-0.696975,-1.064098,0.000008,-0.378637
12.300000,0.447817,-1.000000,-1.854610,0.230452,0.000001,-0.704199,-1.078189,0.000007,-0.343761
12.320000,0.452210,-1.000000,-1.868760,0.208748,0.000001,-0.710726,-1.092280,0.000005,-0.308884
12.340000,0.456165,-1.000000,-1.883034,0.186761,0.000001,-0.716555,-1.106370,0.000004,-0.274008
12.360000,0.459678,-1.000000,-1.897418,0.164493,0.000001,-0.721686,-1.120461,0.000002,-0.239132
12.380000,0.462743,-1.000000,-1.911897,0.141943,0.000001,-0.726120,-1.134552,0.000001,-0.204255
12.400000,0.465354,-1.000000,-1.926458,0.119111,0.000001,-0.729856,-1.148642,-0.000000,-0.169379
12.420000,0.467506,-1.000000,-1.941087,0.095997,0.000001,-0.732895,-1.162733,-0.000002,-0.134503
12.440000,0.469192,-1.000000,-1.955769,0.072602,0.000001,-0.735236,-1.176824,-0.000003,-0.099627
12.460000,0.470408,-1.000000,-1.970492,0.048924,0.000001,-0.736880,-1.190914,-0.000005,-0.064750
12.480000,0.471147,-1.000000,-1.985240,0.024965,0.000001,-0.737826,-1.205005,-0.000006,-0.029874
12.500000,0.471405,-1.000000,-2.000000,0.000724,0.000001,-0.738075,-1.219096,-0.000007,0.005002
12.520000,0.471176,-1.000000,-2.014758,-0.023524,0.000001,-0.737638,-1.205700,-0.000007,0.038678
12.540000,0.470465,-1.000000,-2.029501,-0.047504,0.000001,-0.736528,-1.192304,-0.000007,0.072354
12.560000,0.469278,-1.000000,-2.044215,-0.071216,0.000001,-0.734744,-1.178909,-0.000006,0.106029
12.580000,0.467618,-1.000000,-2.058886,-0.094660,0.000001,-0.732287,-1.165513,-0.000006,0.139705
12.600000,0.465493,-1.000000,-2.073502,-0.117837,0.000000,-0.729156,-1.152118,-0.000006,0.173381
12.620000,0.462907,-1.000000,-2.088048,-0.140745,0.000000,-0.725351,-1.138722,-0.000005,0.207057
12.640000,0.459865,-1.000000,-2.102511,-0.163386,0.000000,-0.720874,-1.125326,-0.000005,0.240732
12.660000,0.456373,-1.000000,-2.116879,-0.185758,0.000000,-0.715722,-1.111931,-0.000004,0.274408
12.680000,0.452437,-1.000000,-2.131136,-0.207863,0.000000,-0.709897,-1.098535,-0.000004,0.308084
12.700000,0.448060,-1.000000,-2.145270,-0.229699,-0.000000,-0.703399,-1.085140,-0.000004,0.341760
12.720000,0.443250,-1.000000,-2.159267,-0.251268,-0.000000,-0.696227,-1.071744,-0.000003,0.375435
12.740000,0.438012,-1.000000,-2.173114,-0.272569,-0.000000,-0.688381,-1.058348,-0.000003,0.409111
12.760000,0.432349,-1.000000,-2.186798,-0.293602,-0.000000,-0.679862,-1.044953,-0.000003,0.442787
12.780000,0.426269,-1.000000,-2.200305,-0.314367,-0.000000,-0.670670,-1.031557,-0.000002,0.476463
12.800000,0.419776,-1.000000,-2.213620,-0.334865,-0.000000,-0.660804,-1.018162,-0.000002,0.510138
12.820000,0.412876,-1.000000,-2.226732,-0.355094,-0.000000,-0.650264,-1.004766,-0.000001,0.543814
12.840000,0.405574,-1.000000,-2.239626,-0.375055,-0.000000,-0.639051,-0.991371,-0.000001,0.577490
12.860000,0.397876,-1.000000,-2.252290,-0.394749,-0.000000,-0.627165,-0.977975,-0.000001,0.611166
12.880000,0.389786,-1.000000,-2.264709,-0.414174,-0.000000,-0.614605,-0.964579,-0.000000,0.644841
12.900000,0.381311,-1.000000,-2.276869,-0.433332,-0.000000,-0.601371,-0.951184,0.000000,0.678517
12.920000,0.372455,-1.000000,-2.288759,-0.452222,-0.000000,-0.587464,-0.937788,0.000000,0.712193
12.940000,0.363224,-1.000000,-2.300364,-0.470843,-0.000000,-0.572883,-0.924393,0.000001,0.745869
12.960000,0.353623,-1.000000,-2.311670,-0.489197,-0.000000,-0.557629,-0.910997,0.000001,0.779544
12.980000,0.343658,-1.000000,-2.322664,-0.507283,-0.000000,-0.541702,-0.897601,0.000002,0.813220
13.000000,0.333333,-1.000000,-2.333333,-0.525101,-0.000000,-0.525101,-0.884206,0.000002,0.846896
13.020000,0.322657,-1.000000,-2.343665,-0.542404,-0.000000,-0.507984,-0.846052,0.000002,0.864768
13.040000,0.311642,-1.000000,-2.353650,-0.558943,-0.000000,-0.490510,-0.807899,0.000002,0.882641
13.060000,0.300304,-1.000000,-2.363283,-0.574720,-0.000000,-0.472678,-0.769746,0.000002,0.900513
13.080000,0.288659,-1.000000,-2.372555,-0.589733,-0.000000,-0.454489,-0.731593,0.000002,0.918385
13.100000,0.276720,-1.000000,-2.381460,-0.603984,-0.000000,-0.435943,-0.693439,0.000001,0.936258
13.120000,0.264504,-1.000000,-2.389990,-0.617471,-0.000000,-0.417039,-0.655286,0.000001,0.954130
13.140000,0.252026,-1.000000,-2.398139,-0.630195,-0.000000,-0.397778,-0.617133,0.000001,0.972003
13.160000,0.239302,-1.000000,-2.405899,-0.642156,-0.000000,-0.378159,-0.578979,0.000001,0.989875
13.180000,0.226345,-1.000000,-2.413263,-0.653354,-0.000000,-0.358183,-0.540826,0.000001,1.007748
13.200000,0.213173,-1.000000,-2.420224,-0.663789,0.000000,-0.337849,-0.502673,0.000001,1.025620
13.220000,0.199799,-1.000000,-2.426775,-0.673461,0.000000,-0.317158,-0.464519,0.000001,1.043492
13.240000,0.186239,-1.000000,-2.432908,-0.682370,0.000000,-0.296109,-0.426366,0.000001,1.061365
13.260000,0.172509,-1.000000,-2.438617,-0.690516,0.000000,-0.274703,-0.388213,0.000001,1.079237
13.280000,0.158624,-1.000000,-2.443894,-0.697898,0.000000,-0.252940,-0.350059,0.000001,1.097110
13.300000,0.144598,-1.000000,-2.448732,-0.704518,0.000000,-0.230819,-0.311906,0.000000,1.114982
13.320000,0.130448,-1.000000,-2.453124,-0.710375,0.000000,-0.208340,-0.273753,0.000000,1.132855
13.340000,0.116188,-1.000000,-2.457063,-0.715468,0.000000,-0.185505,-0.235599,0.000000,1.150727
13.360000,0.101834,-1.000000,-2.460542,-0.719799,0.000000,-0.162311,-0.197446,0.000000,1.168599
13.380000,0.087401,-1.000000,-2.463553,-0.723366,0.000000,-0.138761,-0.159293,0.000000,1.186472
13.400000,0.072905,-1.000000,-2.466090,-0.726170,0.000000,-0.114853,-0.121139,-0.000000,1.204344
13.420000,0.058360,-1.000000,-2.468145,-0.728212,0.000000,-0.090587,-0.082986,-0.000000,1.222217
13.440000,0.043781,-1.000000,-2.469711,-0.729490,0.000000,-0.065964,-0.044833,-0.000000,1.240089
13.460000,0.029185,-1.000000,-2.470781,-0.730005,0.000000,-0.040983,-0.006679,-0.000000,1.257961
13.480000,0.014586,-1.000000,-2.471348,-0.729757,0.000000,-0.015645,0.031474,-0.000000,1.275834
13.500000,-0.000000,-1.000000,-2.471405,-0.728746,0.000000,0.010050,0.069627,-0.000001,1.293706
13.520000,-0.014560,-1.000000,-2.470947,-0.727139,0.000000,0.035649,0.091070,-0.000001,1.266186
13.540000,-0.029083,-1.000000,-2.469982,-0.725103,0.000000,0.060697,0.112513,-0.000000,1.238665
13.560000,-0.043561,-1.000000,-2.468522,-0.722638,0.000000,0.085196,0.133956,-0.000000,1.211145
13.580000,-0.057985,-1.000000,-2.466578,-0.719745,0.000000,0.109143,0.155398,-0.000000,1.183625
13.600000,-0.072348,-1.000000,-2.464160,-0.716423,0.000000,0.132541,0.176841,-0.000000,1.156104
13.620000,-0.086639,-1.000000,-2.461280,-0.712671,0.000000,0.155387,0.198284,-0.000000,1.128584
13.640000,-0.100852,-1.000000,-2.457949,-0.708491,0.000000,0.177684,0.219727,-0.000000,1.101063
13.660000,-0.114976,-1.000000,-2.454176,-0.703882,0.000000,0.199430,0.241169,-0.000000,1.073543
13.680000,-0.129004,-1.000000,-2.449975,-0.698844,0.000000,0.220626,0.262612,-0.000000,1.046023
13.700000,-0.142927,-1.000000,-2.445355,-0.693378,-0.000000,0.241271,0.284055,-0.000000,1.018502
13.720000,-0.156736,-1.000000,-2.440328,-0.687482,-0.000000,0.261366,0.305498,-0.000000,0.990982
13.740000,-0.170424,-1.000000,-2.434904,-0.681158,-0.000000,0.280910,0.326940,-0.000000,0.963461
13.760000,-0.183980,-1.000000,-2.429095,-0.674405,-0.000000,0.299904,0.348383,-0.000000,0.935941
13.780000,-0.197397,-1.000000,-2.422912,-0.667222,-0.000000,0.318348,0.369826,-0.000000,0.908421
13.800000,-0.210666,-1.000000,-2.416365,-0.659612,-0.000000,0.336241,0.391269,-0.000000,0.880900
13.820000,-0.223778,-1.000000,-2.409466,-0.651572,-0.000000,0.353584,0.412712,-0.000000,0.853380
13.840000,-0.236726,-1.000000,-2.402225,-0.643103,-0.000000,0.370376,0.434154,-0.000000,0.825859
13.860000,-0.249500,-1.000000,-2.394654,-0.634206,-0.000000,0.386618,0.455597,-0.000000,0.798339
13.880000,-0.262091,-1.000000,-2.386764,-0.624879,-0.000000,0.402310,0.477040,-0.000000,0.770818
13.900000,-0.274492,-1.000000,-2.378566,-0.615124,-0.000000,0.417451,0.498483,0.000000,0.743298
13.920000,-0.286693,-1.000000,-2.370070,-0.604940,-0.000000,0.432042,0.519925,0.000000,0.715778
13.940000,-0.298687,-1.000000,-2.361288,-0.594327,-0.000000,0.446082,0.541368,0.000000,0.688257
13.960000,-0.310464,-1.000000,-2.352230,-0.583285,-0.000000,0.459572,0.562811,0.000000,0.660737
13.980000,-0.322015,-1.000000,-2.342908,-0.571814,-0.000000,0.472511,0.584254,0.000000,0.633216
14.000000,-0.333333,-1.000000,-2.333333,-0.559915,-0.000000,0.484901,0.605696,0.000000,0.605696
14.020000,-0.344406,-1.000000,-2.323513,-0.547166,-0.000000,0.497160,0.669224,0.000000,0.620260
14.040000,-0.355211,-1.000000,-2.313445,-0.533146,-0.000000,0.509711,0.732751,0.000000,0.634824
14.060000,-0.365724,-1.000000,-2.303123,-0.517856,-0.000000,0.522553,0.796278,0.000000,0.649389
14.080000,-0.375917,-1.000000,-2.292541,-0.501295,-0.000000,0.535687,0.859806,0.000000,0.663953
14.100000,-0.385767,-1.000000,-2.281693,-0.483464,-0.000000,0.549111,0.923333,0.000000,0.678517
14.120000,-0.395247,-1.000000,-2.270575,-0.464362,-0.000000,0.562827,0.986860,0.000000,0.693081
14.140000,-0.404333,-1.000000,-2.259178,-0.443989,-0.000000,0.576834,1.050387,0.000000,0.707645
14.160000,-0.412998,-1.000000,-2.247499,-0.422346,-0.000000,0.591133,1.113915,0.000000,0.722210
14.180000,-0.421218,-1.000000,-2.235531,-0.399433,-0.000000,0.605723,1.177442,0.000000,0.736774
14.200000,-0.428967,-1.000000,-2.223268,-0.375248,0.000000,0.620604,1.240969,0.000000,0.751338
14.220000,-0.436220,-1.000000,-2.210705,-0.349794,0.000000,0.635776,1.304497,0.000000,0.765902
14.240000,-0.442951,-1.000000,-2.197835,-0.323069,0.000000,0.651240,1.368024,0.000000,0.780466
14.260000,-0.449134,-1.000000,-2.184653,-0.295073,0.000000,0.666995,1.431551,0.000000,0.795031
14.280000,-0.454745,-1.000000,-2.171154,-0.265807,0.000000,0.683041,1.495078,0.000000,0.809595
14.300000,-0.459758,-1.000000,-2.157330,-0.235270,0.000000,0.699379,1.558606,0.000000,0.824159
14.320000,-0.464147,-1.000000,-2.143177,-0.203462,0.000000,0.716008,1.622133,0.000000,0.838723
14.340000,-0.467888,-1.000000,-2.128688,-0.170384,0.000000,0.732928,1.685660,0.000000,0.853287
14.360000,-0.470954,-1.000000,-2.113857,-0.136036,0.000000,0.750139,1.749188,0.000000,0.867852
14.380000,-0.473321,-1.000000,-2.098680,-0.100417,0.000000,0.767642,1.812715,0.000000,0.882416
14.400000,-0.474962,-1.000000,-2.083150,-0.063527,0.000000,0.785436,1.876242,-0.000000,0.896980
14.420000,-0.475853,-1.000000,-2.067261,-0.025367,0.000000,0.803521,1.939769,-0.000000,0.911544
14.440000,-0.475969,-1.000000,-2.051007,0.014063,0.000000,0.821898,2.003297,-0.000000,0.926109
14.460000,-0.475282,-1.000000,-2.034383,0.054765,0.000000,0.840565,2.066824,-0.000000,0.940673
14.480000,-0.473770,-1.000000,-2.017383,0.096736,0.000000,0.859524,2.130351,-0.000000,0.955237
14.500000,-0.471405,-1.000000,-2.000000,0.139979,0.000000,0.878775,2.193879,-0.000000,0.969801
14.520000,-0.468179,-1.000000,-1.982245,0.181877,0.000000,0.895989,1.995972,-0.000000,0.751613
14.540000,-0.464156,-1.000000,-1.964190,0.219818,0.000000,0.908839,1.798065,-0.000000,0.533425
14.560000,-0.459413,-1.000000,-1.945921,0.253800,0.000000,0.917326,1.600158,-0.000000,0.315237
14.580000,-0.454030,-1.000000,-1.927526,0.283824,0.000000,0.921449,1.402251,-0.000000,0.097049
14.600000,-0.448086,-1.000000,-1.909092,0.309890,0.000000,0.921208,1.204344,-0.000000,-0.121139
14.620000,-0.441661,-1.000000,-1.890706,0.331998,0.000000,0.916603,1.006437,-0.000000,-0.339327
14.640000,-0.434833,-1.000000,-1.872457,0.350147,0.000000,0.907635,0.808530,-0.000000,-0.557515
14.660000,-0.427681,-1.000000,-1.854430,0.364339,0.000000,0.894303,0.610623,-0.000000,-0.775703
14.680000,-0.420286,-1.000000,-1.836714,0.374572,-0.000000,0.876607,0.412717,-0.000000,-0.993891
14.700000,-0.412725,-1.000000,-1.819395,0.380848,-0.000000,0.854547,0.214810,-0.000000,-1.212080
14.720000,-0.405078,-1.000000,-1.802561,0.383165,-0.000000,0.828124,0.016903,-0.000000,-1.430268
14.740000,-0.397425,-1.000000,-1.786299,0.381524,-0.000000,0.797336,-0.181004,-0.000000,-1.648456
14.760000,-0.389844,-1.000000,-1.770697,0.375925,-0.000000,0.762185,-0.378911,-0.000000,-1.866644
14.780000,-0.382414,-1.000000,-1.755841,0.366367,-0.000000,0.722671,-0.576818,-0.000000,-2.084832
14.800000,-0.375215,-1.000000,-1.741819,0.352852,-0.000000,0.678792,-0.774725,-0.000000,-2.303020
14.820000,-0.368327,-1.000000,-1.728718,0.335378,-0.000000,0.630550,-0.972632,-0.000000,-2.521208
14.840000,-0.361827,-1.000000,-1.716626,0.313947,-0.000000,0.577944,-1.170538,0.000000,-2.739396
14.860000,-0.355795,-1.000000,-1.705629,0.288557,-0.000000,0.520974,-1.368445,0.000000,-2.957584
14.880000,-0.350311,-1.000000,-1.695816,0.259209,-0.000000,0.459640,-1.566352,0.000000,-3.175772
14.900000,-0.345453,-1.000000,-1.687273,0.225903,-0.000000,0.393943,-1.764259,0.000000,-3.393960
14.920000,-0.341301,-1.000000,-1.680087,0.188638,-0.000000,0.323882,-1.962166,0.000000,-3.612148
14.940000,-0.337934,-1.000000,-1.674347,0.147416,-0.000000,0.249457,-2.160073,0.000000,-3.830336
14.960000,-0.335431,-1.000000,-1.670138,0.102235,-0.000000,0.170669,-2.357980,0.000000,-4.048524
14.980000,-0.333871,-1.000000,-1.667549,0.053097,-0.000000,0.087516,-2.555887,0.000000,-4.266713
