0.000000,0.000000,0.000000,0.000000,0.000000,0.000000,0.000000,6.127407,3.011565,-7.695127
0.020000,0.001211,0.000595,-0.001521,0.120372,0.059162,-0.151169,5.909763,2.904595,-7.421797
0.040000,0.004786,0.002352,-0.006010,0.236391,0.116184,-0.296872,5.692118,2.797625,-7.148468
0.060000,0.010638,0.005228,-0.013359,0.348056,0.171067,-0.437108,5.474474,2.690655,-6.875138
0.080000,0.018679,0.009181,-0.023458,0.455369,0.223810,-0.571877,5.256829,2.583684,-6.601809
0.100000,0.028823,0.014166,-0.036198,0.558330,0.274414,-0.701180,5.039185,2.476714,-6.328479
0.120000,0.040983,0.020143,-0.051469,0.656937,0.322879,-0.825017,4.821541,2.369744,-6.055150
0.140000,0.055072,0.027067,-0.069162,0.751191,0.369204,-0.943386,4.603896,2.262774,-5.781820
0.160000,0.071002,0.034897,-0.089168,0.841093,0.413390,-1.056289,4.386252,2.155803,-5.508491
0.180000,0.088686,0.043589,-0.111377,0.926641,0.455436,-1.163726,4.168607,2.048833,-5.235161
0.200000,0.108039,0.053100,-0.135681,1.007837,0.495343,-1.265696,3.950963,1.941863,-4.961832
0.220000,0.128971,0.063388,-0.161969,1.084680,0.533110,-1.362199,3.733318,1.834893,-4.688502
0.240000,0.151397,0.074410,-0.190132,1.157170,0.568739,-1.453236,3.515674,1.727923,-4.415173
0.260000,0.175229,0.086123,-0.220062,1.225307,0.602227,-1.538806,3.298030,1.620952,-4.141843
0.280000,0.200380,0.098485,-0.251648,1.289091,0.633577,-1.618910,3.080385,1.513982,-3.868514
0.300000,0.226763,0.111452,-0.284782,1.348522,0.662787,-1.693547,2.862741,1.407012,-3.595184
0.320000,0.254292,0.124982,-0.319353,1.403601,0.689857,-1.762717,2.645096,1.300042,-3.321855
0.340000,0.282878,0.139032,-0.355254,1.454326,0.714788,-1.826421,2.427452,1.193071,-3.048526
0.360000,0.312436,0.153559,-0.392374,1.500699,0.737580,-1.884658,2.209807,1.086101,-2.775196
0.380000,0.342877,0.168521,-0.430604,1.542718,0.758232,-1.937429,1.992163,0.979131,-2.501867
0.400000,0.374116,0.183874,-0.469834,1.580385,0.776745,-1.984733,1.774519,0.872161,-2.228537
0.420000,0.406064,0.199577,-0.509957,1.613699,0.793119,-2.026570,1.556874,0.765190,-1.955208
0.440000,0.438634,0.215585,-0.550861,1.642660,0.807353,-2.062941,1.339230,0.658220,-1.681878
0.460000,0.471741,0.231856,-0.592438,1.667268,0.819448,-2.093845,1.121585,0.551250,-1.408549
0.480000,0.505296,0.248349,-0.634578,1.687524,0.829403,-2.119283,0.903941,0.444280,-1.135219
0.500000,0.539213,0.265018,-0.677173,1.703426,0.837219,-2.139254,0.686296,0.337309,-0.861890
0.520000,0.573404,0.281823,-0.720112,1.714975,0.842895,-2.153759,0.468652,0.230339,-0.588560
0.540000,0.607783,0.298720,-0.763287,1.722172,0.846432,-2.162796,0.251008,0.123369,-0.315231
0.560000,0.642262,0.315666,-0.806587,1.725016,0.847830,-2.166368,0.033363,0.016399,-0.041901
0.580000,0.676755,0.332619,-0.849905,1.723507,0.847088,-2.164473,-0.184281,-0.090572,0.231428
0.600000,0.711173,0.349535,-0.893130,1.717644,0.844207,-2.157111,-0.401926,-0.197542,0.504758
0.620000,0.745431,0.366373,-0.936153,1.707429,0.839187,-2.144282,-0.619570,-0.304512,0.778087
0.640000,0.779441,0.383089,-0.978865,1.692862,0.832027,-2.125987,-0.837215,-0.411482,1.051417
0.660000,0.813117,0.399640,-1.021156,1.673941,0.822727,-2.102226,-1.054859,-0.518453,1.324746
0.680000,0.846370,0.415983,-1.062917,1.650667,0.811288,-2.072997,-1.272503,-0.625423,1.598075
0.700000,0.879114,0.432077,-1.104039,1.623041,0.797710,-2.038303,-1.490148,-0.732393,1.871405
0.720000,0.911263,0.447878,-1.144413,1.591061,0.781993,-1.998141,-1.707792,-0.839363,2.144734
0.740000,0.942728,0.463342,-1.183928,1.554729,0.764136,-1.952513,-1.925437,-0.946333,2.418064
0.760000,0.973423,0.478429,-1.222477,1.514044,0.744139,-1.901419,-2.143081,-1.053304,2.691393
0.780000,1.003261,0.493094,-1.259949,1.469006,0.722004,-1.844857,-2.360726,-1.160274,2.964723
0.800000,1.032154,0.507295,-1.296235,1.419615,0.697728,-1.782830,-2.578370,-1.267244,3.238052
0.820000,1.060016,0.520989,-1.331226,1.365871,0.671314,-1.715335,-2.796015,-1.374214,3.511382
0.840000,1.086760,0.534133,-1.364812,1.307774,0.642760,-1.642374,-3.013659,-1.481185,3.784711
0.860000,1.112298,0.546685,-1.396884,1.245325,0.612067,-1.563947,-3.231303,-1.588155,4.058041
0.880000,1.136544,0.558601,-1.427333,1.178522,0.579234,-1.480053,-3.448948,-1.695125,4.331370
0.900000,1.159410,0.569840,-1.456050,1.107367,0.544262,-1.390692,-3.666592,-1.802095,4.604700
0.920000,1.180809,0.580357,-1.482924,1.031858,0.507150,-1.295865,-3.884237,-1.909066,4.878029
0.940000,1.200655,0.590112,-1.507848,0.951997,0.467899,-1.195571,-4.101881,-2.016036,5.151359
0.960000,1.218860,0.599059,-1.530711,0.867783,0.426508,-1.089810,-4.319526,-2.123006,5.424688
0.980000,1.235338,0.607158,-1.551404,0.779216,0.382979,-0.978583,-4.537170,-2.229976,5.698017
1.000000,1.250000,0.614364,-1.569818,0.686296,0.337309,-0.861890,-4.754814,-2.336947,5.971347
1.020000,1.262791,0.620651,-1.585881,0.593612,0.291756,-0.745491,-4.513659,-2.218422,5.668492
1.040000,1.273777,0.626050,-1.599678,0.505750,0.248573,-0.635150,-4.272503,-2.099896,5.365638
1.060000,1.283053,0.630609,-1.611328,0.422712,0.207760,-0.530866,-4.031348,-1.981371,5.062783
1.080000,1.290717,0.634376,-1.620953,0.344496,0.169318,-0.432639,-3.790193,-1.862846,4.759929
1.100000,1.296865,0.637398,-1.628674,0.271104,0.133246,-0.340469,-3.549037,-1.744321,4.457074
1.120000,1.301594,0.639722,-1.634612,0.202535,0.099545,-0.254356,-3.307882,-1.625796,4.154220
1.140000,1.304999,0.641396,-1.638888,0.138789,0.068214,-0.174300,-3.066726,-1.507271,3.851365
1.160000,1.307177,0.642466,-1.641624,0.079866,0.039254,-0.100301,-2.825571,-1.388746,3.548511
1.180000,1.308226,0.642982,-1.642941,0.025766,0.012664,-0.032359,-2.584415,-1.270221,3.245656
1.200000,1.308240,0.642989,-1.642959,-0.023511,-0.011555,0.029525,-2.343260,-1.151696,2.942801
1.220000,1.307317,0.642535,-1.641800,-0.067965,-0.033404,0.085353,-2.102104,-1.033171,2.639947
1.240000,1.305554,0.641668,-1.639585,-0.107595,-0.052882,0.135123,-1.860949,-0.914646,2.337092
1.260000,1.303046,0.640436,-1.636436,-0.142403,-0.069989,0.178836,-1.619793,-0.796121,2.034238
1.280000,1.299890,0.638885,-1.632472,-0.172387,-0.084726,0.216492,-1.378638,-0.677596,1.731383
1.300000,1.296182,0.637062,-1.627816,-0.197548,-0.097093,0.248092,-1.137483,-0.559070,1.428529
1.320000,1.292020,0.635017,-1.622589,-0.217886,-0.107089,0.273634,-0.896327,-0.440545,1.125674
1.340000,1.287499,0.632795,-1.616911,-0.233401,-0.114715,0.293119,-0.655172,-0.322020,0.822820
1.360000,1.282716,0.630444,-1.610905,-0.244093,-0.119970,0.306546,-0.414016,-0.203495,0.519965
1.380000,1.277767,0.628012,-1.604690,-0.249962,-0.122855,0.313917,-0.172861,-0.084970,0.217111
1.400000,1.272750,0.625545,-1.598388,-0.251008,-0.123369,0.315231,0.068295,0.033555,-0.085744
1.420000,1.267759,0.623093,-1.592121,-0.247230,-0.121513,0.310487,0.309450,0.152080,-0.388599
1.440000,1.262893,0.620701,-1.586009,-0.238630,-0.117286,0.299687,0.550606,0.270605,-0.691453
1.460000,1.258246,0.618417,-1.580174,-0.225206,-0.110688,0.282829,0.791761,0.389130,-0.994308
1.480000,1.253917,0.616289,-1.574736,-0.206959,-0.101721,0.259915,1.032917,0.507655,-1.297162
1.500000,1.250000,0.614364,-1.569818,-0.183889,-0.090382,0.230943,1.274072,0.626180,-1.600017
1.520000,1.246573,0.612680,-1.565513,-0.159054,-0.078176,0.199754,1.209450,0.594422,-1.518867
1.540000,1.243629,0.611233,-1.561817,-0.135511,-0.066605,0.170188,1.144828,0.562664,-1.437718
1.560000,1.241144,0.610011,-1.558695,-0.113261,-0.055670,0.142245,1.080207,0.530906,-1.356568
1.580000,1.239090,0.609002,-1.556116,-0.092303,-0.045369,0.115925,1.015585,0.499148,-1.275419
1.600000,1.237443,0.608192,-1.554047,-0.072637,-0.035704,0.091228,0.950963,0.467389,-1.194269
1.620000,1.236176,0.607569,-1.552456,-0.054264,-0.026673,0.068155,0.886341,0.435631,-1.113120
1.640000,1.235264,0.607121,-1.551310,-0.037184,-0.018278,0.046704,0.821719,0.403873,-1.031970
1.660000,1.234680,0.606834,-1.550577,-0.021396,-0.010519,0.026876,0.757097,0.372115,-0.950821
1.680000,1.234399,0.606696,-1.550224,-0.006900,-0.003394,0.008671,0.692476,0.340357,-0.869672
1.700000,1.234395,0.606694,-1.550219,0.006303,0.003096,-0.007911,0.627854,0.308598,-0.788522
1.720000,1.234643,0.606816,-1.550530,0.018214,0.008950,-0.022870,0.563232,0.276840,-0.707373
1.740000,1.235115,0.607048,-1.551123,0.028833,0.014169,-0.036206,0.498610,0.245082,-0.626223
1.760000,1.235788,0.607378,-1.551967,0.038159,0.018753,-0.047919,0.433988,0.213324,-0.545074
1.780000,1.236633,0.607794,-1.553029,0.046192,0.022702,-0.058009,0.369366,0.181566,-0.463924
1.800000,1.237627,0.608282,-1.554277,0.052933,0.026016,-0.066476,0.304745,0.149807,-0.382775
1.820000,1.238742,0.608830,-1.555678,0.058382,0.028695,-0.073320,0.240123,0.118049,-0.301625
1.840000,1.239953,0.609425,-1.557199,0.062538,0.030738,-0.078541,0.175501,0.086291,-0.220476
1.860000,1.241235,0.610055,-1.558808,0.065402,0.032146,-0.082139,0.110879,0.054533,-0.139326
1.880000,1.242561,0.610707,-1.560474,0.066973,0.032919,-0.084114,0.046257,0.022775,-0.058177
1.900000,1.243905,0.611368,-1.562162,0.067252,0.033057,-0.084466,-0.018365,-0.008984,0.022973
1.920000,1.245242,0.612025,-1.563841,0.066239,0.032560,-0.083195,-0.082987,-0.040742,0.104122
1.940000,1.246546,0.612666,-1.565479,0.063933,0.031428,-0.080301,-0.147608,-0.072500,0.185272
1.960000,1.247791,0.613278,-1.567043,0.060334,0.029660,-0.075784,-0.212230,-0.104258,0.266421
1.980000,1.248951,0.613848,-1.568500,0.055444,0.027257,-0.069644,-0.276852,-0.136016,0.347570
2.000000,1.250000,0.614364,-1.569818,0.049260,0.024219,-0.061881,-0.341474,-0.167775,0.428720
2.020000,1.250918,0.614815,-1.570971,0.042604,0.020949,-0.053524,-0.324142,-0.159267,0.406977
2.040000,1.251706,0.615203,-1.571962,0.036295,0.017849,-0.045602,-0.306810,-0.150759,0.385233
2.060000,1.252372,0.615531,-1.572798,0.030332,0.014918,-0.038115,-0.289478,-0.142251,0.363490
2.080000,1.252922,0.615801,-1.573489,0.024716,0.012159,-0.031063,-0.272146,-0.133744,0.341747
2.100000,1.253363,0.616018,-1.574043,0.019446,0.009569,-0.024445,-0.254814,-0.125236,0.320003
2.120000,1.253702,0.616185,-1.574470,0.014523,0.007149,-0.018263,-0.237483,-0.116728,0.298260
2.140000,1.253946,0.616305,-1.574777,0.009947,0.004900,-0.012515,-0.220151,-0.108221,0.276517
2.160000,1.254102,0.616382,-1.574973,0.005717,0.002820,-0.007202,-0.202819,-0.099713,0.254773
2.180000,1.254177,0.616419,-1.575068,0.001834,0.000911,-0.002324,-0.185487,-0.091205,0.233030
2.200000,1.254178,0.616420,-1.575069,-0.001703,-0.000828,0.002119,-0.168155,-0.082698,0.211287
2.220000,1.254112,0.616387,-1.574986,-0.004892,-0.002397,0.006128,-0.150823,-0.074190,0.189543
2.240000,1.253985,0.616325,-1.574827,-0.007735,-0.003796,0.009701,-0.133491,-0.065682,0.167800
2.260000,1.253804,0.616236,-1.574601,-0.010232,-0.005024,0.012840,-0.116159,-0.057174,0.146057
2.280000,1.253578,0.616125,-1.574316,-0.012382,-0.006083,0.015543,-0.098827,-0.048667,0.124313
2.300000,1.253311,0.615994,-1.573982,-0.014185,-0.006971,0.017812,-0.081495,-0.040159,0.102570
2.320000,1.253013,0.615847,-1.573607,-0.015642,-0.007689,0.019646,-0.064164,-0.031651,0.080827
2.340000,1.252688,0.615688,-1.573199,-0.016752,-0.008237,0.021045,-0.046832,-0.023144,0.059083
2.360000,1.252345,0.615519,-1.572768,-0.017515,-0.008615,0.022009,-0.029500,-0.014636,0.037340
2.380000,1.251990,0.615344,-1.572322,-0.017932,-0.008822,0.022539,-0.012168,-0.006128,0.015597
2.400000,1.251630,0.615167,-1.571869,-0.018002,-0.008860,0.022633,0.005164,0.002379,-0.006147
2.420000,1.251272,0.614991,-1.571419,-0.017725,-0.008727,0.022293,0.022496,0.010887,-0.027890
2.440000,1.250923,0.614819,-1.570980,-0.017102,-0.008424,0.021518,0.039828,0.019395,-0.049633
2.460000,1.250590,0.614655,-1.570561,-0.016132,-0.007951,0.020308,0.057160,0.027903,-0.071376
2.480000,1.250280,0.614502,-1.570171,-0.014815,-0.007308,0.018663,0.074492,0.036410,-0.093120
2.500000,1.250000,0.614364,-1.569818,-0.013152,-0.006495,0.016583,0.091823,0.044918,-0.114863
2.520000,1.249755,0.614243,-1.569509,-0.011363,-0.005619,0.014344,0.087118,0.042645,-0.109039
2.540000,1.249545,0.614139,-1.569243,-0.009668,-0.004789,0.012221,0.082412,0.040373,-0.103215
2.560000,1.249368,0.614051,-1.569019,-0.008066,-0.004004,0.010215,0.077706,0.038100,-0.097392
2.580000,1.249222,0.613978,-1.568834,-0.006559,-0.003265,0.008326,0.073001,0.035828,-0.091568
2.600000,1.249105,0.613920,-1.568685,-0.005146,-0.002571,0.006552,0.068295,0.033555,-0.085744
2.620000,1.249015,0.613875,-1.568571,-0.003827,-0.001923,0.004896,0.063589,0.031282,-0.079920
2.640000,1.248951,0.613843,-1.568489,-0.002603,-0.001320,0.003356,0.058883,0.029010,-0.074096
2.660000,1.248910,0.613822,-1.568436,-0.001472,-0.000762,0.001932,0.054178,0.026737,-0.068273
2.680000,1.248891,0.613812,-1.568411,-0.000436,-0.000250,0.000625,0.049472,0.024465,-0.062449
2.700000,1.248892,0.613812,-1.568410,0.000507,0.000216,-0.000566,0.044766,0.022192,-0.056625
2.720000,1.248911,0.613821,-1.568432,0.001355,0.000637,-0.001640,0.040060,0.019919,-0.050801
2.740000,1.248946,0.613837,-1.568475,0.002109,0.001013,-0.002598,0.035355,0.017647,-0.044977
2.760000,1.248995,0.613861,-1.568536,0.002769,0.001343,-0.003439,0.030649,0.015374,-0.039153
2.780000,1.249056,0.613891,-1.568612,0.003335,0.001628,-0.004164,0.025943,0.013102,-0.033330
2.800000,1.249128,0.613926,-1.568701,0.003807,0.001867,-0.004773,0.021237,0.010829,-0.027506
2.820000,1.249208,0.613965,-1.568802,0.004185,0.002061,-0.005264,0.016532,0.008556,-0.021682
2.840000,1.249294,0.614008,-1.568911,0.004468,0.002209,-0.005640,0.011826,0.006284,-0.015858
2.860000,1.249386,0.614053,-1.569027,0.004658,0.002312,-0.005899,0.007120,0.004011,-0.010034
2.880000,1.249480,0.614100,-1.569146,0.004753,0.002370,-0.006041,0.002415,0.001739,-0.004210
2.900000,1.249575,0.614147,-1.569268,0.004754,0.002382,-0.006067,-0.002291,-0.000534,0.001613
2.920000,1.249670,0.614195,-1.569388,0.004661,0.002348,-0.005977,-0.006997,-0.002807,0.007437
2.940000,1.249761,0.614241,-1.569506,0.004474,0.002270,-0.005770,-0.011703,-0.005079,0.013261
2.960000,1.249848,0.614285,-1.569618,0.004193,0.002145,-0.005446,-0.016408,-0.007352,0.019085
2.980000,1.249928,0.614327,-1.569723,0.003818,0.001976,-0.005006,-0.021114,-0.009624,0.024909
3.000000,1.250000,0.614364,-1.569818,0.003349,0.001760,-0.004450,-0.025820,-0.011897,0.030733
3.020000,1.250062,0.614397,-1.569901,0.002847,0.001528,-0.003851,-0.024329,-0.011314,0.029181
3.040000,1.250114,0.614425,-1.569972,0.002375,0.001308,-0.003283,-0.022838,-0.010732,0.027629
3.060000,1.250157,0.614449,-1.570032,0.001934,0.001099,-0.002746,-0.021347,-0.010149,0.026077
3.080000,1.250192,0.614469,-1.570082,0.001522,0.000902,-0.002240,-0.019856,-0.009566,0.024525
3.100000,1.250218,0.614485,-1.570122,0.001139,0.000716,-0.001765,-0.018365,-0.008984,0.022973
3.120000,1.250237,0.614498,-1.570153,0.000787,0.000542,-0.001321,-0.016874,-0.008401,0.021421
3.140000,1.250250,0.614507,-1.570175,0.000464,0.000380,-0.000908,-0.015383,-0.007818,0.019869
3.160000,1.250256,0.614513,-1.570189,0.000172,0.000230,-0.000526,-0.013892,-0.007235,0.018317
3.180000,1.250257,0.614516,-1.570196,-0.000091,0.000091,-0.000175,-0.012401,-0.006653,0.016765
3.200000,1.250253,0.614517,-1.570196,-0.000324,-0.000036,0.000145,-0.010909,-0.006070,0.015213
3.220000,1.250244,0.614515,-1.570191,-0.000528,-0.000152,0.000433,-0.009418,-0.005487,0.013661
3.240000,1.250232,0.614511,-1.570179,-0.000701,-0.000256,0.000691,-0.007927,-0.004905,0.012109
3.260000,1.250216,0.614505,-1.570163,-0.000845,-0.000348,0.000918,-0.006436,-0.004322,0.010557
3.280000,1.250198,0.614497,-1.570143,-0.000958,-0.000429,0.001113,-0.004945,-0.003739,0.009005
3.300000,1.250178,0.614488,-1.570119,-0.001042,-0.000498,0.001278,-0.003454,-0.003157,0.007453
3.320000,1.250157,0.614477,-1.570092,-0.001097,-0.000555,0.001411,-0.001963,-0.002574,0.005901
3.340000,1.250135,0.614466,-1.570063,-0.001121,-0.000601,0.001514,-0.000472,-0.001991,0.004349
3.360000,1.250112,0.614453,-1.570032,-0.001116,-0.000635,0.001585,0.001019,-0.001409,0.002797
3.380000,1.250090,0.614440,-1.569999,-0.001080,-0.000657,0.001626,0.002510,-0.000826,0.001245
3.400000,1.250069,0.614427,-1.569967,-0.001015,-0.000668,0.001635,0.004001,-0.000243,-0.000307
3.420000,1.250050,0.614414,-1.569934,-0.000920,-0.000667,0.001614,0.005492,0.000340,-0.001859
3.440000,1.250032,0.614401,-1.569902,-0.000795,-0.000654,0.001561,0.006983,0.000922,-0.003411
3.460000,1.250018,0.614388,-1.569872,-0.000641,-0.000630,0.001477,0.008474,0.001505,-0.004963
3.480000,1.250007,0.614375,-1.569844,-0.000457,-0.000594,0.001362,0.009965,0.002088,-0.006515
3.500000,1.250000,0.614364,-1.569818,-0.000242,-0.000546,0.001217,0.011456,0.002670,-0.008067
3.520000,1.249997,0.614354,-1.569795,-0.000026,-0.000494,0.001059,0.010198,0.002612,-0.007683
3.540000,1.249999,0.614344,-1.569775,0.000166,-0.000442,0.000909,0.008939,0.002554,-0.007299
3.560000,1.250004,0.614336,-1.569759,0.000332,-0.000391,0.000767,0.007681,0.002496,-0.006915
3.580000,1.250012,0.614329,-1.569745,0.000473,-0.000342,0.000633,0.006422,0.002438,-0.006531
3.600000,1.250023,0.614322,-1.569733,0.000589,-0.000294,0.000506,0.005164,0.002379,-0.006147
3.620000,1.250035,0.614317,-1.569724,0.000679,-0.000247,0.000387,0.003906,0.002321,-0.005762
3.640000,1.250050,0.614312,-1.569718,0.000745,-0.000201,0.000275,0.002647,0.002263,-0.005378
3.660000,1.250065,0.614309,-1.569713,0.000785,-0.000156,0.000172,0.001389,0.002205,-0.004994
3.680000,1.250081,0.614306,-1.569711,0.000800,-0.000113,0.000076,0.000130,0.002147,-0.004610
3.700000,1.250097,0.614304,-1.569710,0.000790,-0.000070,-0.000013,-0.001128,0.002089,-0.004226
3.720000,1.250112,0.614303,-1.569711,0.000755,-0.000029,-0.000093,-0.002387,0.002030,-0.003842
3.740000,1.250127,0.614303,-1.569714,0.000695,0.000011,-0.000166,-0.003645,0.001972,-0.003458
3.760000,1.250140,0.614304,-1.569718,0.000610,0.000050,-0.000232,-0.004904,0.001914,-0.003073
3.780000,1.250151,0.614305,-1.569723,0.000499,0.000087,-0.000289,-0.006162,0.001856,-0.002689
3.800000,1.250160,0.614307,-1.569729,0.000363,0.000124,-0.000339,-0.007420,0.001798,-0.002305
3.820000,1.250165,0.614310,-1.569737,0.000202,0.000159,-0.000382,-0.008679,0.001739,-0.001921
3.840000,1.250168,0.614314,-1.569745,0.000016,0.000193,-0.000416,-0.009937,0.001681,-0.001537
3.860000,1.250166,0.614318,-1.569753,-0.000195,0.000226,-0.000443,-0.011196,0.001623,-0.001153
3.880000,1.250160,0.614323,-1.569762,-0.000432,0.000258,-0.000462,-0.012454,0.001565,-0.000769
3.900000,1.250148,0.614328,-1.569772,-0.000694,0.000289,-0.000474,-0.013713,0.001507,-0.000384
3.920000,1.250132,0.614334,-1.569781,-0.000980,0.000319,-0.000478,-0.014971,0.001449,-0.000000
3.940000,1.250109,0.614341,-1.569791,-0.001292,0.000347,-0.000474,-0.016229,0.001390,0.000384
3.960000,1.250080,0.614348,-1.569800,-0.001630,0.000374,-0.000462,-0.017488,0.001332,0.000768
3.980000,1.250044,0.614356,-1.569809,-0.001992,0.000400,-0.000443,-0.018746,0.001274,0.001152
4.000000,1.250000,0.614364,-1.569818,-0.002379,0.000425,-0.000416,-0.020005,0.001216,0.001536
4.020000,1.249949,0.614373,-1.569826,-0.002744,0.000446,-0.000385,-0.016462,0.000866,0.001552
4.040000,1.249891,0.614382,-1.569833,-0.003038,0.000460,-0.000354,-0.012919,0.000516,0.001567
4.060000,1.249828,0.614391,-1.569840,-0.003261,0.000467,-0.000323,-0.009377,0.000166,0.001583
4.080000,1.249761,0.614400,-1.569846,-0.003413,0.000466,-0.000291,-0.005834,-0.000184,0.001598
4.100000,1.249692,0.614410,-1.569851,-0.003494,0.000459,-0.000259,-0.002291,-0.000534,0.001613
4.120000,1.249621,0.614419,-1.569856,-0.003505,0.000445,-0.000226,0.001251,-0.000884,0.001629
4.140000,1.249552,0.614427,-1.569861,-0.003444,0.000424,-0.000194,0.004794,-0.001234,0.001644
4.160000,1.249484,0.614436,-1.569864,-0.003313,0.000396,-0.000161,0.008337,-0.001584,0.001660
4.180000,1.249420,0.614443,-1.569867,-0.003111,0.000361,-0.000127,0.011880,-0.001934,0.001675
4.200000,1.249360,0.614450,-1.569869,-0.002838,0.000318,-0.000094,0.015422,-0.002284,0.001691
4.220000,1.249307,0.614456,-1.569871,-0.002494,0.000269,-0.000060,0.018965,-0.002634,0.001706
4.240000,1.249261,0.614461,-1.569872,-0.002079,0.000213,-0.000025,0.022508,-0.002984,0.001722
4.260000,1.249224,0.614464,-1.569872,-0.001594,0.000150,0.000009,0.026050,-0.003334,0.001737
4.280000,1.249198,0.614467,-1.569871,-0.001037,0.000080,0.000044,0.029593,-0.003684,0.001752
4.300000,1.249183,0.614468,-1.569870,-0.000410,0.000002,0.000079,0.033136,-0.004034,0.001768
4.320000,1.249182,0.614467,-1.569868,0.000288,-0.000082,0.000115,0.036679,-0.004384,0.001783
4.340000,1.249195,0.614464,-1.569865,0.001057,-0.000173,0.000151,0.040221,-0.004734,0.001799
4.360000,1.249224,0.614460,-1.569862,0.001897,-0.000271,0.000187,0.043764,-0.005084,0.001814
4.380000,1.249271,0.614453,-1.569858,0.002808,-0.000376,0.000223,0.047307,-0.005434,0.001830
4.400000,1.249337,0.614445,-1.569853,0.003789,-0.000488,0.000260,0.050849,-0.005784,0.001845
4.420000,1.249423,0.614434,-1.569847,0.004842,-0.000608,0.000297,0.054392,-0.006134,0.001861
4.440000,1.249531,0.614420,-1.569841,0.005965,-0.000734,0.000334,0.057935,-0.006484,0.001876
4.460000,1.249663,0.614404,-1.569834,0.007159,-0.000867,0.000372,0.061477,-0.006834,0.001892
4.480000,1.249818,0.614386,-1.569826,0.008424,-0.001007,0.000410,0.065020,-0.007184,0.001907
4.500000,1.250000,0.614364,-1.569818,0.009760,-0.001154,0.000448,0.068563,-0.007534,0.001922
4.520000,1.250208,0.614340,-1.569808,0.011002,-0.001290,0.000482,0.055650,-0.006076,0.001476
4.540000,1.250438,0.614313,-1.569798,0.011986,-0.001397,0.000507,0.042738,-0.004618,0.001031
4.560000,1.250686,0.614284,-1.569788,0.012712,-0.001475,0.000524,0.029826,-0.003159,0.000585
4.580000,1.250945,0.614254,-1.569778,0.013179,-0.001524,0.000531,0.016913,-0.001701,0.000139
4.600000,1.251211,0.614223,-1.569767,0.013388,-0.001543,0.000529,0.004001,-0.000243,-0.000307
4.620000,1.251479,0.614192,-1.569756,0.013339,-0.001533,0.000519,-0.008911,0.001215,-0.000753
4.640000,1.251743,0.614162,-1.569746,0.013032,-0.001495,0.000499,-0.021824,0.002673,-0.001199
4.660000,1.251998,0.614133,-1.569737,0.012466,-0.001427,0.000471,-0.034736,0.004131,-0.001645
4.680000,1.252240,0.614105,-1.569727,0.011642,-0.001329,0.000433,-0.047649,0.005589,-0.002091
4.700000,1.252462,0.614080,-1.569719,0.010560,-0.001203,0.000387,-0.060561,0.007048,-0.002537
4.720000,1.252661,0.614057,-1.569712,0.009220,-0.001047,0.000332,-0.073473,0.008506,-0.002983
4.740000,1.252830,0.614038,-1.569706,0.007621,-0.000863,0.000268,-0.086386,0.009964,-0.003429
4.760000,1.252964,0.614023,-1.569701,0.005764,-0.000649,0.000195,-0.099298,0.011422,-0.003875
4.780000,1.253058,0.614012,-1.569698,0.003649,-0.000406,0.000113,-0.112210,0.012880,-0.004321
4.800000,1.253108,0.614007,-1.569697,0.001276,-0.000134,0.000022,-0.125123,0.014338,-0.004767
4.820000,1.253108,0.614007,-1.569698,-0.001356,0.000168,-0.000078,-0.138035,0.015796,-0.005212
4.840000,1.253052,0.614014,-1.569700,-0.004245,0.000498,-0.000187,-0.150948,0.017255,-0.005658
4.860000,1.252936,0.614027,-1.569705,-0.007393,0.000858,-0.000304,-0.163860,0.018713,-0.006104
4.880000,1.252755,0.614048,-1.569712,-0.010800,0.001247,-0.000431,-0.176772,0.020171,-0.006550
4.900000,1.252502,0.614077,-1.569722,-0.014464,0.001665,-0.000566,-0.189685,0.021629,-0.006996
4.920000,1.252174,0.614115,-1.569735,-0.018387,0.002112,-0.000711,-0.202597,0.023087,-0.007442
4.940000,1.251765,0.614162,-1.569751,-0.022568,0.002588,-0.000864,-0.215509,0.024545,-0.007888
4.960000,1.251270,0.614219,-1.569770,-0.027007,0.003094,-0.001026,-0.228422,0.026003,-0.008334
4.980000,1.250683,0.614286,-1.569792,-0.031705,0.003628,-0.001197,-0.241334,0.027462,-0.008780
5.000000,1.250000,0.614364,-1.569818,-0.036661,0.004192,-0.001377,-0.254247,0.028920,-0.009226
5.020000,1.249219,0.614453,-1.569847,-0.041265,0.004716,-0.001544,-0.206140,0.023437,-0.007458
5.040000,1.248356,0.614552,-1.569879,-0.044906,0.005130,-0.001676,-0.158033,0.017955,-0.005689
5.060000,1.247429,0.614658,-1.569914,-0.047586,0.005434,-0.001772,-0.109926,0.012472,-0.003921
5.080000,1.246459,0.614769,-1.569950,-0.049304,0.005629,-0.001833,-0.061819,0.006989,-0.002153
5.100000,1.245464,0.614882,-1.569987,-0.050059,0.005713,-0.001858,-0.013713,0.001507,-0.000384
5.120000,1.244463,0.614996,-1.570024,-0.049852,0.005689,-0.001848,0.034394,-0.003976,0.001384
5.140000,1.243476,0.615109,-1.570060,-0.048683,0.005554,-0.001803,0.082501,-0.009458,0.003152
5.160000,1.242522,0.615218,-1.570096,-0.046552,0.005310,-0.001722,0.130608,-0.014941,0.004920
5.180000,1.241620,0.615321,-1.570129,-0.043459,0.004957,-0.001606,0.178715,-0.020424,0.006689
5.200000,1.240790,0.615415,-1.570160,-0.039403,0.004493,-0.001454,0.226821,-0.025906,0.008457
5.220000,1.240051,0.615500,-1.570187,-0.034386,0.003921,-0.001268,0.274928,-0.031389,0.010225
5.240000,1.239421,0.615571,-1.570210,-0.028406,0.003238,-0.001045,0.323035,-0.036871,0.011993
5.260000,1.238921,0.615628,-1.570229,-0.021464,0.002446,-0.000788,0.371142,-0.042354,0.013762
5.280000,1.238569,0.615669,-1.570242,-0.013561,0.001544,-0.000495,0.419249,-0.047837,0.015530
5.300000,1.238385,0.615689,-1.570248,-0.004695,0.000532,-0.000167,0.467356,-0.053319,0.017298
5.320000,1.238387,0.615689,-1.570248,0.005134,-0.000589,0.000197,0.515462,-0.058802,0.019066
5.340000,1.238596,0.615665,-1.570240,0.015924,-0.001820,0.000596,0.563569,-0.064284,0.020835
5.360000,1.239031,0.615616,-1.570224,0.027676,-0.003160,0.001030,0.611676,-0.069767,0.022603
5.380000,1.239710,0.615538,-1.570199,0.040391,-0.004611,0.001500,0.659783,-0.075250,0.024371
5.400000,1.240653,0.615430,-1.570164,0.054068,-0.006170,0.002005,0.707890,-0.080732,0.026139
5.420000,1.241879,0.615290,-1.570118,0.068707,-0.007840,0.002546,0.755996,-0.086215,0.027908
5.440000,1.243408,0.615116,-1.570062,0.084308,-0.009619,0.003122,0.804103,-0.091697,0.029676
5.460000,1.245258,0.614905,-1.569993,0.100871,-0.011508,0.003733,0.852210,-0.097180,0.031444
5.480000,1.247449,0.614655,-1.569912,0.118396,-0.013506,0.004379,0.900317,-0.102663,0.033212
5.500000,1.250000,0.614364,-1.569818,0.136883,-0.015614,0.005061,0.948424,-0.108145,0.034981
5.520000,1.252915,0.614031,-1.569710,0.154057,-0.017572,0.005695,0.768909,-0.087673,0.028354
5.540000,1.256138,0.613664,-1.569591,0.167640,-0.019121,0.006195,0.589394,-0.067201,0.021727
5.560000,1.259597,0.613269,-1.569463,0.177632,-0.020260,0.006564,0.409879,-0.046728,0.015099
5.580000,1.263220,0.612856,-1.569329,0.184035,-0.020990,0.006799,0.230364,-0.026256,0.008472
5.600000,1.266934,0.612432,-1.569192,0.186847,-0.021311,0.006903,0.050849,-0.005784,0.001845
5.620000,1.270670,0.612006,-1.569054,0.186069,-0.021222,0.006873,-0.128666,0.014688,-0.004782
5.640000,1.274353,0.611586,-1.568918,0.181700,-0.020723,0.006711,-0.308180,0.035161,-0.011409
5.660000,1.277914,0.611180,-1.568786,0.173742,-0.019815,0.006417,-0.487695,0.055633,-0.018036
5.680000,1.281279,0.610796,-1.568662,0.162193,-0.018498,0.005990,-0.667210,0.076105,-0.024663
5.700000,1.284377,0.610443,-1.568548,0.147053,-0.016771,0.005430,-0.846725,0.096577,-0.031290
5.720000,1.287137,0.610128,-1.568446,0.128324,-0.014635,0.004738,-1.026240,0.117050,-0.037918
5.740000,1.289487,0.609860,-1.568359,0.106004,-0.012089,0.003914,-1.205755,0.137522,-0.044545
5.760000,1.291353,0.609648,-1.568290,0.080093,-0.009134,0.002956,-1.385270,0.157994,-0.051172
5.780000,1.292666,0.609498,-1.568242,0.050593,-0.005769,0.001867,-1.564784,0.178466,-0.057799
5.800000,1.293353,0.609419,-1.568216,0.017502,-0.001995,0.000645,-1.744299,0.198938,-0.064426
5.820000,1.293342,0.609421,-1.568217,-0.019179,0.002188,-0.000710,-1.923814,0.219411,-0.071053
5.840000,1.292562,0.609510,-1.568246,-0.059451,0.006781,-0.002198,-2.103329,0.239883,-0.077680
5.860000,1.290940,0.609695,-1.568305,-0.103312,0.011784,-0.003817,-2.282844,0.260355,-0.084307
5.880000,1.288406,0.609984,-1.568399,-0.150764,0.017195,-0.005570,-2.462359,0.280827,-0.090935
5.900000,1.284886,0.610385,-1.568529,-0.201807,0.023017,-0.007455,-2.641874,0.301300,-0.097562
5.920000,1.280310,0.610907,-1.568698,-0.256439,0.029247,-0.009472,-2.821388,0.321772,-0.104189
5.940000,1.274604,0.611558,-1.568909,-0.314662,0.035888,-0.011622,-3.000903,0.342244,-0.110816
5.960000,1.267699,0.612345,-1.569164,-0.376475,0.042937,-0.013905,-3.180418,0.362716,-0.117443
5.980000,1.259522,0.613278,-1.569466,-0.441879,0.050396,-0.016320,-3.359933,0.383189,-0.124070
6.000000,1.250000,0.614364,-1.569818,-0.510873,0.058265,-0.018868,-3.539448,0.403661,-0.130697
6.020000,1.239081,0.615610,-1.570220,-0.580784,0.066257,-0.021351,-3.451688,0.395588,-0.117663
6.040000,1.226780,0.617013,-1.570670,-0.648940,0.074088,-0.023574,-3.363929,0.387514,-0.104629
6.060000,1.213135,0.618572,-1.571162,-0.715341,0.081758,-0.025537,-3.276169,0.379441,-0.091595
6.080000,1.198178,0.620282,-1.571690,-0.779987,0.089266,-0.027238,-3.188409,0.371368,-0.078560
6.100000,1.181947,0.622142,-1.572249,-0.842878,0.096613,-0.028679,-3.100650,0.363295,-0.065526
6.120000,1.164475,0.624146,-1.572835,-0.904013,0.103798,-0.029859,-3.012890,0.355222,-0.052492
6.140000,1.145798,0.626292,-1.573442,-0.963393,0.110821,-0.030779,-2.925131,0.347148,-0.039458
6.160000,1.125951,0.628578,-1.574065,-1.021018,0.117684,-0.031437,-2.837371,0.339075,-0.026424
6.180000,1.104969,0.630999,-1.574698,-1.076888,0.124384,-0.031836,-2.749611,0.331002,-0.013389
6.200000,1.082887,0.633552,-1.575336,-1.131003,0.130924,-0.031973,-2.661852,0.322929,-0.000355
6.220000,1.059741,0.636235,-1.575975,-1.183362,0.137302,-0.031850,-2.574092,0.314855,0.012679
6.240000,1.035564,0.639043,-1.576608,-1.233966,0.143518,-0.031466,-2.486332,0.306782,0.025713
6.260000,1.010394,0.641974,-1.577232,-1.282815,0.149573,-0.030821,-2.398573,0.298709,0.038748
6.280000,0.984263,0.645025,-1.577840,-1.329909,0.155466,-0.029916,-2.310813,0.290636,0.051782
6.300000,0.957209,0.648192,-1.578427,-1.375248,0.161198,-0.028750,-2.223054,0.282562,0.064816
6.320000,0.929265,0.651472,-1.578988,-1.418831,0.166769,-0.027323,-2.135294,0.274489,0.077850
6.340000,0.900467,0.654861,-1.579518,-1.460660,0.172178,-0.025636,-2.047534,0.266416,0.090884
6.360000,0.870851,0.658358,-1.580012,-1.500733,0.177425,-0.023688,-1.959775,0.258343,0.103919
6.380000,0.840450,0.661957,-1.580464,-1.539051,0.182512,-0.021479,-1.872015,0.250270,0.116953
6.400000,0.809300,0.665657,-1.580869,-1.575613,0.187436,-0.019010,-1.784256,0.242196,0.129987
6.420000,0.777437,0.669454,-1.581222,-1.610421,0.192199,-0.016280,-1.696496,0.234123,0.143021
6.440000,0.744895,0.673344,-1.581518,-1.643473,0.196801,-0.013289,-1.608736,0.226050,0.156056
6.460000,0.711710,0.677325,-1.581752,-1.674770,0.201241,-0.010038,-1.520977,0.217977,0.169090
6.480000,0.677916,0.681393,-1.581918,-1.704312,0.205520,-0.006525,-1.433217,0.209903,0.182124
6.500000,0.643549,0.685544,-1.582011,-1.732099,0.209637,-0.002753,-1.345457,0.201830,0.195158
6.520000,0.608644,0.689777,-1.582027,-1.758131,0.213593,0.001281,-1.257698,0.193757,0.208192
6.540000,0.573235,0.694087,-1.581958,-1.782407,0.217388,0.005575,-1.169938,0.185684,0.221227
6.560000,0.537359,0.698471,-1.581802,-1.804928,0.221021,0.010130,-1.082179,0.177610,0.234261
6.580000,0.501050,0.702927,-1.581552,-1.825694,0.224492,0.014946,-0.994419,0.169537,0.247295
6.600000,0.464343,0.707450,-1.581202,-1.844705,0.227802,0.020022,-0.906659,0.161464,0.260329
6.620000,0.427274,0.712038,-1.580749,-1.861960,0.230951,0.025359,-0.818900,0.153391,0.273363
6.640000,0.389876,0.716687,-1.580186,-1.877461,0.233938,0.030956,-0.731140,0.145318,0.286398
6.660000,0.352187,0.721394,-1.579509,-1.891206,0.236763,0.036815,-0.643381,0.137244,0.299432
6.680000,0.314240,0.726156,-1.578712,-1.903196,0.239428,0.042934,-0.555621,0.129171,0.312466
6.700000,0.276071,0.730970,-1.577790,-1.913431,0.241930,0.049313,-0.467861,0.121098,0.325500
6.720000,0.237714,0.735833,-1.576738,-1.921911,0.244272,0.055954,-0.380102,0.113025,0.338535
6.740000,0.199206,0.740740,-1.575550,-1.928635,0.246451,0.062855,-0.292342,0.104951,0.351569
6.760000,0.160581,0.745690,-1.574222,-1.933604,0.248470,0.070016,-0.204582,0.096878,0.364603
6.780000,0.121873,0.750678,-1.572748,-1.936818,0.250326,0.077439,-0.116823,0.088805,0.377637
6.800000,0.083120,0.755702,-1.571122,-1.938277,0.252022,0.085122,-0.029063,0.080732,0.390671
6.820000,0.044354,0.760758,-1.569341,-1.937981,0.253556,0.093066,0.058696,0.072659,0.403706
6.840000,0.005612,0.765843,-1.567398,-1.935929,0.254928,0.101270,0.146456,0.064585,0.416740
6.860000,-0.033071,0.770954,-1.565288,-1.932123,0.256139,0.109735,0.234216,0.056512,0.429774
6.880000,-0.071661,0.776087,-1.563007,-1.926561,0.257189,0.118461,0.321975,0.048439,0.442808
6.900000,-0.110122,0.781240,-1.560548,-1.919244,0.258077,0.127448,0.409735,0.040366,0.455843
6.920000,-0.148419,0.786409,-1.557907,-1.910171,0.258803,0.136695,0.497495,0.032292,0.468877
6.940000,-0.186517,0.791591,-1.555079,-1.899344,0.259368,0.146203,0.585254,0.024219,0.481911
6.960000,-0.224381,0.796783,-1.552057,-1.886761,0.259772,0.155971,0.673014,0.016146,0.494945
6.980000,-0.261976,0.801981,-1.548838,-1.872423,0.260014,0.166000,0.760773,0.008073,0.507979
7.000000,-0.299266,0.807182,-1.545416,-1.856330,0.260095,0.176290,0.848533,-0.000001,0.521014
7.020000,-0.336218,0.812384,-1.541785,-1.838482,0.260014,0.186841,0.936293,-0.008074,0.534048
7.040000,-0.372794,0.817582,-1.537940,-1.818878,0.259772,0.197652,1.024052,-0.016147,0.547082
7.060000,-0.408961,0.822773,-1.533877,-1.797520,0.259368,0.208724,1.111812,-0.024220,0.560116
7.080000,-0.444683,0.827955,-1.529590,-1.774406,0.258803,0.220057,1.199571,-0.032293,0.573150
7.100000,-0.479926,0.833125,-1.525073,-1.749537,0.258077,0.231650,1.287331,-0.040367,0.586185
7.120000,-0.514653,0.838277,-1.520322,-1.722913,0.257188,0.243504,1.375091,-0.048440,0.599219
7.140000,-0.548830,0.843411,-1.515331,-1.694533,0.256139,0.255619,1.462850,-0.056513,0.612253
7.160000,-0.582423,0.848522,-1.510095,-1.664399,0.254928,0.267994,1.550610,-0.064586,0.625287
7.180000,-0.615395,0.853607,-1.504609,-1.632509,0.253555,0.280631,1.638370,-0.072660,0.638322
7.200000,-0.647711,0.858663,-1.498868,-1.598864,0.252022,0.293527,1.726129,-0.080733,0.651356
7.220000,-0.679337,0.863687,-1.492867,-1.563464,0.250326,0.306685,1.813889,-0.088806,0.664390
7.240000,-0.710238,0.868675,-1.486599,-1.526308,0.248469,0.320103,1.901648,-0.096879,0.677424
7.260000,-0.740378,0.873624,-1.480061,-1.487398,0.246451,0.333782,1.989408,-0.104953,0.690458
7.280000,-0.769722,0.878532,-1.473246,-1.446732,0.244271,0.347721,2.077168,-0.113026,0.703493
7.300000,-0.798236,0.883394,-1.466150,-1.404311,0.241930,0.361921,2.164927,-0.121099,0.716527
7.320000,-0.825883,0.888208,-1.458768,-1.360135,0.239427,0.376382,2.252687,-0.129172,0.729561
7.340000,-0.852629,0.892970,-1.451093,-1.314204,0.236763,0.391104,2.340446,-0.137245,0.742595
7.360000,-0.878439,0.897678,-1.443122,-1.266517,0.233937,0.406086,2.428206,-0.145319,0.755629
7.380000,-0.903278,0.902327,-1.434848,-1.217075,0.230950,0.421329,2.515966,-0.153392,0.768664
7.400000,-0.927111,0.906914,-1.426267,-1.165878,0.227802,0.436833,2.603725,-0.161465,0.781698
7.420000,-0.949902,0.911438,-1.417373,-1.112926,0.224492,0.452597,2.691485,-0.169538,0.794732
7.440000,-0.971616,0.915893,-1.408161,-1.058219,0.221020,0.468622,2.779245,-0.177612,0.807766
7.460000,-0.992219,0.920277,-1.398626,-1.001757,0.217387,0.484908,2.867004,-0.185685,0.820801
7.480000,-1.011675,0.924587,-1.388763,-0.943539,0.213593,0.501454,2.954764,-0.193758,0.833835
7.500000,-1.029949,0.928820,-1.378566,-0.883566,0.209637,0.518261,3.042523,-0.201831,0.846869
7.520000,-1.047006,0.932972,-1.368031,-0.821838,0.205520,0.535329,3.130283,-0.209905,0.859903
7.540000,-1.062810,0.937040,-1.357152,-0.758355,0.201241,0.552657,3.218043,-0.217978,0.872937
7.560000,-1.077328,0.941020,-1.345923,-0.693116,0.196800,0.570246,3.305802,-0.226051,0.885972
7.580000,-1.090523,0.944911,-1.334340,-0.626123,0.192199,0.588096,3.393562,-0.234124,0.899006
7.600000,-1.102361,0.948707,-1.322397,-0.557374,0.187435,0.606206,3.481322,-0.242197,0.912040
7.620000,-1.112807,0.952407,-1.310090,-0.486870,0.182511,0.624578,3.569081,-0.250271,0.925074
7.640000,-1.121824,0.956007,-1.297413,-0.414611,0.177425,0.643209,3.656841,-0.258344,0.938109
7.660000,-1.129379,0.959503,-1.284360,-0.340596,0.172177,0.662102,3.744600,-0.266417,0.951143
7.680000,-1.135437,0.962893,-1.270927,-0.264827,0.166768,0.681255,3.832360,-0.274490,0.964177
7.700000,-1.139961,0.966173,-1.257108,-0.187302,0.161197,0.700669,3.920120,-0.282564,0.977211
7.720000,-1.142917,0.969340,-1.242898,-0.108022,0.155465,0.720344,4.007879,-0.290637,0.990245
7.740000,-1.144270,0.972390,-1.228292,-0.026987,0.149572,0.740279,4.095639,-0.298710,1.003280
7.760000,-1.143985,0.975321,-1.213285,0.055804,0.143517,0.760475,4.183398,-0.306783,1.016314
7.780000,-1.142026,0.978130,-1.197872,0.140349,0.137301,0.780931,4.271158,-0.314857,1.029348
7.800000,-1.138359,0.980812,-1.182046,0.226650,0.130923,0.801649,4.358918,-0.322930,1.042382
7.820000,-1.132948,0.983366,-1.165804,0.314706,0.124383,0.822627,4.446677,-0.331003,1.055416
7.840000,-1.125759,0.985787,-1.149140,0.404517,0.117683,0.843865,4.534437,-0.339076,1.068451
7.860000,-1.116756,0.988072,-1.132048,0.496084,0.110820,0.865365,4.622197,-0.347149,1.081485
7.880000,-1.105904,0.990218,-1.114523,0.589405,0.103797,0.887125,4.709956,-0.355223,1.094519
7.900000,-1.093168,0.992223,-1.096561,0.684482,0.096611,0.909145,4.797716,-0.363296,1.107553
7.920000,-1.078513,0.994082,-1.078156,0.781314,0.089265,0.931427,4.885475,-0.371369,1.120588
7.940000,-1.061904,0.995792,-1.059302,0.879901,0.081757,0.953969,4.973235,-0.379442,1.133622
7.960000,-1.043305,0.997351,-1.039995,0.980243,0.074087,0.976772,5.060995,-0.387516,1.146656
7.980000,-1.022682,0.998755,-1.020230,1.082341,0.066256,0.999835,5.148754,-0.395589,1.159690
8.000000,-1.000000,1.000000,-1.000000,1.186193,0.058264,1.023159,5.236514,-0.403662,1.172724
8.020000,-0.975245,1.001086,-0.979318,1.288546,0.050395,1.044272,4.998759,-0.383189,0.938526
8.040000,-0.948490,1.002019,-0.958260,1.386144,0.042936,1.060700,4.761005,-0.362716,0.704328
8.060000,-0.919831,1.002806,-0.936921,1.478986,0.035886,1.072445,4.523251,-0.342243,0.470129
8.080000,-0.889362,1.003457,-0.915394,1.567074,0.029246,1.079506,4.285496,-0.321770,0.235931
8.100000,-0.857179,1.003979,-0.893772,1.650406,0.023016,1.081882,4.047742,-0.301297,0.001732
8.120000,-0.823378,1.004380,-0.872150,1.728983,0.017194,1.079575,3.809987,-0.280825,-0.232466
8.140000,-0.788052,1.004669,-0.850620,1.802806,0.011783,1.072584,3.572233,-0.260352,-0.466664
8.160000,-0.751297,1.004854,-0.829278,1.871873,0.006780,1.060908,3.334478,-0.239879,-0.700863
8.180000,-0.713209,1.004943,-0.808215,1.936185,0.002187,1.044549,3.096724,-0.219406,-0.935061
8.200000,-0.673881,1.004944,-0.787527,1.995742,-0.001996,1.023506,2.858970,-0.198933,-1.169260
8.220000,-0.633411,1.004866,-0.767306,2.050543,-0.005770,0.997779,2.621215,-0.178460,-1.403458
8.240000,-0.591891,1.004716,-0.747647,2.100590,-0.009134,0.967368,2.383461,-0.157987,-1.637656
8.260000,-0.549419,1.004503,-0.728643,2.145882,-0.012089,0.932272,2.145706,-0.137514,-1.871855
8.280000,-0.506088,1.004235,-0.710387,2.186418,-0.014635,0.892493,1.907952,-0.117041,-2.106053
8.300000,-0.461994,1.003921,-0.692974,2.222200,-0.016771,0.848030,1.670197,-0.096568,-2.340252
8.320000,-0.417231,1.003567,-0.676497,2.253226,-0.018498,0.798883,1.432443,-0.076095,-2.574450
8.340000,-0.371896,1.003184,-0.661050,2.279498,-0.019815,0.745052,1.194689,-0.055622,-2.808649
8.360000,-0.326083,1.002777,-0.646726,2.301014,-0.020722,0.686537,0.956934,-0.035150,-3.042847
8.380000,-0.279887,1.002357,-0.633620,2.317775,-0.021221,0.623338,0.719180,-0.014677,-3.277045
8.400000,-0.233404,1.001931,-0.621824,2.329781,-0.021310,0.555456,0.481425,0.005796,-3.511244
8.420000,-0.186728,1.001508,-0.611433,2.337032,-0.020989,0.482889,0.243671,0.026269,-3.745442
8.440000,-0.139954,1.001095,-0.602540,2.339528,-0.020259,0.405638,0.005916,0.046742,-3.979641
8.460000,-0.093178,1.000700,-0.595239,2.337269,-0.019119,0.323703,-0.231838,0.067215,-4.213839
8.480000,-0.046495,1.000333,-0.589623,2.330254,-0.017570,0.237084,-0.469593,0.087688,-4.448037
8.500000,-0.000000,1.000000,-0.585786,2.318485,-0.015612,0.145782,-0.707347,0.108161,-4.682236
8.520000,0.046224,0.999709,-0.583801,2.303658,-0.013503,0.053079,-0.775338,0.102675,-4.587988
8.540000,0.092137,0.999459,-0.583651,2.287471,-0.011505,-0.037738,-0.843329,0.097190,-4.493739
8.560000,0.137713,0.999248,-0.585298,2.269925,-0.009616,-0.126670,-0.911320,0.091704,-4.399491
8.580000,0.182925,0.999074,-0.588705,2.251019,-0.007837,-0.213718,-0.979312,0.086218,-4.305243
8.600000,0.227745,0.998934,-0.593834,2.230753,-0.006167,-0.298880,-1.047303,0.080732,-4.210995
8.620000,0.272146,0.998826,-0.600648,2.209127,-0.004607,-0.382157,-1.115294,0.075247,-4.116747
8.640000,0.316101,0.998749,-0.609108,2.186141,-0.003157,-0.463550,-1.183285,0.069761,-4.022499
8.660000,0.359583,0.998699,-0.619177,2.161795,-0.001817,-0.543057,-1.251276,0.064275,-3.928251
8.680000,0.402564,0.998675,-0.630818,2.136090,-0.000586,-0.620680,-1.319267,0.058790,-3.834003
8.700000,0.445017,0.998675,-0.643992,2.109024,0.000535,-0.696417,-1.387259,0.053304,-3.739754
8.720000,0.486916,0.998696,-0.658662,2.080599,0.001546,-0.770270,-1.455250,0.047818,-3.645506
8.740000,0.528232,0.998736,-0.674790,2.050814,0.002448,-0.842238,-1.523241,0.042332,-3.551258
8.760000,0.568939,0.998793,-0.692339,2.019670,0.003239,-0.912320,-1.591232,0.036847,-3.457010
8.780000,0.609010,0.998865,-0.711270,1.987165,0.003921,-0.980518,-1.659223,0.031361,-3.362762
8.800000,0.648417,0.998949,-0.731547,1.953301,0.004494,-1.046831,-1.727214,0.025875,-3.268514
8.820000,0.687133,0.999044,-0.753131,1.918077,0.004956,-1.111259,-1.795206,0.020390,-3.174266
8.840000,0.725131,0.999147,-0.775985,1.881493,0.005309,-1.173802,-1.863197,0.014904,-3.080017
8.860000,0.762384,0.999256,-0.800070,1.843549,0.005553,-1.234459,-1.931188,0.009418,-2.985769
8.880000,0.798864,0.999368,-0.825350,1.804245,0.005686,-1.293232,-1.999179,0.003933,-2.891521
8.900000,0.834544,0.999482,-0.851787,1.763582,0.005710,-1.350120,-2.067170,-0.001553,-2.797273
8.920000,0.869398,0.999596,-0.879343,1.721558,0.005624,-1.405123,-2.135161,-0.007039,-2.703025
8.940000,0.903398,0.999707,-0.907979,1.678175,0.005428,-1.458241,-2.203153,-0.012525,-2.608777
8.960000,0.936516,0.999812,-0.937660,1.633432,0.005123,-1.509474,-2.271144,-0.018010,-2.514529
8.980000,0.968726,0.999911,-0.968346,1.587329,0.004708,-1.558822,-2.339135,-0.023496,-2.420280
9.000000,1.000000,1.000000,-1.000000,1.539867,0.004183,-1.606285,-2.407126,-0.028982,-2.326032
9.020000,1.030312,1.000078,-1.032585,1.491198,0.003618,-1.651905,-2.459762,-0.027512,-2.235891
9.040000,1.059641,1.000145,-1.066064,1.441476,0.003083,-1.695721,-2.512398,-0.026042,-2.145750
9.060000,1.087964,1.000201,-1.100402,1.390702,0.002577,-1.737735,-2.565034,-0.024572,-2.055610
9.080000,1.115262,1.000248,-1.135562,1.338875,0.002100,-1.777946,-2.617670,-0.023102,-1.965469
9.100000,1.141512,1.000286,-1.171508,1.285995,0.001652,-1.816353,-2.670306,-0.021632,-1.875328
9.120000,1.166695,1.000314,-1.208204,1.232063,0.001235,-1.852959,-2.722941,-0.020162,-1.785187
9.140000,1.190788,1.000335,-1.245614,1.177078,0.000846,-1.887761,-2.775577,-0.018692,-1.695046
9.160000,1.213771,1.000349,-1.283702,1.121040,0.000487,-1.920760,-2.828213,-0.017223,-1.604905
9.180000,1.235622,1.000355,-1.322432,1.063949,0.000157,-1.951957,-2.880849,-0.015753,-1.514764
9.200000,1.256322,1.000355,-1.361768,1.005806,-0.000143,-1.981351,-2.933485,-0.014283,-1.424623
9.220000,1.275848,1.000349,-1.401674,0.946610,-0.000414,-2.008942,-2.986121,-0.012813,-1.334482
9.240000,1.294179,1.000339,-1.442114,0.886361,-0.000656,-2.034730,-3.038757,-0.011343,-1.244341
9.260000,1.311295,1.000323,-1.483051,0.825059,-0.000868,-2.058716,-3.091393,-0.009873,-1.154200
9.280000,1.327174,1.000304,-1.524451,0.762705,-0.001051,-2.080898,-3.144028,-0.008403,-1.064060
9.300000,1.341796,1.000281,-1.566275,0.699298,-0.001204,-2.101278,-3.196664,-0.006933,-0.973919
9.320000,1.355139,1.000256,-1.608490,0.634839,-0.001328,-2.119855,-3.249300,-0.005463,-0.883778
9.340000,1.367183,1.000229,-1.651058,0.569326,-0.001423,-2.136629,-3.301936,-0.003994,-0.793637
9.360000,1.377905,1.000199,-1.693943,0.502761,-0.001488,-2.151601,-3.354572,-0.002524,-0.703496
9.380000,1.387286,1.000169,-1.737110,0.435143,-0.001524,-2.164769,-3.407208,-0.001054,-0.613355
9.400000,1.395304,1.000139,-1.780522,0.366473,-0.001530,-2.176135,-3.459844,0.000416,-0.523214
9.420000,1.401938,1.000108,-1.824143,0.296750,-0.001507,-2.185698,-3.512480,0.001886,-0.433073
9.440000,1.407167,1.000079,-1.867938,0.225974,-0.001455,-2.193458,-3.565116,0.003356,-0.342932
9.460000,1.410970,1.000050,-1.911869,0.154145,-0.001373,-2.199415,-3.617751,0.004826,-0.252791
9.480000,1.413326,1.000024,-1.955902,0.081264,-0.001261,-2.203569,-3.670387,0.006296,-0.162650
9.500000,1.414214,1.000000,-2.000000,0.007329,-0.001121,-2.205921,-3.723023,0.007766,-0.072509
9.520000,1.413619,0.999979,-2.044126,-0.066675,-0.000969,-2.206296,-3.677424,0.007372,0.035034
9.540000,1.411553,0.999961,-2.088237,-0.139768,-0.000826,-2.204520,-3.631824,0.006978,0.142577
9.560000,1.408034,0.999946,-2.132292,-0.211948,-0.000690,-2.200593,-3.586224,0.006584,0.250120
9.580000,1.403081,0.999934,-2.176247,-0.283217,-0.000563,-2.194515,-3.540625,0.006190,0.357663
9.600000,1.396711,0.999923,-2.220058,-0.353573,-0.000443,-2.186286,-3.495025,0.005796,0.465206
9.620000,1.388944,0.999916,-2.263684,-0.423018,-0.000331,-2.175907,-3.449425,0.005402,0.572750
9.640000,1.379797,0.999910,-2.307080,-0.491550,-0.000227,-2.163376,-3.403826,0.005009,0.680293
9.660000,1.369288,0.999907,-2.350205,-0.559171,-0.000130,-2.148695,-3.358226,0.004615,0.787836
9.680000,1.357436,0.999905,-2.393014,-0.625879,-0.000042,-2.131863,-3.312626,0.004221,0.895379
9.700000,1.344259,0.999905,-2.435465,-0.691676,0.000038,-2.112880,-3.267027,0.003827,1.002922
9.720000,1.329775,0.999906,-2.477515,-0.756560,0.000111,-2.091746,-3.221427,0.003433,1.110466
9.740000,1.314003,0.999909,-2.519120,-0.820533,0.000176,-2.068461,-3.175827,0.003039,1.218009
9.760000,1.296960,0.999913,-2.560239,-0.883593,0.000233,-2.043025,-3.130228,0.002645,1.325552
9.780000,1.278665,0.999919,-2.600827,-0.945742,0.000282,-2.015439,-3.084628,0.002252,1.433095
9.800000,1.259136,0.999925,-2.640842,-1.006978,0.000323,-1.985702,-3.039028,0.001858,1.540638
9.820000,1.238392,0.999931,-2.680241,-1.067303,0.000356,-1.953813,-2.993429,0.001464,1.648181
9.840000,1.216450,0.999939,-2.718980,-1.126715,0.000381,-1.919774,-2.947829,0.001070,1.755725
9.860000,1.193329,0.999947,-2.757017,-1.185216,0.000399,-1.883584,-2.902230,0.000676,1.863268
9.880000,1.169048,0.999955,-2.794309,-1.242805,0.000408,-1.845244,-2.856630,0.000282,1.970811
9.900000,1.143623,0.999963,-2.830813,-1.299481,0.000410,-1.804752,-2.811030,-0.000112,2.078354
9.920000,1.117074,0.999971,-2.866485,-1.355246,0.000404,-1.762109,-2.765431,-0.000505,2.185897
9.940000,1.089420,0.999979,-2.901283,-1.410098,0.000390,-1.717316,-2.719831,-0.000899,2.293441
9.960000,1.060677,0.999987,-2.935163,-1.464039,0.000368,-1.670372,-2.674231,-0.001293,2.400984
9.980000,1.030864,0.999994,-2.968083,-1.517068,0.000338,-1.621277,-2.628632,-0.001687,2.508527
10.000000,1.000000,1.000000,-3.000000,-1.569184,0.000300,-1.570031,-2.583032,-0.002081,2.616070
10.020000,0.968107,1.000006,-3.030875,-1.619813,0.000260,-1.517289,-2.479860,-0.001975,2.658111
10.040000,0.935221,1.000010,-3.060686,-1.668379,0.000221,-1.463706,-2.376687,-0.001870,2.700153
10.060000,0.901385,1.000014,-3.089417,-1.714881,0.000185,-1.409283,-2.273515,-0.001764,2.742194
10.080000,0.866640,1.000018,-3.117052,-1.759319,0.000151,-1.354019,-2.170343,-0.001659,2.784235
10.100000,0.831026,1.000021,-3.143572,-1.801694,0.000119,-1.297913,-2.067170,-0.001553,2.826277
10.120000,0.794586,1.000023,-3.168963,-1.842006,0.000089,-1.240967,-1.963998,-0.001448,2.868318
10.140000,0.757360,1.000024,-3.193205,-1.880254,0.000061,-1.183181,-1.860826,-0.001342,2.910359
10.160000,0.719389,1.000025,-3.216284,-1.916439,0.000035,-1.124553,-1.757653,-0.001237,2.952401
10.180000,0.680716,1.000025,-3.238182,-1.950561,0.000011,-1.065085,-1.654481,-0.001131,2.994442
10.200000,0.641381,1.000025,-3.258882,-1.982618,-0.000010,-1.004775,-1.551309,-0.001025,3.036483
10.220000,0.601425,1.000025,-3.278367,-2.012613,-0.000030,-0.943625,-1.448136,-0.000920,3.078525
10.240000,0.560890,1.000024,-3.296621,-2.040544,-0.000047,-0.881634,-1.344964,-0.000814,3.120566
10.260000,0.519817,1.000023,-3.313627,-2.066411,-0.000062,-0.818803,-1.241792,-0.000709,3.162607
10.280000,0.478247,1.000022,-3.329368,-2.090216,-0.000075,-0.755130,-1.138619,-0.000603,3.204649
10.300000,0.436222,1.000020,-3.343827,-2.111956,-0.000086,-0.690617,-1.035447,-0.000498,3.246690
10.320000,0.393783,1.000018,-3.356987,-2.131633,-0.000095,-0.625263,-0.932275,-0.000392,3.288731
10.340000,0.350970,1.000016,-3.368832,-2.149247,-0.000102,-0.559067,-0.829102,-0.000287,3.330773
10.360000,0.307827,1.000014,-3.379344,-2.164798,-0.000107,-0.492032,-0.725930,-0.000181,3.372814
10.380000,0.264392,1.000012,-3.388507,-2.178284,-0.000109,-0.424155,-0.622758,-0.000076,3.414855
10.400000,0.220709,1.000010,-3.396305,-2.189708,-0.000110,-0.355437,-0.519585,0.000030,3.456897
10.420000,0.176818,1.000008,-3.402719,-2.199068,-0.000108,-0.285879,-0.416413,0.000135,3.498938
10.440000,0.132760,1.000006,-3.407734,-2.206364,-0.000104,-0.215480,-0.313241,0.000241,3.540979
10.460000,0.088577,1.000004,-3.411333,-2.211597,-0.000099,-0.144240,-0.210068,0.000346,3.583021
10.480000,0.044310,1.000002,-3.413498,-2.214767,-0.000091,-0.072159,-0.106896,0.000452,3.625062
10.500000,-0.000000,1.000000,-3.414214,-2.215873,-0.000080,0.000763,-0.003724,0.000558,3.667103
10.520000,-0.044311,0.999999,-3.413468,-2.214907,-0.000070,0.073677,0.100342,0.000529,3.624330
10.540000,-0.088582,0.999997,-3.411272,-2.211860,-0.000059,0.145736,0.204408,0.000501,3.581557
10.560000,-0.132772,0.999996,-3.407644,-2.206731,-0.000050,0.216939,0.308474,0.000473,3.538783
10.580000,-0.176838,0.999995,-3.402600,-2.199521,-0.000040,0.287287,0.412540,0.000444,3.496010
10.600000,-0.220739,0.999995,-3.396158,-2.190229,-0.000032,0.356780,0.516606,0.000416,3.453236
10.620000,-0.264433,0.999994,-3.388335,-2.178856,-0.000024,0.425417,0.620672,0.000388,3.410463
10.640000,-0.307879,0.999994,-3.379147,-2.165402,-0.000016,0.493198,0.724738,0.000360,3.367689
10.660000,-0.351035,0.999993,-3.368613,-2.149867,-0.000009,0.560124,0.828804,0.000331,3.324916
10.680000,-0.393860,0.999993,-3.356748,-2.132250,-0.000003,0.626195,0.932870,0.000303,3.282142
10.700000,-0.436311,0.999993,-3.343571,-2.112552,0.000003,0.691410,1.036936,0.000275,3.239369
10.720000,-0.478348,0.999993,-3.329097,-2.090773,0.000008,0.755770,1.141002,0.000246,3.196595
10.740000,-0.519928,0.999993,-3.313345,-2.066912,0.000013,0.819274,1.245068,0.000218,3.153822
10.760000,-0.561011,0.999994,-3.296332,-2.040970,0.000017,0.881922,1.349134,0.000190,3.111049
10.780000,-0.601553,0.999994,-3.278074,-2.012947,0.000020,0.943716,1.453200,0.000162,3.068275
10.800000,-0.641515,0.999995,-3.258589,-1.982842,0.000023,1.004653,1.557266,0.000133,3.025502
10.820000,-0.680853,0.999995,-3.237894,-1.950656,0.000026,1.064736,1.661332,0.000105,2.982728
10.840000,-0.719527,0.999996,-3.216005,-1.916389,0.000027,1.123963,1.765398,0.000077,2.939955
10.860000,-0.757495,0.999996,-3.192941,-1.880040,0.000029,1.182334,1.869464,0.000049,2.897181
10.880000,-0.794715,0.999997,-3.168718,-1.841610,0.000029,1.239850,1.973530,0.000020,2.854408
10.900000,-0.831145,0.999997,-3.143353,-1.801099,0.000029,1.296510,2.077596,-0.000008,2.811634
10.920000,-0.866745,0.999998,-3.116863,-1.758506,0.000029,1.352315,2.181662,-0.000036,2.768861
10.940000,-0.901472,0.999998,-3.089266,-1.713832,0.000028,1.407265,2.285728,-0.000065,2.726087
10.960000,-0.935284,0.999999,-3.060578,-1.667077,0.000026,1.461359,2.389794,-0.000093,2.683314
10.980000,-0.968141,1.000000,-3.030817,-1.618240,0.000024,1.514597,2.493860,-0.000121,2.640540
11.000000,-1.000000,1.000000,-3.000000,-1.567323,0.000022,1.566980,2.597926,-0.000149,2.597767
11.020000,-1.030824,1.000000,-2.968148,-1.514935,0.000019,1.617897,2.640845,-0.000142,2.493884
11.040000,-1.060592,1.000001,-2.935298,-1.461689,0.000016,1.666736,2.683763,-0.000134,2.390002
11.060000,-1.089286,1.000001,-2.901492,-1.407584,0.000013,1.713497,2.726682,-0.000127,2.286119
11.080000,-1.116889,1.000001,-2.866772,-1.352622,0.000011,1.758180,2.769601,-0.000119,2.182237
11.100000,-1.143385,1.000001,-2.831179,-1.296800,0.000009,1.800786,2.812520,-0.000112,2.078354
11.120000,-1.168756,1.000002,-2.794754,-1.240121,0.000006,1.841315,2.855438,-0.000104,1.974472
11.140000,-1.192984,1.000002,-2.757540,-1.182583,0.000004,1.879765,2.898357,-0.000096,1.870589
11.160000,-1.216053,1.000002,-2.719578,-1.124186,0.000003,1.916138,2.941276,-0.000089,1.766707
11.180000,-1.237946,1.000002,-2.680908,-1.064932,0.000001,1.950433,2.984194,-0.000081,1.662824
11.200000,-1.258645,1.000002,-2.641574,-1.004819,-0.000001,1.982651,3.027113,-0.000074,1.558941
11.220000,-1.278133,1.000002,-2.601616,-0.943847,-0.000002,2.012791,3.070032,-0.000066,1.455059
11.240000,-1.296393,1.000002,-2.561076,-0.882017,-0.000003,2.040853,3.112951,-0.000058,1.351176
11.260000,-1.313408,1.000002,-2.519996,-0.819329,-0.000004,2.066838,3.155869,-0.000051,1.247294
11.280000,-1.329160,1.000002,-2.478417,-0.755783,-0.000005,2.090745,3.198788,-0.000043,1.143411
11.300000,-1.343633,1.000001,-2.436380,-0.691378,-0.000006,2.112575,3.241707,-0.000036,1.039529
11.320000,-1.356810,1.000001,-2.393928,-0.626114,-0.000007,2.132326,3.284625,-0.000028,0.935646
11.340000,-1.368672,1.000001,-2.351101,-0.559993,-0.000007,2.150000,3.327544,-0.000021,0.831763
11.360000,-1.379204,1.000001,-2.307941,-0.493013,-0.000008,2.165597,3.370463,-0.000013,0.727881
11.380000,-1.388387,1.000001,-2.264491,-0.425174,-0.000008,2.179116,3.413382,-0.000005,0.623998
11.400000,-1.396205,1.000001,-2.220791,-0.356477,-0.000008,2.190557,3.456300,0.000002,0.520116
11.420000,-1.402640,1.000001,-2.176882,-0.286922,-0.000008,2.199920,3.499219,0.000010,0.416233
11.440000,-1.407676,1.000000,-2.132808,-0.216509,-0.000007,2.207206,3.542138,0.000017,0.312351
11.460000,-1.411295,1.000000,-2.088608,-0.145237,-0.000007,2.212414,3.585057,0.000025,0.208468
11.480000,-1.413480,1.000000,-2.044325,-0.073106,-0.000007,2.215545,3.627975,0.000032,0.104586
11.500000,-1.414214,1.000000,-2.000000,-0.000118,-0.000006,2.216598,3.670894,0.000040,0.000703
11.520000,-1.413485,1.000000,-1.955675,0.072872,-0.000005,2.215571,3.628088,0.000038,-0.103348
11.540000,-1.411304,1.000000,-1.911391,0.145006,-0.000004,2.212464,3.585282,0.000036,-0.207400
11.560000,-1.407690,1.000000,-1.867190,0.216283,-0.000004,2.207275,3.542477,0.000034,-0.311451
11.580000,-1.402659,1.000000,-1.823114,0.286705,-0.000003,2.200006,3.499671,0.000032,-0.415502
11.600000,-1.396228,1.000000,-1.779204,0.356270,-0.000002,2.190655,3.456865,0.000030,-0.519553
11.620000,-1.388414,1.000000,-1.735502,0.424980,-0.000002,2.179224,3.414059,0.000028,-0.623605
11.640000,-1.379234,1.000000,-1.692049,0.492833,-0.000001,2.165711,3.371253,0.000026,-0.727656
11.660000,-1.368706,1.000000,-1.648887,0.559830,-0.000001,2.150117,3.328448,0.000024,-0.831707
11.680000,-1.356847,1.000000,-1.606058,0.625971,-0.000000,2.132443,3.285642,0.000022,-0.935758
11.700000,-1.343673,1.000000,-1.563603,0.691255,0.000000,2.112687,3.242836,0.000020,-1.039810
11.720000,-1.329202,1.000000,-1.521564,0.755684,0.000001,2.090850,3.200030,0.000018,-1.143861
11.740000,-1.313451,1.000000,-1.479983,0.819257,0.000001,2.066933,3.157224,0.000016,-1.247912
11.760000,-1.296438,1.000000,-1.438901,0.881973,0.000001,2.040934,3.114419,0.000014,-1.351964
11.780000,-1.278178,1.000000,-1.398360,0.943833,0.000001,2.012854,3.071613,0.000012,-1.456015
11.800000,-1.258690,1.000000,-1.358401,1.004838,0.000002,1.982693,3.028807,0.000010,-1.560066
11.820000,-1.237990,1.000000,-1.319066,1.064986,0.000002,1.950451,2.986001,0.000008,-1.664117
11.840000,-1.216096,1.000000,-1.280396,1.124278,0.000002,1.916129,2.943195,0.000006,-1.768169
11.860000,-1.193025,1.000000,-1.242434,1.182713,0.000002,1.879725,2.900390,0.000003,-1.872220
11.880000,-1.168793,1.000000,-1.205221,1.240293,0.000002,1.841240,2.857584,0.000001,-1.976271
11.900000,-1.143419,1.000000,-1.168799,1.297017,0.000002,1.800674,2.814778,-0.000001,-2.080322
11.920000,-1.116918,1.000000,-1.133208,1.352884,0.000002,1.758027,2.771972,-0.000003,-2.184374
11.940000,-1.089309,1.000000,-1.098491,1.407896,0.000002,1.713299,2.729167,-0.000005,-2.288425
11.960000,-1.060608,1.000000,-1.064690,1.462051,0.000002,1.666490,2.686361,-0.000007,-2.392476
11.980000,-1.030833,1.000000,-1.031846,1.515350,0.000002,1.617600,2.643555,-0.000009,-2.496528
12.000000,-1.000000,1.000000,-1.000000,1.567793,0.000002,1.566629,2.600749,-0.000011,-2.600579
12.020000,-0.968131,1.000000,-0.969190,1.618762,0.000001,1.514195,2.496119,-0.000010,-2.642846
12.040000,-0.935263,1.000000,-0.939438,1.667638,0.000001,1.460915,2.391488,-0.000010,-2.685114
12.060000,-0.901439,1.000000,-0.910759,1.714421,0.000001,1.406790,2.286857,-0.000009,-2.727381
12.080000,-0.866701,1.000000,-0.883172,1.759112,0.000001,1.351820,2.182227,-0.000009,-2.769648
12.100000,-0.831089,1.000000,-0.856692,1.801710,0.000001,1.296004,2.077596,-0.000008,-2.811915
12.120000,-0.794646,1.000000,-0.831337,1.842216,0.000000,1.239343,1.972965,-0.000007,-2.854183
12.140000,-0.757414,1.000000,-0.807124,1.880629,0.000000,1.181837,1.868335,-0.000007,-2.896450
12.160000,-0.719435,1.000000,-0.784070,1.916949,0.000000,1.123485,1.763704,-0.000006,-2.938717
12.180000,-0.680750,1.000000,-0.762190,1.951177,0.000000,1.064288,1.659074,-0.000006,-2.980985
12.200000,-0.641402,1.000000,-0.741504,1.983312,-0.000000,1.004246,1.554443,-0.000005,-3.023252
12.220000,-0.601432,1.000000,-0.722026,2.013355,-0.000000,0.943358,1.449812,-0.000005,-3.065519
12.240000,-0.560882,1.000000,-0.703775,2.041305,-0.000000,0.881625,1.345182,-0.000004,-3.107787
12.260000,-0.519793,1.000000,-0.686767,2.067162,-0.000000,0.819046,1.240551,-0.000004,-3.150054
12.280000,-0.478209,1.000000,-0.671019,2.090927,-0.000000,0.755623,1.135921,-0.000003,-3.192321
12.300000,-0.436170,1.000000,-0.656548,2.112599,-0.000000,0.691354,1.031290,-0.000003,-3.234589
12.320000,-0.393719,1.000000,-0.643370,2.132179,-0.000000,0.626239,0.926659,-0.000002,-3.276856
12.340000,-0.350897,1.000000,-0.631504,2.149665,-0.000001,0.560279,0.822029,-0.000001,-3.319123
12.360000,-0.307746,1.000000,-0.620965,2.165060,-0.000001,0.493474,0.717398,-0.000001,-3.361391
12.380000,-0.264309,1.000000,-0.611770,2.178361,-0.000001,0.425824,0.612768,-0.000000,-3.403658
12.400000,-0.220626,1.000000,-0.603937,2.189570,-0.000001,0.357328,0.508137,0.000000,-3.445925
12.420000,-0.176740,1.000000,-0.597483,2.198687,-0.000001,0.287987,0.403506,0.000001,-3.488193
12.440000,-0.132692,1.000000,-0.592424,2.205711,-0.000001,0.217800,0.298876,0.000001,-3.530460
12.460000,-0.088525,1.000000,-0.588776,2.210642,-0.000001,0.146768,0.194245,0.000002,-3.572727
12.480000,-0.044281,1.000000,-0.586558,2.213480,-0.000000,0.074891,0.089614,0.000002,-3.614995
12.500000,0.000000,1.000000,-0.585786,2.214226,-0.000000,0.002169,-0.015016,0.000003,-3.657262
12.520000,0.044275,1.000000,-0.586472,2.212916,-0.000000,-0.070575,-0.116043,0.000003,-3.617076
12.540000,0.088503,1.000000,-0.588604,2.209585,-0.000000,-0.142515,-0.217070,0.000003,-3.576891
12.560000,0.132645,1.000000,-0.592167,2.204233,-0.000000,-0.213650,-0.318096,0.000002,-3.536705
12.580000,0.176659,1.000000,-0.597145,2.196861,-0.000000,-0.283983,-0.419123,0.000002,-3.496520
12.600000,0.220506,1.000000,-0.603521,2.187468,-0.000000,-0.353511,-0.520150,0.000002,-3.456334
12.620000,0.264144,1.000000,-0.611280,2.176055,-0.000000,-0.422236,-0.621177,0.000002,-3.416149
12.640000,0.307534,1.000000,-0.620405,2.162621,-0.000000,-0.490157,-0.722203,0.000002,-3.375963
12.660000,0.350636,1.000000,-0.630881,2.147167,-0.000000,-0.557275,-0.823230,0.000002,-3.335778
12.680000,0.393408,1.000000,-0.642691,2.129692,-0.000000,-0.623588,-0.924257,0.000002,-3.295592
12.700000,0.435810,1.000000,-0.655819,2.110196,0.000000,-0.689098,-1.025284,0.000001,-3.255407
12.720000,0.477802,1.000000,-0.670249,2.088681,0.000000,-0.753805,-1.126310,0.000001,-3.215221
12.740000,0.519344,1.000000,-0.685966,2.065144,0.000000,-0.817707,-1.227337,0.000001,-3.175036
12.760000,0.560394,1.000000,-0.702952,2.039587,0.000000,-0.880806,-1.328364,0.000001,-3.134850
12.780000,0.600914,1.000000,-0.721193,2.012009,0.000000,-0.943101,-1.429391,0.000001,-3.094665
12.800000,0.640861,1.000000,-0.740671,1.982411,0.000000,-1.004593,-1.530417,0.000001,-3.054479
12.820000,0.680197,1.000000,-0.761371,1.950793,0.000000,-1.065280,-1.631444,0.000001,-3.014294
12.840000,0.718879,1.000000,-0.783277,1.917154,0.000000,-1.125164,-1.732471,0.000000,-2.974108
12.860000,0.756869,1.000000,-0.806372,1.881494,0.000000,-1.184245,-1.833497,0.000000,-2.933923
12.880000,0.794126,1.000000,-0.830641,1.843814,0.000000,-1.242521,-1.934524,0.000000,-2.893737
12.900000,0.830608,1.000000,-0.856068,1.804113,0.000000,-1.299994,-2.035551,-0.000000,-2.853552
12.920000,0.866277,1.000000,-0.882636,1.762392,0.000000,-1.356663,-2.136578,-0.000000,-2.813366
12.940000,0.901091,1.000000,-0.910329,1.718650,0.000000,-1.412529,-2.237604,-0.000000,-2.773181
12.960000,0.935009,1.000000,-0.939131,1.672888,0.000000,-1.467591,-2.338631,-0.000000,-2.732995
12.980000,0.967993,1.000000,-0.969027,1.625105,0.000000,-1.521849,-2.439658,-0.000001,-2.692810
13.000000,1.000000,1.000000,-1.000000,1.575301,0.000000,-1.575303,-2.540685,-0.000001,-2.652624
13.020000,1.030994,1.000000,-1.032029,1.523951,0.000000,-1.627211,-2.594302,-0.000001,-2.538164
13.040000,1.060951,1.000000,-1.065073,1.471529,0.000000,-1.676830,-2.647919,-0.000001,-2.423703
13.060000,1.089848,1.000000,-1.099087,1.418035,0.000000,-1.724159,-2.701537,-0.000001,-2.309243
13.080000,1.117665,1.000000,-1.134024,1.363468,0.000000,-1.769199,-2.755154,-0.000001,-2.194783
13.100000,1.144380,1.000000,-1.169840,1.307828,0.000000,-1.811950,-2.808772,-0.000001,-2.080322
13.120000,1.169971,1.000000,-1.206487,1.251117,0.000000,-1.852412,-2.862389,-0.000001,-1.965862
13.140000,1.194417,1.000000,-1.243921,1.193333,0.000000,-1.890585,-2.916006,-0.000000,-1.851402
13.160000,1.217697,1.000000,-1.282095,1.134477,0.000000,-1.926468,-2.969624,-0.000000,-1.736942
13.180000,1.239789,1.000000,-1.320964,1.074548,0.000000,-1.960062,-3.023241,-0.000000,-1.622481
13.200000,1.260672,1.000000,-1.360482,1.013547,-0.000000,-1.991367,-3.076859,-0.000000,-1.508021
13.220000,1.280324,1.000000,-1.400604,0.951474,-0.000000,-2.020383,-3.130476,-0.000000,-1.393561
13.240000,1.298724,1.000000,-1.441282,0.888328,-0.000000,-2.047110,-3.184093,-0.000000,-1.279100
13.260000,1.315850,1.000000,-1.482473,0.824110,-0.000000,-2.071547,-3.237711,-0.000000,-1.164640
13.280000,1.331681,1.000000,-1.524129,0.758819,-0.000000,-2.093695,-3.291328,-0.000000,-1.050180
13.300000,1.346196,1.000000,-1.566205,0.692457,-0.000000,-2.113554,-3.344946,-0.000000,-0.935719
13.320000,1.359372,1.000000,-1.608656,0.625022,-0.000000,-2.131124,-3.398563,-0.000000,-0.821259
13.340000,1.371189,1.000000,-1.651435,0.556514,-0.000000,-2.146405,-3.452180,-0.000000,-0.706799
13.360000,1.381626,1.000000,-1.694497,0.486934,-0.000000,-2.159396,-3.505798,-0.000000,-0.592338
13.380000,1.390660,1.000000,-1.737796,0.416282,-0.000000,-2.170098,-3.559415,-0.000000,-0.477878
13.400000,1.398270,1.000000,-1.781286,0.344558,-0.000000,-2.178511,-3.613033,0.000000,-0.363418
13.420000,1.404435,1.000000,-1.824921,0.271761,-0.000000,-2.184635,-3.666650,0.000000,-0.248957
13.440000,1.409133,1.000000,-1.868656,0.197892,-0.000000,-2.188470,-3.720267,0.000000,-0.134497
13.460000,1.412343,1.000000,-1.912444,0.122950,-0.000000,-2.190015,-3.773885,0.000000,-0.020037
13.480000,1.414044,1.000000,-1.956241,0.046936,-0.000000,-2.189271,-3.827502,0.000000,0.094424
13.500000,1.414214,1.000000,-2.000000,-0.030150,-0.000000,-2.186238,-3.881120,0.000000,0.208884
13.520000,1.412840,1.000000,-2.043679,-0.106947,-0.000000,-2.181417,-3.798558,0.000000,0.273212
13.540000,1.409947,1.000000,-2.087248,-0.182092,-0.000000,-2.175310,-3.715997,0.000000,0.337540
13.560000,1.405567,1.000000,-2.130683,-0.255587,-0.000000,-2.167915,-3.633436,0.000000,0.401868
13.580000,1.399734,1.000000,-2.173956,-0.327430,-0.000000,-2.159235,-3.550875,0.000000,0.466197
13.600000,1.392481,1.000000,-2.217043,-0.397622,-0.000000,-2.149268,-3.468313,0.000000,0.530525
13.620000,1.383840,1.000000,-2.259918,-0.466162,-0.000000,-2.138014,-3.385752,0.000000,0.594853
13.640000,1.373846,1.000000,-2.302555,-0.533052,-0.000000,-2.125473,-3.303191,0.000000,0.659181
13.660000,1.362529,1.000000,-2.344929,-0.598290,-0.000000,-2.111647,-3.220629,0.000000,0.723509
13.680000,1.349925,1.000000,-2.387013,-0.661877,-0.000000,-2.096533,-3.138068,0.000000,0.787838
13.700000,1.336065,1.000000,-2.428781,-0.723813,0.000000,-2.080133,-3.055507,0.000000,0.852166
13.720000,1.320983,1.000000,-2.470209,-0.784097,0.000000,-2.062446,-2.972946,0.000000,0.916494
13.740000,1.304712,1.000000,-2.511271,-0.842730,0.000000,-2.043473,-2.890384,0.000000,0.980822
13.760000,1.287285,1.000000,-2.551940,-0.899712,0.000000,-2.023214,-2.807823,0.000000,1.045150
13.780000,1.268735,1.000000,-2.592191,-0.955043,0.000000,-2.001667,-2.725262,0.000000,1.109479
13.800000,1.249095,1.000000,-2.631998,-1.008723,0.000000,-1.978834,-2.642701,0.000000,1.173807
13.820000,1.228397,1.000000,-2.671335,-1.060751,0.000000,-1.954715,-2.560139,0.000000,1.238135
13.840000,1.206675,1.000000,-2.710178,-1.111128,0.000000,-1.929309,-2.477578,0.000000,1.302463
13.860000,1.183963,1.000000,-2.748499,-1.159854,0.000000,-1.902616,-2.395017,0.000000,1.366791
13.880000,1.160292,1.000000,-2.786274,-1.206929,0.000000,-1.874637,-2.312455,0.000000,1.431120
13.900000,1.135697,1.000000,-2.823476,-1.252353,0.000000,-1.845372,-2.229894,-0.000000,1.495448
13.920000,1.110209,1.000000,-2.860080,-1.296125,0.000000,-1.814819,-2.147333,-0.000000,1.559776
13.940000,1.083863,1.000000,-2.896060,-1.338246,0.000000,-1.782981,-2.064772,-0.000000,1.624104
13.960000,1.056690,1.000000,-2.931391,-1.378716,0.000000,-1.749855,-1.982210,-0.000000,1.688432
13.980000,1.028725,1.000000,-2.966046,-1.417534,0.000000,-1.715443,-1.899649,-0.000000,1.752761
14.000000,1.000000,1.000000,-3.000000,-1.454702,0.000000,-1.679745,-1.817088,-0.000000,1.817089
14.020000,0.970540,1.000000,-3.033219,-1.491480,0.000000,-1.641497,-1.860780,-0.000000,2.007671
14.040000,0.940335,1.000000,-3.065634,-1.529133,0.000000,-1.599438,-1.904473,-0.000000,2.198252
14.060000,0.909368,1.000000,-3.097171,-1.567659,0.000000,-1.553567,-1.948166,-0.000000,2.388834
14.080000,0.877623,1.000000,-3.127752,-1.607060,0.000000,-1.503885,-1.991858,-0.000000,2.579416
14.100000,0.845080,1.000000,-3.157301,-1.647334,0.000000,-1.450391,-2.035551,-0.000000,2.769998
14.120000,0.811724,1.000000,-3.185742,-1.688482,0.000000,-1.393085,-2.079244,-0.000000,2.960580
14.140000,0.777535,1.000000,-3.212999,-1.730503,0.000000,-1.331967,-2.122936,-0.000000,3.151162
14.160000,0.742498,1.000000,-3.238995,-1.773399,0.000000,-1.267038,-2.166629,-0.000000,3.341744
14.180000,0.706593,1.000000,-3.263655,-1.817169,0.000000,-1.198298,-2.210321,-0.000000,3.532326
14.200000,0.669805,1.000000,-3.286902,-1.861812,-0.000000,-1.125745,-2.254014,-0.000000,3.722908
14.220000,0.632115,1.000000,-3.308659,-1.907329,-0.000000,-1.049381,-2.297707,-0.000000,3.913489
14.240000,0.593506,1.000000,-3.328852,-1.953720,-0.000000,-0.969206,-2.341399,-0.000000,4.104071
14.260000,0.553960,1.000000,-3.347402,-2.000985,-0.000000,-0.885218,-2.385092,-0.000000,4.294653
14.280000,0.513461,1.000000,-3.364235,-2.049124,-0.000000,-0.797420,-2.428785,-0.000000,4.485235
14.300000,0.471990,1.000000,-3.379274,-2.098136,-0.000000,-0.705809,-2.472477,-0.000000,4.675817
14.320000,0.429530,1.000000,-3.392442,-2.148023,-0.000000,-0.610387,-2.516170,-0.000000,4.866399
14.340000,0.386063,1.000000,-3.403664,-2.198783,-0.000000,-0.511153,-2.559862,-0.000000,5.056981
14.360000,0.341572,1.000000,-3.412863,-2.250417,-0.000000,-0.408108,-2.603555,-0.000000,5.247563
14.380000,0.296040,1.000000,-3.419963,-2.302925,-0.000000,-0.301251,-2.647248,-0.000000,5.438144
14.400000,0.249450,1.000000,-3.424887,-2.356307,-0.000000,-0.190582,-2.690940,0.000000,5.628726
14.420000,0.201782,1.000000,-3.427560,-2.410563,-0.000000,-0.076102,-2.734633,0.000000,5.819308
14.440000,0.153021,1.000000,-3.427906,-2.465693,-0.000000,0.042190,-2.778326,0.000000,6.009890
14.460000,0.103149,1.000000,-3.425847,-2.521696,-0.000000,0.164294,-2.822018,0.000000,6.200472
14.480000,0.052148,1.000000,-3.421309,-2.578573,-0.000000,0.290209,-2.865711,0.000000,6.391054
14.500000,-0.000000,1.000000,-3.414214,-2.636325,-0.000000,0.419936,-2.909403,0.000000,6.581636
14.520000,-0.053265,1.000000,-3.404538,-2.687967,-0.000000,0.545632,-2.254839,0.000000,5.987915
14.540000,-0.107431,1.000000,-3.392467,-2.726518,-0.000000,0.659453,-1.600275,0.000000,5.394194
14.560000,-0.162238,1.000000,-3.378239,-2.751978,-0.000000,0.761400,-0.945711,0.000000,4.800474
14.580000,-0.217423,1.000000,-3.362091,-2.764347,-0.000000,0.851472,-0.291147,0.000000,4.206753
14.600000,-0.272725,1.000000,-3.344259,-2.763624,-0.000000,0.929670,0.363418,0.000000,3.613032
14.620000,-0.327881,1.000000,-3.324983,-2.749810,-0.000000,0.995993,1.017982,0.000000,3.019312
14.640000,-0.382630,1.000000,-3.304499,-2.722905,-0.000000,1.050442,1.672546,0.000000,2.425591
14.660000,-0.436710,1.000000,-3.283044,-2.682908,-0.000000,1.093017,2.327110,0.000000,1.831870
14.680000,-0.489859,1.000000,-3.260857,-2.629820,0.000000,1.123717,2.981674,0.000000,1.238150
14.700000,-0.541815,1.000000,-3.238175,-2.563641,0.000000,1.142543,3.636239,0.000000,0.644429
14.720000,-0.592317,1.000000,-3.215235,-2.484371,0.000000,1.149494,4.290803,0.000000,0.050709
14.740000,-0.641103,1.000000,-3.192274,-2.392009,0.000000,1.144571,4.945367,0.000000,-0.543012
14.760000,-0.687910,1.000000,-3.169531,-2.286556,0.000000,1.127774,5.599931,0.000000,-1.136733
14.780000,-0.732478,1.000000,-3.147243,-2.168012,0.000000,1.099102,6.254495,0.000000,-1.730453
14.800000,-0.774544,1.000000,-3.125646,-2.036376,0.000000,1.058555,6.909060,0.000000,-2.324174
14.820000,-0.813846,1.000000,-3.104980,-1.891649,0.000000,1.006135,7.563624,0.000000,-2.917895
14.840000,-0.850122,1.000000,-3.085480,-1.733831,0.000000,0.941840,8.218188,-0.000000,-3.511615
14.860000,-0.883112,1.000000,-3.067385,-1.562922,0.000000,0.865670,8.872752,-0.000000,-4.105336
14.880000,-0.912552,1.000000,-3.050932,-1.378921,0.000000,0.777626,9.527316,-0.000000,-4.699057
14.900000,-0.938181,1.000000,-3.036359,-1.181829,0.000000,0.677708,10.181881,-0.000000,-5.292777
14.920000,-0.959738,1.000000,-3.023903,-0.971646,0.000000,0.565915,10.836445,-0.000000,-5.886498
14.940000,-0.976960,1.000000,-3.013802,-0.748371,0.000000,0.442248,11.491009,-0.000000,-6.480219
14.960000,-0.989585,1.000000,-3.006292,-0.512006,0.000000,0.306706,12.145573,-0.000000,-7.073939
14.980000,-0.997353,1.000000,-3.001613,-0.262548,0.000000,0.159290,12.800138,-0.000000,-7.667660
