0.000000,0.000000,0.000000,0.000000,0.000000,0.000000,0.000000,6.127406,1.286755,-12.032572
0.020000,0.001211,0.000254,-0.002378,0.120372,0.025278,-0.236377,5.909762,1.241050,-11.605177
0.040000,0.004786,0.001005,-0.009398,0.236390,0.049642,-0.464207,5.692118,1.195345,-11.177783
0.060000,0.010638,0.002234,-0.020889,0.348056,0.073092,-0.683489,5.474473,1.149639,-10.750388
0.080000,0.018679,0.003923,-0.036681,0.455369,0.095628,-0.894223,5.256829,1.103934,-10.322993
0.100000,0.028823,0.006053,-0.056601,0.558330,0.117249,-1.096409,5.039184,1.058229,-9.895598
0.120000,0.040983,0.008606,-0.080480,0.656937,0.137957,-1.290047,4.821540,1.012523,-9.468204
0.140000,0.055072,0.011565,-0.108146,0.751191,0.157750,-1.475137,4.603896,0.966818,-9.040809
0.160000,0.071002,0.014910,-0.139429,0.841093,0.176629,-1.651679,4.386251,0.921113,-8.613414
0.180000,0.088686,0.018624,-0.174156,0.926641,0.194595,-1.819673,4.168607,0.875407,-8.186020
0.200000,0.108039,0.022688,-0.212158,1.007837,0.211646,-1.979120,3.950963,0.829702,-7.758625
0.220000,0.128971,0.027084,-0.253264,1.084680,0.227783,-2.130018,3.733318,0.783997,-7.331230
0.240000,0.151397,0.031793,-0.297302,1.157170,0.243006,-2.272369,3.515674,0.738292,-6.903835
0.260000,0.175229,0.036798,-0.344102,1.225307,0.257314,-2.406172,3.298029,0.692586,-6.476441
0.280000,0.200380,0.042080,-0.393492,1.289091,0.270709,-2.531427,3.080385,0.646881,-6.049046
0.300000,0.226763,0.047620,-0.445302,1.348522,0.283190,-2.648133,2.862741,0.601176,-5.621651
0.320000,0.254292,0.053401,-0.499360,1.403600,0.294756,-2.756293,2.645096,0.555470,-5.194256
0.340000,0.282878,0.059404,-0.555497,1.454326,0.305408,-2.855904,2.427452,0.509765,-4.766862
0.360000,0.312436,0.065612,-0.613540,1.500698,0.315147,-2.946967,2.209807,0.464060,-4.339467
0.380000,0.342877,0.072004,-0.673318,1.542718,0.323971,-3.029482,1.992163,0.418354,-3.912072
0.400000,0.374116,0.078564,-0.734662,1.580385,0.331881,-3.103450,1.774519,0.372649,-3.484678
0.420000,0.406064,0.085273,-0.797399,1.613699,0.338877,-3.168870,1.556874,0.326944,-3.057283
0.440000,0.438634,0.092113,-0.861360,1.642660,0.344959,-3.225741,1.339230,0.281238,-2.629888
0.460000,0.471741,0.099066,-0.926372,1.667268,0.350126,-3.274065,1.121586,0.235533,-2.202493
0.480000,0.505296,0.106112,-0.992265,1.687523,0.354380,-3.313841,0.903941,0.189828,-1.775099
0.500000,0.539213,0.113235,-1.058869,1.703426,0.357719,-3.345069,0.686297,0.144122,-1.347704
0.520000,0.573404,0.120415,-1.126011,1.714975,0.360145,-3.367749,0.468652,0.098417,-0.920309
0.540000,0.607783,0.127634,-1.193522,1.722172,0.361656,-3.381881,0.251008,0.052712,-0.492915
0.560000,0.642262,0.134875,-1.261229,1.725016,0.362253,-3.387466,0.033364,0.007006,-0.065520
0.580000,0.676754,0.142118,-1.328963,1.723506,0.361936,-3.384502,-0.184281,-0.038699,0.361875
0.600000,0.711173,0.149346,-1.396552,1.717644,0.360705,-3.372991,-0.401925,-0.084404,0.789270
0.620000,0.745431,0.156541,-1.463826,1.707429,0.358560,-3.352931,-0.619569,-0.130110,1.216664
0.640000,0.779441,0.163683,-1.530613,1.692862,0.355501,-3.324324,-0.837214,-0.175815,1.644059
0.660000,0.813117,0.170755,-1.596742,1.673941,0.351528,-3.287169,-1.054858,-0.221520,2.071454
0.680000,0.846370,0.177738,-1.662043,1.650667,0.346640,-3.241466,-1.272503,-0.267226,2.498848
0.700000,0.879114,0.184614,-1.726344,1.623041,0.340839,-3.187215,-1.490147,-0.312931,2.926243
0.720000,0.911263,0.191365,-1.789474,1.591061,0.334123,-3.124416,-1.707791,-0.358636,3.353638
0.740000,0.942728,0.197973,-1.851263,1.554729,0.326493,-3.053070,-1.925436,-0.404342,3.781033
0.760000,0.973423,0.204419,-1.911540,1.514044,0.317949,-2.973175,-2.143080,-0.450047,4.208427
0.780000,1.003261,0.210685,-1.970133,1.469006,0.308491,-2.884732,-2.360724,-0.495752,4.635822
0.800000,1.032154,0.216752,-2.026872,1.419615,0.298119,-2.787742,-2.578369,-0.541458,5.063217
0.820000,1.060016,0.222603,-2.081586,1.365871,0.286833,-2.682204,-2.796013,-0.587163,5.490611
0.840000,1.086760,0.228220,-2.134103,1.307774,0.274633,-2.568118,-3.013658,-0.632868,5.918006
0.860000,1.112298,0.233583,-2.184254,1.245325,0.261518,-2.445484,-3.231302,-0.678574,6.345401
0.880000,1.136544,0.238674,-2.231866,1.178522,0.247490,-2.314302,-3.448946,-0.724279,6.772796
0.900000,1.159410,0.243476,-2.276769,1.107367,0.232547,-2.174572,-3.666591,-0.769984,7.200190
0.920000,1.180809,0.247970,-2.318792,1.031859,0.216690,-2.026294,-3.884235,-0.815690,7.627585
0.940000,1.200655,0.252138,-2.357764,0.951998,0.199919,-1.869468,-4.101879,-0.861395,8.054980
0.960000,1.218860,0.255961,-2.393513,0.867784,0.182235,-1.704095,-4.319524,-0.907100,8.482374
0.980000,1.235338,0.259421,-2.425870,0.779217,0.163635,-1.530173,-4.537168,-0.952806,8.909769
1.000000,1.250000,0.262500,-2.454663,0.686297,0.144122,-1.347704,-4.754813,-0.998511,9.337164
1.020000,1.262791,0.265186,-2.479782,0.593612,0.124658,-1.165696,-4.513658,-0.947868,8.863602
1.040000,1.273777,0.267493,-2.501354,0.505751,0.106208,-0.993160,-4.272503,-0.897226,8.390040
1.060000,1.283053,0.269441,-2.519571,0.422712,0.088769,-0.830095,-4.031348,-0.846583,7.916479
1.080000,1.290717,0.271051,-2.534621,0.344497,0.072344,-0.676501,-3.790193,-0.795940,7.442917
1.100000,1.296865,0.272342,-2.546694,0.271104,0.056932,-0.532378,-3.549037,-0.745298,6.969355
1.120000,1.301594,0.273335,-2.555980,0.202535,0.042532,-0.397727,-3.307882,-0.694655,6.495793
1.140000,1.304999,0.274050,-2.562666,0.138789,0.029146,-0.272546,-3.066727,-0.644013,6.022232
1.160000,1.307177,0.274507,-2.566945,0.079866,0.016772,-0.156837,-2.825572,-0.593370,5.548670
1.180000,1.308226,0.274727,-2.569003,0.025766,0.005411,-0.050600,-2.584417,-0.542727,5.075108
1.200000,1.308240,0.274730,-2.569032,-0.023511,-0.004937,0.046167,-2.343262,-0.492085,4.601547
1.220000,1.307317,0.274537,-2.567220,-0.067964,-0.014273,0.133462,-2.102107,-0.441442,4.127985
1.240000,1.305554,0.274166,-2.563756,-0.107595,-0.022595,0.211286,-1.860952,-0.390800,3.654423
1.260000,1.303046,0.273640,-2.558831,-0.142402,-0.029905,0.279639,-1.619797,-0.340157,3.180861
1.280000,1.299890,0.272977,-2.552634,-0.172387,-0.036201,0.338521,-1.378642,-0.289514,2.707300
1.300000,1.296182,0.272198,-2.545354,-0.197548,-0.041485,0.387931,-1.137487,-0.238872,2.233738
1.320000,1.292020,0.271324,-2.537180,-0.217886,-0.045756,0.427870,-0.896332,-0.188229,1.760176
1.340000,1.287499,0.270375,-2.528302,-0.233401,-0.049014,0.458338,-0.655177,-0.137587,1.286614
1.360000,1.282716,0.269370,-2.518909,-0.244093,-0.051260,0.479335,-0.414022,-0.086944,0.813053
1.380000,1.277767,0.268331,-2.509192,-0.249962,-0.052492,0.490860,-0.172867,-0.036301,0.339491
1.400000,1.272750,0.267277,-2.499338,-0.251008,-0.052712,0.492915,0.068288,0.014341,-0.134071
1.420000,1.267759,0.266229,-2.489538,-0.247231,-0.051918,0.485498,0.309443,0.064984,-0.607633
1.440000,1.262893,0.265207,-2.479981,-0.238630,-0.050112,0.468609,0.550598,0.115626,-1.081194
1.460000,1.258246,0.264232,-2.470857,-0.225207,-0.047293,0.442250,0.791753,0.166269,-1.554756
1.480000,1.253917,0.263322,-2.462354,-0.206960,-0.043462,0.406419,1.032908,0.216912,-2.028318
1.500000,1.250000,0.262500,-2.454663,-0.183891,-0.038617,0.361117,1.274063,0.267554,-2.501880
1.520000,1.246573,0.261780,-2.447933,-0.159055,-0.033401,0.312348,1.209443,0.253984,-2.374990
1.540000,1.243629,0.261162,-2.442152,-0.135513,-0.028457,0.266117,1.144823,0.240413,-2.248101
1.560000,1.241144,0.260640,-2.437271,-0.113263,-0.023785,0.222424,1.080203,0.226843,-2.121211
1.580000,1.239090,0.260209,-2.433239,-0.092305,-0.019384,0.181269,1.015583,0.213273,-1.994322
1.600000,1.237443,0.259863,-2.430004,-0.072639,-0.015254,0.142651,0.950963,0.199702,-1.867433
1.620000,1.236176,0.259597,-2.427516,-0.054266,-0.011396,0.106572,0.886342,0.186132,-1.740543
1.640000,1.235263,0.259405,-2.425724,-0.037186,-0.007809,0.073030,0.821722,0.172561,-1.613654
1.660000,1.234680,0.259283,-2.424578,-0.021397,-0.004493,0.042026,0.757102,0.158991,-1.486765
1.680000,1.234399,0.259224,-2.424026,-0.006901,-0.001449,0.013559,0.692482,0.145420,-1.359875
1.700000,1.234395,0.259223,-2.424018,0.006302,0.001324,-0.012369,0.627862,0.131850,-1.232986
1.720000,1.234642,0.259275,-2.424504,0.018213,0.003825,-0.035760,0.563242,0.118280,-1.106097
1.740000,1.235115,0.259374,-2.425432,0.028832,0.006055,-0.056613,0.498622,0.104709,-0.979207
1.760000,1.235787,0.259515,-2.426751,0.038158,0.008013,-0.074929,0.434001,0.091139,-0.852318
1.780000,1.236633,0.259693,-2.428412,0.046192,0.009700,-0.090706,0.369381,0.077568,-0.725429
1.800000,1.237626,0.259902,-2.430363,0.052933,0.011116,-0.103946,0.304761,0.063998,-0.598539
1.820000,1.238741,0.260136,-2.432553,0.058382,0.012260,-0.114648,0.240141,0.050427,-0.471650
1.840000,1.239953,0.260390,-2.434932,0.062539,0.013133,-0.122812,0.175521,0.036857,-0.344761
1.860000,1.241234,0.260659,-2.437448,0.065403,0.013735,-0.128438,0.110901,0.023287,-0.217871
1.880000,1.242560,0.260938,-2.440052,0.066975,0.014065,-0.131527,0.046281,0.009716,-0.090982
1.900000,1.243905,0.261220,-2.442693,0.067254,0.014123,-0.132077,-0.018339,-0.003854,0.035908
1.920000,1.245242,0.261501,-2.445318,0.066241,0.013910,-0.130090,-0.082960,-0.017425,0.162797
1.940000,1.246546,0.261775,-2.447879,0.063936,0.013426,-0.125565,-0.147580,-0.030995,0.289686
1.960000,1.247791,0.262036,-2.450324,0.060338,0.012671,-0.118503,-0.212200,-0.044565,0.416576
1.980000,1.248951,0.262280,-2.452602,0.055448,0.011644,-0.108902,-0.276820,-0.058136,0.543465
2.000000,1.250000,0.262500,-2.454663,0.049265,0.010345,-0.096764,-0.341440,-0.071706,0.670354
2.020000,1.250918,0.262693,-2.456467,0.042610,0.008947,-0.083697,-0.324115,-0.068067,0.636359
2.040000,1.251707,0.262858,-2.458016,0.036301,0.007622,-0.071310,-0.306789,-0.064428,0.602363
2.060000,1.252373,0.262998,-2.459324,0.030338,0.006370,-0.059603,-0.289464,-0.060789,0.568367
2.080000,1.252923,0.263114,-2.460404,0.024722,0.005191,-0.048575,-0.272138,-0.057150,0.534372
2.100000,1.253364,0.263206,-2.461271,0.019453,0.004084,-0.038228,-0.254813,-0.053511,0.500376
2.120000,1.253703,0.263278,-2.461938,0.014530,0.003050,-0.028560,-0.237487,-0.049872,0.466380
2.140000,1.253947,0.263329,-2.462418,0.009953,0.002089,-0.019573,-0.220162,-0.046233,0.432385
2.160000,1.254103,0.263362,-2.462725,0.005723,0.001201,-0.011265,-0.202836,-0.042594,0.398389
2.180000,1.254178,0.263377,-2.462873,0.001840,0.000386,-0.003637,-0.185511,-0.038954,0.364393
2.200000,1.254179,0.263378,-2.462875,-0.001697,-0.000357,0.003311,-0.168185,-0.035315,0.330398
2.220000,1.254113,0.263364,-2.462745,-0.004888,-0.001027,0.009579,-0.150860,-0.031676,0.296402
2.240000,1.253986,0.263337,-2.462497,-0.007732,-0.001624,0.015167,-0.133534,-0.028037,0.262406
2.260000,1.253806,0.263299,-2.462143,-0.010229,-0.002148,0.020075,-0.116209,-0.024398,0.228411
2.280000,1.253579,0.263251,-2.461698,-0.012380,-0.002600,0.024303,-0.098883,-0.020759,0.194415
2.300000,1.253313,0.263196,-2.461176,-0.014184,-0.002979,0.027852,-0.081558,-0.017120,0.160419
2.320000,1.253014,0.263133,-2.460589,-0.015642,-0.003285,0.030720,-0.064232,-0.013481,0.126423
2.340000,1.252690,0.263065,-2.459951,-0.016754,-0.003518,0.032909,-0.046907,-0.009842,0.092428
2.360000,1.252346,0.262993,-2.459277,-0.017519,-0.003678,0.034417,-0.029581,-0.006203,0.058432
2.380000,1.251991,0.262918,-2.458579,-0.017937,-0.003766,0.035246,-0.012256,-0.002564,0.024436
2.400000,1.251631,0.262842,-2.457872,-0.018009,-0.003781,0.035395,0.005070,0.001076,-0.009559
2.420000,1.251273,0.262767,-2.457168,-0.017734,-0.003723,0.034864,0.022395,0.004715,-0.043555
2.440000,1.250924,0.262694,-2.456482,-0.017113,-0.003592,0.033653,0.039721,0.008354,-0.077551
2.460000,1.250591,0.262624,-2.455826,-0.016145,-0.003389,0.031762,0.057046,0.011993,-0.111546
2.480000,1.250281,0.262559,-2.455216,-0.014831,-0.003113,0.029191,0.074372,0.015632,-0.145542
2.500000,1.250000,0.262500,-2.454663,-0.013170,-0.002764,0.025940,0.091697,0.019271,-0.179538
2.520000,1.249755,0.262449,-2.454180,-0.011383,-0.002388,0.022440,0.087015,0.018285,-0.170444
2.540000,1.249544,0.262404,-2.453765,-0.009690,-0.002032,0.019122,0.082333,0.017299,-0.161351
2.560000,1.249366,0.262367,-2.453414,-0.008090,-0.001696,0.015986,0.077652,0.016313,-0.152258
2.580000,1.249220,0.262336,-2.453124,-0.006584,-0.001380,0.013032,0.072970,0.015327,-0.143164
2.600000,1.249102,0.262312,-2.452891,-0.005171,-0.001083,0.010260,0.068288,0.014341,-0.134071
2.620000,1.249012,0.262293,-2.452712,-0.003852,-0.000806,0.007669,0.063606,0.013355,-0.124978
2.640000,1.248948,0.262279,-2.452583,-0.002627,-0.000549,0.005260,0.058924,0.012369,-0.115884
2.660000,1.248907,0.262271,-2.452501,-0.001495,-0.000311,0.003034,0.054243,0.011383,-0.106791
2.680000,1.248887,0.262267,-2.452461,-0.000457,-0.000094,0.000989,0.049561,0.010397,-0.097697
2.700000,1.248888,0.262267,-2.452460,0.000487,0.000105,-0.000874,0.044879,0.009411,-0.088604
2.720000,1.248906,0.262271,-2.452494,0.001338,0.000283,-0.002555,0.040197,0.008426,-0.079511
2.740000,1.248941,0.262278,-2.452561,0.002095,0.000442,-0.004055,0.035515,0.007440,-0.070417
2.760000,1.248989,0.262288,-2.452655,0.002758,0.000581,-0.005372,0.030833,0.006454,-0.061324
2.780000,1.249050,0.262301,-2.452775,0.003328,0.000700,-0.006508,0.026152,0.005468,-0.052231
2.800000,1.249122,0.262316,-2.452915,0.003805,0.000799,-0.007461,0.021470,0.004482,-0.043137
2.820000,1.249202,0.262333,-2.453072,0.004187,0.000879,-0.008233,0.016788,0.003496,-0.034044
2.840000,1.249289,0.262351,-2.453243,0.004476,0.000939,-0.008823,0.012106,0.002510,-0.024951
2.860000,1.249380,0.262370,-2.453424,0.004671,0.000979,-0.009231,0.007424,0.001524,-0.015857
2.880000,1.249475,0.262390,-2.453611,0.004773,0.001000,-0.009457,0.002743,0.000538,-0.006764
2.900000,1.249571,0.262410,-2.453801,0.004781,0.001001,-0.009502,-0.001939,-0.000448,0.002329
2.920000,1.249666,0.262430,-2.453990,0.004695,0.000982,-0.009364,-0.006621,-0.001434,0.011423
2.940000,1.249758,0.262450,-2.454174,0.004516,0.000944,-0.009045,-0.011303,-0.002420,0.020516
2.960000,1.249846,0.262468,-2.454350,0.004243,0.000885,-0.008544,-0.015985,-0.003406,0.029609
2.980000,1.249927,0.262485,-2.454514,0.003877,0.000807,-0.007860,-0.020666,-0.004392,0.038703
3.000000,1.250000,0.262500,-2.454663,0.003417,0.000710,-0.006995,-0.025348,-0.005378,0.047796
3.020000,1.250063,0.262513,-2.454794,0.002924,0.000605,-0.006063,-0.023947,-0.005073,0.045418
3.040000,1.250117,0.262524,-2.454906,0.002459,0.000507,-0.005179,-0.022545,-0.004768,0.043041
3.060000,1.250162,0.262533,-2.455001,0.002022,0.000414,-0.004342,-0.021143,-0.004464,0.040663
3.080000,1.250198,0.262541,-2.455080,0.001613,0.000328,-0.003552,-0.019741,-0.004159,0.038285
3.100000,1.250227,0.262547,-2.455144,0.001232,0.000248,-0.002810,-0.018339,-0.003854,0.035908
3.120000,1.250248,0.262551,-2.455193,0.000880,0.000174,-0.002116,-0.016938,-0.003549,0.033530
3.140000,1.250262,0.262554,-2.455229,0.000555,0.000106,-0.001469,-0.015536,-0.003245,0.031152
3.160000,1.250270,0.262555,-2.455252,0.000258,0.000044,-0.000870,-0.014134,-0.002940,0.028774
3.180000,1.250272,0.262555,-2.455264,-0.000011,-0.000012,-0.000318,-0.012732,-0.002635,0.026397
3.200000,1.250270,0.262555,-2.455265,-0.000251,-0.000061,0.000186,-0.011331,-0.002331,0.024019
3.220000,1.250263,0.262553,-2.455257,-0.000464,-0.000105,0.000643,-0.009929,-0.002026,0.021641
3.240000,1.250251,0.262551,-2.455240,-0.000648,-0.000142,0.001052,-0.008527,-0.001721,0.019264
3.260000,1.250237,0.262547,-2.455215,-0.000805,-0.000174,0.001413,-0.007125,-0.001416,0.016886
3.280000,1.250219,0.262544,-2.455183,-0.000933,-0.000199,0.001727,-0.005723,-0.001112,0.014508
3.300000,1.250200,0.262539,-2.455146,-0.001034,-0.000218,0.001994,-0.004322,-0.000807,0.012130
3.320000,1.250178,0.262535,-2.455104,-0.001106,-0.000231,0.002212,-0.002920,-0.000502,0.009753
3.340000,1.250156,0.262530,-2.455058,-0.001151,-0.000238,0.002384,-0.001518,-0.000197,0.007375
3.360000,1.250132,0.262525,-2.455009,-0.001167,-0.000239,0.002507,-0.000116,0.000107,0.004997
3.380000,1.250109,0.262521,-2.454958,-0.001155,-0.000234,0.002584,0.001285,0.000412,0.002620
3.400000,1.250086,0.262516,-2.454906,-0.001116,-0.000223,0.002612,0.002687,0.000717,0.000242
3.420000,1.250065,0.262512,-2.454854,-0.001048,-0.000205,0.002593,0.004089,0.001022,-0.002136
3.440000,1.250045,0.262508,-2.454803,-0.000952,-0.000182,0.002527,0.005491,0.001326,-0.004514
3.460000,1.250027,0.262505,-2.454753,-0.000828,-0.000152,0.002413,0.006893,0.001631,-0.006891
3.480000,1.250012,0.262502,-2.454706,-0.000676,-0.000116,0.002251,0.008294,0.001936,-0.009269
3.500000,1.250000,0.262500,-2.454663,-0.000496,-0.000075,0.002042,0.009696,0.002241,-0.011647
3.520000,1.249992,0.262499,-2.454625,-0.000312,-0.000032,0.001813,0.008771,0.002008,-0.011229
3.540000,1.249987,0.262499,-2.454591,-0.000146,0.000006,0.001593,0.007846,0.001775,-0.010812
3.560000,1.249986,0.262499,-2.454561,0.000002,0.000039,0.001381,0.006920,0.001542,-0.010394
3.580000,1.249987,0.262500,-2.454535,0.000131,0.000067,0.001177,0.005995,0.001309,-0.009977
3.600000,1.249991,0.262502,-2.454514,0.000242,0.000091,0.000982,0.005070,0.001076,-0.009559
3.620000,1.249997,0.262504,-2.454496,0.000334,0.000110,0.000795,0.004144,0.000843,-0.009142
3.640000,1.250004,0.262506,-2.454482,0.000408,0.000125,0.000616,0.003219,0.000610,-0.008724
3.660000,1.250013,0.262509,-2.454471,0.000463,0.000135,0.000446,0.002294,0.000377,-0.008307
3.680000,1.250023,0.262512,-2.454464,0.000499,0.000140,0.000284,0.001369,0.000144,-0.007889
3.700000,1.250033,0.262514,-2.454460,0.000518,0.000140,0.000130,0.000443,-0.000089,-0.007472
3.720000,1.250043,0.262517,-2.454459,0.000517,0.000136,-0.000015,-0.000482,-0.000322,-0.007054
3.740000,1.250054,0.262520,-2.454461,0.000498,0.000127,-0.000152,-0.001407,-0.000555,-0.006637
3.760000,1.250063,0.262522,-2.454465,0.000461,0.000114,-0.000281,-0.002333,-0.000788,-0.006219
3.780000,1.250072,0.262524,-2.454472,0.000405,0.000096,-0.000401,-0.003258,-0.001021,-0.005802
3.800000,1.250079,0.262526,-2.454481,0.000331,0.000073,-0.000513,-0.004183,-0.001254,-0.005384
3.820000,1.250085,0.262527,-2.454492,0.000238,0.000046,-0.000616,-0.005109,-0.001487,-0.004967
3.840000,1.250089,0.262528,-2.454506,0.000126,0.000014,-0.000711,-0.006034,-0.001720,-0.004549
3.860000,1.250090,0.262528,-2.454521,-0.000004,-0.000023,-0.000798,-0.006959,-0.001953,-0.004132
3.880000,1.250088,0.262527,-2.454537,-0.000152,-0.000064,-0.000877,-0.007884,-0.002186,-0.003714
3.900000,1.250084,0.262525,-2.454556,-0.000319,-0.000111,-0.000947,-0.008810,-0.002419,-0.003297
3.920000,1.250075,0.262522,-2.454575,-0.000505,-0.000161,-0.001009,-0.009735,-0.002652,-0.002879
3.940000,1.250063,0.262519,-2.454596,-0.000708,-0.000217,-0.001062,-0.010660,-0.002885,-0.002461
3.960000,1.250047,0.262514,-2.454618,-0.000931,-0.000277,-0.001107,-0.011586,-0.003118,-0.002044
3.980000,1.250026,0.262508,-2.454640,-0.001172,-0.000341,-0.001144,-0.012511,-0.003351,-0.001626
4.000000,1.250000,0.262500,-2.454663,-0.001431,-0.000411,-0.001172,-0.013436,-0.003585,-0.001209
4.020000,1.249969,0.262491,-2.454687,-0.001677,-0.000476,-0.001189,-0.011137,-0.002957,-0.000501
4.040000,1.249933,0.262481,-2.454711,-0.001877,-0.000529,-0.001192,-0.008837,-0.002330,0.000206
4.060000,1.249894,0.262470,-2.454735,-0.002031,-0.000569,-0.001181,-0.006538,-0.001703,0.000914
4.080000,1.249852,0.262458,-2.454758,-0.002138,-0.000597,-0.001156,-0.004239,-0.001075,0.001622
4.100000,1.249809,0.262446,-2.454781,-0.002200,-0.000612,-0.001116,-0.001939,-0.000448,0.002329
4.120000,1.249765,0.262434,-2.454802,-0.002216,-0.000615,-0.001062,0.000360,0.000179,0.003037
4.140000,1.249721,0.262422,-2.454823,-0.002186,-0.000605,-0.000995,0.002660,0.000806,0.003745
4.160000,1.249677,0.262410,-2.454842,-0.002110,-0.000583,-0.000913,0.004959,0.001434,0.004452
4.180000,1.249636,0.262398,-2.454859,-0.001987,-0.000548,-0.000816,0.007258,0.002061,0.005160
4.200000,1.249598,0.262388,-2.454875,-0.001819,-0.000500,-0.000706,0.009558,0.002688,0.005868
4.220000,1.249564,0.262379,-2.454888,-0.001605,-0.000440,-0.000582,0.011857,0.003316,0.006575
4.240000,1.249534,0.262370,-2.454898,-0.001345,-0.000368,-0.000443,0.014156,0.003943,0.007283
4.260000,1.249510,0.262364,-2.454905,-0.001039,-0.000283,-0.000290,0.016456,0.004570,0.007991
4.280000,1.249493,0.262359,-2.454909,-0.000687,-0.000185,-0.000124,0.018755,0.005197,0.008698
4.300000,1.249483,0.262357,-2.454910,-0.000289,-0.000075,0.000057,0.021055,0.005825,0.009406
4.320000,1.249482,0.262356,-2.454907,0.000156,0.000048,0.000253,0.023354,0.006452,0.010114
4.340000,1.249490,0.262359,-2.454900,0.000646,0.000183,0.000462,0.025653,0.007079,0.010821
4.360000,1.249508,0.262364,-2.454888,0.001182,0.000331,0.000686,0.027953,0.007706,0.011529
4.380000,1.249537,0.262372,-2.454872,0.001764,0.000492,0.000923,0.030252,0.008334,0.012237
4.400000,1.249579,0.262384,-2.454851,0.002392,0.000665,0.001175,0.032551,0.008961,0.012944
4.420000,1.249633,0.262399,-2.454825,0.003066,0.000850,0.001441,0.034851,0.009588,0.013652
4.440000,1.249702,0.262418,-2.454794,0.003786,0.001048,0.001721,0.037150,0.010216,0.014360
4.460000,1.249785,0.262441,-2.454756,0.004552,0.001259,0.002015,0.039450,0.010843,0.015067
4.480000,1.249884,0.262468,-2.454713,0.005364,0.001482,0.002324,0.041749,0.011470,0.015775
4.500000,1.250000,0.262500,-2.454663,0.006222,0.001718,0.002646,0.044048,0.012097,0.016483
4.520000,1.250133,0.262537,-2.454607,0.007020,0.001937,0.002944,0.035776,0.009821,0.013234
4.540000,1.250280,0.262577,-2.454546,0.007653,0.002110,0.003176,0.027504,0.007545,0.009986
4.560000,1.250438,0.262621,-2.454481,0.008120,0.002239,0.003343,0.019232,0.005269,0.006738
4.580000,1.250603,0.262666,-2.454413,0.008422,0.002321,0.003445,0.010959,0.002993,0.003490
4.600000,1.250773,0.262713,-2.454343,0.008558,0.002358,0.003483,0.002687,0.000717,0.000242
4.620000,1.250945,0.262760,-2.454274,0.008530,0.002350,0.003455,-0.005585,-0.001559,-0.003006
4.640000,1.251114,0.262807,-2.454206,0.008335,0.002296,0.003362,-0.013857,-0.003835,-0.006255
4.660000,1.251277,0.262852,-2.454140,0.007975,0.002196,0.003205,-0.022129,-0.006111,-0.009503
4.680000,1.251431,0.262895,-2.454078,0.007450,0.002051,0.002982,-0.030402,-0.008387,-0.012751
4.700000,1.251574,0.262934,-2.454021,0.006759,0.001861,0.002695,-0.038674,-0.010664,-0.015999
4.720000,1.251701,0.262969,-2.453970,0.005903,0.001625,0.002342,-0.046946,-0.012940,-0.019247
4.740000,1.251809,0.262998,-2.453928,0.004881,0.001343,0.001925,-0.055218,-0.015216,-0.022495
4.760000,1.251895,0.263022,-2.453894,0.003694,0.001016,0.001442,-0.063491,-0.017492,-0.025743
4.780000,1.251956,0.263039,-2.453870,0.002342,0.000644,0.000895,-0.071763,-0.019768,-0.028992
4.800000,1.251987,0.263048,-2.453859,0.000824,0.000226,0.000283,-0.080035,-0.022044,-0.032240
4.820000,1.251987,0.263047,-2.453860,-0.000860,-0.000238,-0.000395,-0.088307,-0.024320,-0.035488
4.840000,1.251952,0.263038,-2.453875,-0.002709,-0.000747,-0.001137,-0.096580,-0.026596,-0.038736
4.860000,1.251878,0.263017,-2.453905,-0.004723,-0.001302,-0.001944,-0.104852,-0.028872,-0.041984
4.880000,1.251762,0.262985,-2.453953,-0.006903,-0.001902,-0.002816,-0.113124,-0.031148,-0.045232
4.900000,1.251601,0.262941,-2.454019,-0.009248,-0.002548,-0.003753,-0.121396,-0.033425,-0.048480
4.920000,1.251391,0.262883,-2.454104,-0.011758,-0.003239,-0.004755,-0.129668,-0.035701,-0.051729
4.940000,1.251129,0.262811,-2.454209,-0.014435,-0.003976,-0.005822,-0.137941,-0.037977,-0.054977
4.960000,1.250812,0.262724,-2.454337,-0.017276,-0.004758,-0.006954,-0.146213,-0.040253,-0.058225
4.980000,1.250437,0.262620,-2.454488,-0.020283,-0.005586,-0.008151,-0.154485,-0.042529,-0.061473
5.000000,1.250000,0.262500,-2.454663,-0.023456,-0.006459,-0.009413,-0.162757,-0.044805,-0.064721
5.020000,1.249500,0.262362,-2.454864,-0.026403,-0.007271,-0.010585,-0.131968,-0.036328,-0.052436
5.040000,1.248948,0.262210,-2.455085,-0.028734,-0.007913,-0.011511,-0.101178,-0.027851,-0.040151
5.060000,1.248355,0.262047,-2.455323,-0.030450,-0.008385,-0.012191,-0.070389,-0.019374,-0.027866
5.080000,1.247734,0.261876,-2.455571,-0.031550,-0.008687,-0.012625,-0.039599,-0.010897,-0.015581
5.100000,1.247097,0.261701,-2.455826,-0.032034,-0.008821,-0.012814,-0.008810,-0.002419,-0.003297
5.120000,1.246457,0.261524,-2.456082,-0.031902,-0.008784,-0.012757,0.021980,0.006058,0.008988
5.140000,1.245825,0.261350,-2.456335,-0.031155,-0.008578,-0.012455,0.052769,0.014535,0.021273
5.160000,1.245215,0.261182,-2.456579,-0.029791,-0.008203,-0.011906,0.083559,0.023012,0.033558
5.180000,1.244638,0.261023,-2.456809,-0.027812,-0.007658,-0.011112,0.114348,0.031489,0.045843
5.200000,1.244106,0.260877,-2.457021,-0.025217,-0.006943,-0.010073,0.145138,0.039966,0.058128
5.220000,1.243633,0.260747,-2.457210,-0.022007,-0.006059,-0.008787,0.175928,0.048443,0.070413
5.240000,1.243230,0.260636,-2.457371,-0.018180,-0.005006,-0.007256,0.206717,0.056920,0.082698
5.260000,1.242910,0.260548,-2.457499,-0.013738,-0.003782,-0.005479,0.237507,0.065398,0.094983
5.280000,1.242685,0.260486,-2.457589,-0.008680,-0.002390,-0.003457,0.268296,0.073875,0.107268
5.300000,1.242567,0.260453,-2.457636,-0.003006,-0.000827,-0.001189,0.299086,0.082352,0.119553
5.320000,1.242569,0.260454,-2.457635,0.003283,0.000904,0.001325,0.329875,0.090829,0.131838
5.340000,1.242702,0.260491,-2.457581,0.010189,0.002806,0.004085,0.360665,0.099306,0.144123
5.360000,1.242980,0.260567,-2.457470,0.017710,0.004877,0.007090,0.391454,0.107783,0.156408
5.380000,1.243415,0.260687,-2.457296,0.025847,0.007117,0.010341,0.422244,0.116260,0.168692
5.400000,1.244018,0.260853,-2.457054,0.034600,0.009527,0.013838,0.453033,0.124737,0.180977
5.420000,1.244803,0.261069,-2.456741,0.043968,0.012107,0.017580,0.483823,0.133214,0.193262
5.440000,1.245781,0.261338,-2.456350,0.053953,0.014856,0.021568,0.514612,0.141692,0.205547
5.460000,1.246965,0.261664,-2.455876,0.064553,0.017774,0.025802,0.545402,0.150169,0.217832
5.480000,1.248367,0.262050,-2.455316,0.075769,0.020862,0.030282,0.576191,0.158646,0.230117
5.500000,1.250000,0.262500,-2.454663,0.087600,0.024120,0.035007,0.606981,0.167123,0.242402
5.520000,1.251866,0.263014,-2.453918,0.098591,0.027146,0.039396,0.492095,0.135491,0.196510
5.540000,1.253928,0.263582,-2.453094,0.107284,0.029540,0.042867,0.377209,0.103858,0.150619
5.560000,1.256142,0.264191,-2.452209,0.113679,0.031301,0.045421,0.262323,0.072226,0.104727
5.580000,1.258460,0.264829,-2.451283,0.117777,0.032429,0.047056,0.147437,0.040593,0.058836
5.600000,1.260838,0.265484,-2.450333,0.119577,0.032924,0.047774,0.032551,0.008961,0.012944
5.620000,1.263228,0.266142,-2.449378,0.119079,0.032787,0.047574,-0.082334,-0.022671,-0.032947
5.640000,1.265585,0.266791,-2.448436,0.116284,0.032017,0.046456,-0.197220,-0.054304,-0.078839
5.660000,1.267864,0.267419,-2.447526,0.111190,0.030615,0.044421,-0.312106,-0.085936,-0.124730
5.680000,1.270018,0.268012,-2.446666,0.103799,0.028580,0.041467,-0.426992,-0.117569,-0.170622
5.700000,1.272001,0.268558,-2.445873,0.094111,0.025912,0.037596,-0.541878,-0.149201,-0.216514
5.720000,1.273767,0.269044,-2.445168,0.082124,0.022612,0.032807,-0.656764,-0.180833,-0.262405
5.740000,1.275270,0.269458,-2.444567,0.067840,0.018679,0.027100,-0.771650,-0.212466,-0.308297
5.760000,1.276465,0.269787,-2.444090,0.051258,0.014113,0.020475,-0.886536,-0.244098,-0.354188
5.780000,1.277305,0.270018,-2.443754,0.032379,0.008915,0.012932,-1.001422,-0.275731,-0.400080
5.800000,1.277745,0.270139,-2.443579,0.011201,0.003084,0.004472,-1.116307,-0.307363,-0.445971
5.820000,1.277738,0.270137,-2.443582,-0.012274,-0.003379,-0.004907,-1.231193,-0.338995,-0.491863
5.840000,1.277239,0.270000,-2.443781,-0.038046,-0.010476,-0.015203,-1.346079,-0.370628,-0.537754
5.860000,1.276201,0.269714,-2.444196,-0.066117,-0.018205,-0.026417,-1.460965,-0.402260,-0.583646
5.880000,1.274579,0.269267,-2.444844,-0.096485,-0.026566,-0.038549,-1.575851,-0.433892,-0.629538
5.900000,1.272326,0.268647,-2.445744,-0.129151,-0.035560,-0.051599,-1.690737,-0.465525,-0.675429
5.920000,1.269397,0.267841,-2.446914,-0.164114,-0.045187,-0.065566,-1.805623,-0.497157,-0.721321
5.940000,1.265746,0.266836,-2.448373,-0.201376,-0.055447,-0.080451,-1.920509,-0.528790,-0.767212
5.960000,1.261327,0.265619,-2.450138,-0.240935,-0.066339,-0.096254,-2.035395,-0.560422,-0.813104
5.980000,1.256094,0.264178,-2.452229,-0.282792,-0.077863,-0.112975,-2.150280,-0.592054,-0.858995
6.000000,1.250000,0.262500,-2.454663,-0.326946,-0.090021,-0.130614,-2.265166,-0.623687,-0.904887
6.020000,1.243011,0.260576,-2.457454,-0.371809,-0.102370,-0.148383,-2.221153,-0.611213,-0.872002
6.040000,1.235134,0.258407,-2.460594,-0.415792,-0.114469,-0.165494,-2.177140,-0.598739,-0.839117
6.060000,1.226385,0.255999,-2.464070,-0.458895,-0.126319,-0.181948,-2.133126,-0.586266,-0.806232
6.080000,1.216784,0.253356,-2.467868,-0.501117,-0.137920,-0.197744,-2.089113,-0.573792,-0.773347
6.100000,1.206346,0.250483,-2.471975,-0.542459,-0.149271,-0.212882,-2.045099,-0.561318,-0.740462
6.120000,1.195091,0.247387,-2.476379,-0.582921,-0.160373,-0.227362,-2.001086,-0.548844,-0.707577
6.140000,1.183035,0.244070,-2.481065,-0.622503,-0.171225,-0.241185,-1.957073,-0.536371,-0.674692
6.160000,1.170197,0.240539,-2.486022,-0.661204,-0.181828,-0.254350,-1.913059,-0.523897,-0.641807
6.180000,1.156593,0.236799,-2.491235,-0.699025,-0.192181,-0.266857,-1.869046,-0.511423,-0.608922
6.200000,1.142242,0.232854,-2.496692,-0.735966,-0.202285,-0.278707,-1.825033,-0.498950,-0.576037
6.220000,1.127160,0.228709,-2.502379,-0.772026,-0.212139,-0.289899,-1.781019,-0.486476,-0.543152
6.240000,1.111367,0.224370,-2.508283,-0.807207,-0.221744,-0.300433,-1.737006,-0.474002,-0.510267
6.260000,1.094878,0.219841,-2.514392,-0.841507,-0.231099,-0.310309,-1.692993,-0.461528,-0.477382
6.280000,1.077712,0.215127,-2.520691,-0.874926,-0.240205,-0.319528,-1.648979,-0.449055,-0.444497
6.300000,1.059887,0.210234,-2.527168,-0.907466,-0.249061,-0.328089,-1.604966,-0.436581,-0.411612
6.320000,1.041419,0.205167,-2.533810,-0.939125,-0.257668,-0.335993,-1.560952,-0.424107,-0.378727
6.340000,1.022328,0.199929,-2.540604,-0.969904,-0.266025,-0.343238,-1.516939,-0.411633,-0.345842
6.360000,1.002629,0.194527,-2.547535,-0.999803,-0.274133,-0.349826,-1.472926,-0.399160,-0.312957
6.380000,0.982341,0.188966,-2.554592,-1.028821,-0.281992,-0.355757,-1.428912,-0.386686,-0.280072
6.400000,0.961482,0.183249,-2.561761,-1.056959,-0.289601,-0.361029,-1.384899,-0.374212,-0.247187
6.420000,0.940069,0.177383,-2.569029,-1.084217,-0.296960,-0.365644,-1.340886,-0.361738,-0.214302
6.440000,0.918119,0.171373,-2.576383,-1.110594,-0.304070,-0.369601,-1.296872,-0.349265,-0.181417
6.460000,0.895651,0.165222,-2.583809,-1.136092,-0.310931,-0.372901,-1.252859,-0.336791,-0.148532
6.480000,0.872681,0.158937,-2.591294,-1.160709,-0.317542,-0.375542,-1.208845,-0.324317,-0.115647
6.500000,0.849228,0.152522,-2.598826,-1.184446,-0.323903,-0.377527,-1.164832,-0.311844,-0.082762
6.520000,0.825310,0.145983,-2.606391,-1.207302,-0.330016,-0.378853,-1.120819,-0.299370,-0.049877
6.540000,0.800942,0.139323,-2.613976,-1.229278,-0.335878,-0.379522,-1.076805,-0.286896,-0.016992
6.560000,0.776144,0.132549,-2.621568,-1.250374,-0.341491,-0.379533,-1.032792,-0.274422,0.015893
6.580000,0.750933,0.125665,-2.629153,-1.270590,-0.346855,-0.378886,-0.988779,-0.261949,0.048778
6.600000,0.725327,0.118677,-2.636719,-1.289925,-0.351969,-0.377582,-0.944765,-0.249475,0.081663
6.620000,0.699342,0.111588,-2.644252,-1.308381,-0.356834,-0.375619,-0.900752,-0.237001,0.114548
6.640000,0.672997,0.104405,-2.651739,-1.325956,-0.361449,-0.373000,-0.856739,-0.224527,0.147433
6.660000,0.646310,0.097132,-2.659167,-1.342650,-0.365815,-0.369722,-0.812725,-0.212054,0.180318
6.680000,0.619297,0.089774,-2.666523,-1.358465,-0.369932,-0.365787,-0.768712,-0.199580,0.213203
6.700000,0.591977,0.082336,-2.673794,-1.373399,-0.373798,-0.361194,-0.724698,-0.187106,0.246088
6.720000,0.564367,0.074824,-2.680967,-1.387452,-0.377416,-0.355943,-0.680685,-0.174632,0.278973
6.740000,0.536485,0.067241,-2.688028,-1.400626,-0.380784,-0.350035,-0.636672,-0.162159,0.311858
6.760000,0.508348,0.059594,-2.694964,-1.412919,-0.383902,-0.343469,-0.592658,-0.149685,0.344743
6.780000,0.479974,0.051887,-2.701762,-1.424332,-0.386771,-0.336245,-0.548645,-0.137211,0.377628
6.800000,0.451380,0.044125,-2.708409,-1.434865,-0.389391,-0.328364,-0.504632,-0.124738,0.410513
6.820000,0.422585,0.036313,-2.714892,-1.444518,-0.391761,-0.319825,-0.460618,-0.112264,0.443398
6.840000,0.393606,0.028456,-2.721198,-1.453290,-0.393881,-0.310628,-0.416605,-0.099790,0.476283
6.860000,0.364459,0.020559,-2.727313,-1.461182,-0.395752,-0.300774,-0.372591,-0.087316,0.509167
6.880000,0.335164,0.012628,-2.733224,-1.468194,-0.397374,-0.290261,-0.328578,-0.074843,0.542052
6.900000,0.305737,0.004666,-2.738919,-1.474325,-0.398746,-0.279092,-0.284565,-0.062369,0.574937
6.920000,0.276197,-0.003321,-2.744384,-1.479576,-0.399869,-0.267264,-0.240551,-0.049895,0.607822
6.940000,0.246560,-0.011327,-2.749605,-1.483947,-0.400742,-0.254779,-0.196538,-0.037421,0.640707
6.960000,0.216845,-0.019349,-2.754571,-1.487438,-0.401365,-0.241636,-0.152525,-0.024948,0.673592
6.980000,0.187069,-0.027380,-2.759266,-1.490048,-0.401740,-0.227835,-0.108511,-0.012474,0.706477
7.000000,0.157249,-0.035417,-2.763680,-1.491778,-0.401864,-0.213377,-0.064498,-0.000000,0.739362
7.020000,0.127403,-0.043453,-2.767797,-1.492628,-0.401740,-0.198260,-0.020485,0.012473,0.772247
7.040000,0.097550,-0.051484,-2.771606,-1.492597,-0.401365,-0.182487,0.023529,0.024947,0.805132
7.060000,0.067705,-0.059506,-2.775092,-1.491687,-0.400742,-0.166055,0.067542,0.037421,0.838017
7.080000,0.037888,-0.067512,-2.778243,-1.489896,-0.399869,-0.148966,0.111556,0.049895,0.870902
7.100000,0.008115,-0.075499,-2.781046,-1.487225,-0.398746,-0.131219,0.155569,0.062368,0.903787
7.120000,-0.021595,-0.083461,-2.783488,-1.483673,-0.397374,-0.112814,0.199582,0.074842,0.936672
7.140000,-0.051226,-0.091392,-2.785555,-1.479241,-0.395752,-0.093752,0.243596,0.087316,0.969557
7.160000,-0.080759,-0.099289,-2.787233,-1.473929,-0.393881,-0.074032,0.287609,0.099790,1.002442
7.180000,-0.110177,-0.107146,-2.788511,-1.467737,-0.391761,-0.053654,0.331622,0.112263,1.035327
7.200000,-0.139462,-0.114958,-2.789375,-1.460664,-0.389391,-0.032619,0.375636,0.124737,1.068212
7.220000,-0.168598,-0.122720,-2.789812,-1.452711,-0.386771,-0.010926,0.419649,0.137211,1.101097
7.240000,-0.197565,-0.130427,-2.789808,-1.443878,-0.383902,0.011425,0.463663,0.149685,1.133982
7.260000,-0.226347,-0.138074,-2.789350,-1.434165,-0.380784,0.034433,0.507676,0.162158,1.166867
7.280000,-0.254926,-0.145657,-2.788426,-1.423571,-0.377416,0.058100,0.551689,0.174632,1.199752
7.300000,-0.283284,-0.153169,-2.787022,-1.412097,-0.373799,0.082423,0.595703,0.187106,1.232637
7.320000,-0.311404,-0.160607,-2.785125,-1.399743,-0.369932,0.107405,0.639716,0.199579,1.265522
7.340000,-0.339268,-0.167965,-2.782721,-1.386509,-0.365815,0.133044,0.683729,0.212053,1.298407
7.360000,-0.366858,-0.175238,-2.779799,-1.372394,-0.361450,0.159341,0.727743,0.224527,1.331292
7.380000,-0.394158,-0.182421,-2.776343,-1.357399,-0.356834,0.186296,0.771756,0.237001,1.364177
7.400000,-0.421148,-0.189510,-2.772342,-1.341524,-0.351970,0.213908,0.815770,0.249474,1.397062
7.420000,-0.447813,-0.196498,-2.767783,-1.324768,-0.346855,0.242178,0.859783,0.261948,1.429947
7.440000,-0.474133,-0.203382,-2.762651,-1.307132,-0.341492,0.271106,0.903796,0.274422,1.462832
7.460000,-0.500092,-0.210156,-2.756934,-1.288616,-0.335879,0.300692,0.947810,0.286896,1.495717
7.480000,-0.525672,-0.216816,-2.750619,-1.269220,-0.330016,0.330935,0.991823,0.299369,1.528602
7.500000,-0.550855,-0.223355,-2.743692,-1.248943,-0.323904,0.361836,1.035836,0.311843,1.561487
7.520000,-0.575624,-0.229770,-2.736141,-1.227787,-0.317542,0.393394,1.079850,0.324317,1.594372
7.540000,-0.599961,-0.236055,-2.727952,-1.205749,-0.310931,0.425611,1.123863,0.336791,1.627257
7.560000,-0.623848,-0.242206,-2.719112,-1.182832,-0.304071,0.458485,1.167876,0.349264,1.660142
7.580000,-0.647268,-0.248217,-2.709608,-1.159034,-0.296960,0.492016,1.211890,0.361738,1.693027
7.600000,-0.670203,-0.254083,-2.699427,-1.134356,-0.289601,0.526206,1.255903,0.374212,1.725912
7.620000,-0.692636,-0.259799,-2.688556,-1.108798,-0.281992,0.561053,1.299917,0.386685,1.758797
7.640000,-0.714550,-0.265361,-2.676981,-1.082360,-0.274134,0.596558,1.343930,0.399159,1.791682
7.660000,-0.735925,-0.270763,-2.664689,-1.055041,-0.266026,0.632720,1.387943,0.411633,1.824567
7.680000,-0.756745,-0.276000,-2.651668,-1.026842,-0.257668,0.669540,1.431957,0.424107,1.857452
7.700000,-0.776993,-0.281068,-2.637903,-0.997763,-0.249061,0.707018,1.475970,0.436580,1.890337
7.720000,-0.796650,-0.285961,-2.623382,-0.967803,-0.240205,0.745154,1.519983,0.449054,1.923222
7.740000,-0.815699,-0.290674,-2.608093,-0.936963,-0.231099,0.783947,1.563997,0.461528,1.956107
7.760000,-0.834123,-0.295203,-2.592020,-0.905243,-0.221744,0.823398,1.608010,0.474002,1.988992
7.780000,-0.851903,-0.299542,-2.575152,-0.872643,-0.212139,0.863507,1.652024,0.486475,2.021877
7.800000,-0.869022,-0.303687,-2.557476,-0.839162,-0.202285,0.904273,1.696037,0.498949,2.054762
7.820000,-0.885464,-0.307632,-2.538977,-0.804802,-0.192181,0.945697,1.740050,0.511423,2.087647
7.840000,-0.901209,-0.311372,-2.519643,-0.769560,-0.181828,0.987779,1.784064,0.523897,2.120532
7.860000,-0.916240,-0.314903,-2.499461,-0.733439,-0.171225,1.030518,1.828077,0.536370,2.153417
7.880000,-0.930540,-0.318220,-2.478418,-0.696437,-0.160373,1.073916,1.872090,0.548844,2.186302
7.900000,-0.944092,-0.321317,-2.456500,-0.658555,-0.149272,1.117971,1.916104,0.561318,2.219187
7.920000,-0.956877,-0.324189,-2.433695,-0.619793,-0.137920,1.162683,1.960117,0.573791,2.252072
7.940000,-0.968878,-0.326832,-2.409989,-0.580151,-0.126320,1.208053,2.004130,0.586265,2.284957
7.960000,-0.980077,-0.329240,-2.385368,-0.539628,-0.114470,1.254081,2.048144,0.598739,2.317842
7.980000,-0.990457,-0.331409,-2.359821,-0.498225,-0.102370,1.300767,2.092157,0.611213,2.350727
8.000000,-1.000000,-0.333333,-2.333333,-0.455942,-0.090021,1.348110,2.136171,0.623686,2.383612
8.020000,-1.008690,-0.335011,-2.305905,-0.413044,-0.077864,1.394177,2.153585,0.592054,2.223034
8.040000,-1.016519,-0.336452,-2.277588,-0.369798,-0.066339,1.437032,2.171000,0.560422,2.062455
8.060000,-1.023480,-0.337669,-2.248445,-0.326204,-0.055447,1.476675,2.188415,0.528790,1.901877
8.080000,-1.029565,-0.338674,-2.218542,-0.282262,-0.045188,1.513107,2.205830,0.497158,1.741299
8.100000,-1.034768,-0.339481,-2.187942,-0.237971,-0.035561,1.546327,2.223245,0.465526,1.580721
8.120000,-1.039082,-0.340101,-2.156710,-0.193332,-0.026567,1.576336,2.240660,0.433894,1.420143
8.140000,-1.042499,-0.340548,-2.124910,-0.148345,-0.018205,1.603133,2.258075,0.402262,1.259565
8.160000,-1.045013,-0.340833,-2.092606,-0.103009,-0.010476,1.626718,2.275490,0.370630,1.098987
8.180000,-1.046617,-0.340971,-2.059863,-0.057325,-0.003380,1.647092,2.292904,0.338997,0.938409
8.200000,-1.047304,-0.340973,-2.026744,-0.011293,0.003084,1.664255,2.310319,0.307365,0.777831
8.220000,-1.047067,-0.340852,-1.993314,0.035088,0.008915,1.678206,2.327734,0.275733,0.617253
8.240000,-1.045898,-0.340620,-1.959637,0.081817,0.014113,1.688945,2.345149,0.244101,0.456675
8.260000,-1.043792,-0.340291,-1.925778,0.128894,0.018679,1.696473,2.362564,0.212469,0.296097
8.280000,-1.040740,-0.339877,-1.891800,0.176319,0.022612,1.700789,2.379979,0.180837,0.135519
8.300000,-1.036736,-0.339391,-1.857768,0.224093,0.025912,1.701893,2.397394,0.149205,-0.025059
8.320000,-1.031774,-0.338845,-1.823746,0.272215,0.028580,1.699786,2.414809,0.117573,-0.185637
8.340000,-1.025846,-0.338252,-1.789798,0.320685,0.030615,1.694468,2.432224,0.085941,-0.346216
8.360000,-1.018944,-0.337625,-1.755988,0.369504,0.032018,1.685938,2.449638,0.054308,-0.506794
8.380000,-1.011063,-0.336976,-1.722382,0.418671,0.032788,1.674196,2.467053,0.022676,-0.667372
8.400000,-1.002195,-0.336317,-1.689042,0.468186,0.032925,1.659243,2.484468,-0.008956,-0.827950
8.420000,-0.992333,-0.335663,-1.656033,0.518050,0.032429,1.641078,2.501883,-0.040588,-0.988528
8.440000,-0.981471,-0.335024,-1.623420,0.568261,0.031301,1.619702,2.519298,-0.072220,-1.149106
8.460000,-0.969601,-0.334415,-1.591267,0.618821,0.029541,1.595114,2.536713,-0.103852,-1.309684
8.480000,-0.956716,-0.333847,-1.559637,0.669730,0.027147,1.567314,2.554128,-0.135484,-1.470262
8.500000,-0.942809,-0.333333,-1.528595,0.720987,0.024121,1.536303,2.571543,-0.167116,-1.630840
8.520000,-0.927880,-0.332884,-1.498198,0.771722,0.020864,1.503344,2.501981,-0.158640,-1.665113
8.540000,-0.911949,-0.332498,-1.468466,0.821066,0.017776,1.469699,2.432419,-0.150165,-1.699386
8.560000,-0.895046,-0.332172,-1.439414,0.869019,0.014857,1.435368,2.362857,-0.141689,-1.733659
8.580000,-0.877198,-0.331902,-1.411056,0.915580,0.012108,1.400352,2.293295,-0.133213,-1.767933
8.600000,-0.858432,-0.331686,-1.383405,0.960750,0.009528,1.364651,2.223733,-0.124737,-1.802206
8.620000,-0.838777,-0.331520,-1.356475,1.004529,0.007118,1.328264,2.154171,-0.116261,-1.836479
8.640000,-0.818260,-0.331400,-1.330279,1.046917,0.004878,1.291192,2.084609,-0.107786,-1.870752
8.660000,-0.796910,-0.331324,-1.304832,1.087914,0.002807,1.253434,2.015047,-0.099310,-1.905025
8.680000,-0.774753,-0.331287,-1.280146,1.127519,0.000906,1.214991,1.945485,-0.090834,-1.939298
8.700000,-0.751818,-0.331286,-1.256236,1.165733,-0.000826,1.175862,1.875923,-0.082358,-1.973571
8.720000,-0.728133,-0.331319,-1.233116,1.202556,-0.002389,1.136048,1.806361,-0.073882,-2.007845
8.740000,-0.703725,-0.331381,-1.210799,1.237988,-0.003782,1.095548,1.736799,-0.065407,-2.042118
8.760000,-0.678623,-0.331469,-1.189299,1.272028,-0.005005,1.054363,1.667237,-0.056931,-2.076391
8.780000,-0.652854,-0.331580,-1.168629,1.304677,-0.006059,1.012493,1.597675,-0.048455,-2.110664
8.800000,-0.626445,-0.331710,-1.148804,1.335935,-0.006943,0.969937,1.528113,-0.039979,-2.144937
8.820000,-0.599425,-0.331856,-1.129836,1.365802,-0.007658,0.926695,1.458551,-0.031504,-2.179210
8.840000,-0.571822,-0.332015,-1.111740,1.394277,-0.008203,0.882768,1.388989,-0.023028,-2.213483
8.860000,-0.543664,-0.332183,-1.094530,1.421361,-0.008579,0.838156,1.319427,-0.014552,-2.247756
8.880000,-0.514977,-0.332357,-1.078219,1.447054,-0.008785,0.792858,1.249865,-0.006076,-2.282030
8.900000,-0.485791,-0.332534,-1.062820,1.471356,-0.008822,0.746875,1.180303,0.002400,-2.316303
8.920000,-0.456132,-0.332709,-1.048348,1.494266,-0.008689,0.700206,1.110741,0.010875,-2.350576
8.940000,-0.426029,-0.332880,-1.034817,1.515785,-0.008387,0.652852,1.041179,0.019351,-2.384849
8.960000,-0.395510,-0.333044,-1.022239,1.535913,-0.007915,0.604812,0.971617,0.027827,-2.419122
8.980000,-0.364602,-0.333196,-1.010629,1.554650,-0.007274,0.556087,0.902055,0.036303,-2.453395
9.000000,-0.333333,-0.333333,-1.000000,1.571996,-0.006463,0.506676,0.832493,0.044779,-2.487668
9.020000,-0.301732,-0.333454,-0.990364,1.587826,-0.005590,0.456927,0.750585,0.042508,-2.487256
9.040000,-0.269831,-0.333557,-0.981723,1.602019,-0.004763,0.407186,0.668676,0.040237,-2.486844
9.060000,-0.237663,-0.333645,-0.974076,1.614573,-0.003981,0.357453,0.586767,0.037965,-2.486431
9.080000,-0.205259,-0.333717,-0.967425,1.625490,-0.003244,0.307729,0.504858,0.035694,-2.486019
9.100000,-0.172654,-0.333775,-0.961767,1.634768,-0.002553,0.258012,0.422950,0.033423,-2.485607
9.120000,-0.139879,-0.333819,-0.957104,1.642408,-0.001907,0.208304,0.341041,0.031152,-2.485195
9.140000,-0.106969,-0.333851,-0.953435,1.648409,-0.001307,0.158605,0.259132,0.028881,-2.484782
9.160000,-0.073954,-0.333872,-0.950760,1.652773,-0.000752,0.108913,0.177224,0.026610,-2.484370
9.180000,-0.040869,-0.333882,-0.949078,1.655498,-0.000243,0.059230,0.095315,0.024339,-2.483958
9.200000,-0.007745,-0.333882,-0.948391,1.656585,0.000221,0.009555,0.013406,0.022068,-2.483545
9.220000,0.025384,-0.333873,-0.948696,1.656035,0.000640,-0.040112,-0.068502,0.019797,-2.483133
9.240000,0.058486,-0.333857,-0.949995,1.653845,0.001013,-0.089770,-0.150411,0.017526,-2.482721
9.260000,0.091527,-0.333833,-0.952287,1.650018,0.001341,-0.139421,-0.232320,0.015255,-2.482309
9.280000,0.124475,-0.333803,-0.955572,1.644553,0.001623,-0.189063,-0.314229,0.012984,-2.481896
9.300000,0.157298,-0.333768,-0.959849,1.637449,0.001860,-0.238697,-0.396137,0.010712,-2.481484
9.320000,0.189962,-0.333729,-0.965120,1.628707,0.002052,-0.288322,-0.478046,0.008441,-2.481072
9.340000,0.222435,-0.333686,-0.971382,1.618327,0.002198,-0.337939,-0.559955,0.006170,-2.480659
9.360000,0.254685,-0.333641,-0.978637,1.606309,0.002299,-0.387549,-0.641863,0.003899,-2.480247
9.380000,0.286677,-0.333595,-0.986884,1.592653,0.002354,-0.437149,-0.723772,0.001628,-2.479835
9.400000,0.318380,-0.333548,-0.996123,1.577358,0.002364,-0.486742,-0.805681,-0.000643,-2.479423
9.420000,0.349760,-0.333501,-1.006354,1.560425,0.002328,-0.536326,-0.887589,-0.002914,-2.479010
9.440000,0.380786,-0.333455,-1.017576,1.541854,0.002247,-0.585902,-0.969498,-0.005185,-2.478598
9.460000,0.411424,-0.333411,-1.029790,1.521645,0.002121,-0.635470,-1.051407,-0.007456,-2.478186
9.480000,0.441641,-0.333370,-1.042995,1.499798,0.001949,-0.685030,-1.133315,-0.009727,-2.477773
9.500000,0.471405,-0.333333,-1.057191,1.476313,0.001732,-0.734581,-1.215224,-0.011998,-2.477361
9.520000,0.500684,-0.333301,-1.072374,1.451455,0.001498,-0.783480,-1.270576,-0.011390,-2.412575
9.540000,0.529455,-0.333273,-1.088522,1.425490,0.001276,-0.831084,-1.325927,-0.010781,-2.347790
9.560000,0.557696,-0.333250,-1.105608,1.398418,0.001067,-0.877392,-1.381279,-0.010173,-2.283004
9.580000,0.585385,-0.333231,-1.123609,1.370239,0.000869,-0.922404,-1.436630,-0.009564,-2.218219
9.600000,0.612498,-0.333215,-1.142496,1.340952,0.000684,-0.966121,-1.491982,-0.008956,-2.153433
9.620000,0.639015,-0.333203,-1.162245,1.310559,0.000511,-1.008542,-1.547334,-0.008347,-2.088648
9.640000,0.664913,-0.333195,-1.182829,1.279059,0.000350,-1.049667,-1.602685,-0.007739,-2.023862
9.660000,0.690170,-0.333189,-1.204223,1.246452,0.000202,-1.089496,-1.658037,-0.007130,-1.959076
9.680000,0.714764,-0.333186,-1.226400,1.212738,0.000065,-1.128030,-1.713388,-0.006522,-1.894291
9.700000,0.738672,-0.333186,-1.249335,1.177916,-0.000059,-1.165268,-1.768740,-0.005913,-1.829505
9.720000,0.761873,-0.333189,-1.273002,1.141988,-0.000172,-1.201210,-1.824091,-0.005305,-1.764720
9.740000,0.784345,-0.333193,-1.297375,1.104953,-0.000272,-1.235857,-1.879443,-0.004696,-1.699934
9.760000,0.806064,-0.333199,-1.322428,1.066810,-0.000359,-1.269207,-1.934795,-0.004087,-1.635148
9.780000,0.827010,-0.333207,-1.348135,1.027561,-0.000435,-1.301262,-1.990146,-0.003479,-1.570363
9.800000,0.847159,-0.333217,-1.374470,0.987204,-0.000498,-1.332022,-2.045498,-0.002870,-1.505577
9.820000,0.866490,-0.333227,-1.401407,0.945741,-0.000550,-1.361486,-2.100849,-0.002262,-1.440792
9.840000,0.884981,-0.333239,-1.428921,0.903171,-0.000589,-1.389654,-2.156201,-0.001653,-1.376006
9.860000,0.902610,-0.333251,-1.456985,0.859493,-0.000616,-1.416526,-2.211553,-0.001045,-1.311220
9.880000,0.919354,-0.333263,-1.485573,0.814708,-0.000631,-1.442102,-2.266904,-0.000436,-1.246435
9.900000,0.935191,-0.333276,-1.514660,0.768817,-0.000633,-1.466383,-2.322256,0.000172,-1.181649
9.920000,0.950099,-0.333289,-1.544220,0.721818,-0.000624,-1.489368,-2.377607,0.000781,-1.116864
9.940000,0.964056,-0.333301,-1.574226,0.673713,-0.000602,-1.511058,-2.432959,0.001389,-1.052078
9.960000,0.977040,-0.333313,-1.604653,0.624500,-0.000568,-1.531451,-2.488310,0.001998,-0.987293
9.980000,0.989029,-0.333323,-1.635475,0.574180,-0.000522,-1.550549,-2.543662,0.002606,-0.922507
10.000000,1.000000,-0.333333,-1.666667,0.522753,-0.000464,-1.568352,-2.599014,0.003215,-0.857721
10.020000,1.009936,-0.333342,-1.698200,0.470834,-0.000401,-1.584674,-2.592957,0.003052,-0.774534
10.040000,1.018834,-0.333349,-1.730043,0.419035,-0.000342,-1.599333,-2.586900,0.002889,-0.691347
10.060000,1.026698,-0.333356,-1.762162,0.367358,-0.000286,-1.612328,-2.580843,0.002726,-0.608160
10.080000,1.033529,-0.333361,-1.794525,0.315801,-0.000233,-1.623660,-2.574787,0.002563,-0.524973
10.100000,1.039331,-0.333365,-1.827097,0.264366,-0.000183,-1.633327,-2.568730,0.002400,-0.441786
10.120000,1.044105,-0.333368,-1.859847,0.213052,-0.000137,-1.641331,-2.562673,0.002237,-0.358599
10.140000,1.047854,-0.333371,-1.892739,0.161859,-0.000094,-1.647671,-2.556617,0.002074,-0.275412
10.160000,1.050580,-0.333372,-1.925742,0.110787,-0.000054,-1.652347,-2.550560,0.001911,-0.192225
10.180000,1.052286,-0.333373,-1.958822,0.059837,-0.000017,-1.655360,-2.544503,0.001747,-0.109038
10.200000,1.052974,-0.333373,-1.991946,0.009007,0.000016,-1.656709,-2.538447,0.001584,-0.025851
10.220000,1.052647,-0.333372,-2.025079,-0.041701,0.000046,-1.656394,-2.532390,0.001421,0.057336
10.240000,1.051307,-0.333371,-2.058190,-0.092288,0.000073,-1.654415,-2.526333,0.001258,0.140523
10.260000,1.048956,-0.333369,-2.091245,-0.142754,0.000096,-1.650773,-2.520277,0.001095,0.223710
10.280000,1.045598,-0.333367,-2.124210,-0.193099,0.000117,-1.645467,-2.514220,0.000932,0.306897
10.300000,1.041233,-0.333365,-2.157053,-0.243323,0.000134,-1.638497,-2.508163,0.000769,0.390084
10.320000,1.035865,-0.333362,-2.189739,-0.293426,0.000147,-1.629864,-2.502106,0.000606,0.473271
10.340000,1.029497,-0.333359,-2.222236,-0.343407,0.000158,-1.619566,-2.496050,0.000443,0.556459
10.360000,1.022130,-0.333355,-2.254511,-0.393268,0.000165,-1.607605,-2.489993,0.000280,0.639646
10.380000,1.013767,-0.333352,-2.286529,-0.443007,0.000169,-1.593981,-2.483936,0.000117,0.722833
10.400000,1.004410,-0.333349,-2.318259,-0.492625,0.000170,-1.578692,-2.477880,-0.000046,0.806020
10.420000,0.994063,-0.333345,-2.349666,-0.542122,0.000167,-1.561740,-2.471823,-0.000209,0.889207
10.440000,0.982726,-0.333342,-2.380717,-0.591498,0.000161,-1.543124,-2.465766,-0.000372,0.972394
10.460000,0.970404,-0.333339,-2.411380,-0.640753,0.000152,-1.522844,-2.459710,-0.000535,1.055581
10.480000,0.957097,-0.333336,-2.441620,-0.689887,0.000140,-1.500901,-2.453653,-0.000698,1.138768
10.500000,0.942809,-0.333333,-2.471405,-0.738899,0.000124,-1.477293,-2.447596,-0.000861,1.221955
10.520000,0.927546,-0.333331,-2.500702,-0.787218,0.000108,-1.452304,-2.384310,-0.000818,1.276970
10.540000,0.911329,-0.333329,-2.529489,-0.834271,0.000092,-1.426215,-2.321023,-0.000774,1.331984
10.560000,0.894183,-0.333327,-2.557744,-0.880059,0.000077,-1.399025,-2.257737,-0.000730,1.386999
10.580000,0.876135,-0.333326,-2.585443,-0.924581,0.000062,-1.370735,-2.194451,-0.000687,1.442013
10.600000,0.857209,-0.333325,-2.612566,-0.967837,0.000049,-1.341344,-2.131164,-0.000643,1.497028
10.620000,0.837430,-0.333324,-2.639089,-1.009828,0.000037,-1.310853,-2.067878,-0.000599,1.552042
10.640000,0.816824,-0.333323,-2.664992,-1.050552,0.000025,-1.279263,-2.004591,-0.000556,1.607057
10.660000,0.795416,-0.333323,-2.690253,-1.090011,0.000014,-1.246571,-1.941305,-0.000512,1.662071
10.680000,0.773232,-0.333323,-2.714848,-1.128204,0.000005,-1.212780,-1.878018,-0.000468,1.717086
10.700000,0.750296,-0.333323,-2.738756,-1.165132,-0.000004,-1.177888,-1.814732,-0.000425,1.772100
10.720000,0.726635,-0.333323,-2.761956,-1.200794,-0.000012,-1.141896,-1.751445,-0.000381,1.827115
10.740000,0.702273,-0.333323,-2.784425,-1.235190,-0.000019,-1.104803,-1.688159,-0.000337,1.882129
10.760000,0.677236,-0.333324,-2.806141,-1.268320,-0.000026,-1.066610,-1.624873,-0.000293,1.937144
10.780000,0.651549,-0.333324,-2.827082,-1.300185,-0.000031,-1.027317,-1.561586,-0.000250,1.992159
10.800000,0.625237,-0.333325,-2.847226,-1.330783,-0.000036,-0.986924,-1.498300,-0.000206,2.047173
10.820000,0.598326,-0.333326,-2.866552,-1.360117,-0.000039,-0.945431,-1.435013,-0.000162,2.102188
10.840000,0.570841,-0.333327,-2.885036,-1.388184,-0.000042,-0.902837,-1.371727,-0.000119,2.157202
10.860000,0.542807,-0.333327,-2.902658,-1.414986,-0.000044,-0.859142,-1.308440,-0.000075,2.212217
10.880000,0.514250,-0.333328,-2.919395,-1.440522,-0.000045,-0.814348,-1.245154,-0.000031,2.267231
10.900000,0.485194,-0.333329,-2.935224,-1.464792,-0.000045,-0.768453,-1.181868,0.000012,2.322246
10.920000,0.455666,-0.333330,-2.950125,-1.487796,-0.000045,-0.721458,-1.118581,0.000056,2.377260
10.940000,0.425691,-0.333331,-2.964075,-1.509535,-0.000043,-0.673363,-1.055295,0.000100,2.432275
10.960000,0.395294,-0.333332,-2.977052,-1.530008,-0.000041,-0.624167,-0.992008,0.000143,2.487289
10.980000,0.364499,-0.333333,-2.989035,-1.549215,-0.000037,-0.573871,-0.928722,0.000187,2.542304
11.000000,0.333333,-0.333333,-3.000000,-1.567157,-0.000033,-0.522475,-0.865435,0.000231,2.597319
11.020000,0.301823,-0.333334,-3.009930,-1.583630,-0.000029,-0.470588,-0.781896,0.000219,2.591332
11.040000,0.269999,-0.333334,-3.018824,-1.598433,-0.000025,-0.418822,-0.698357,0.000207,2.585345
11.060000,0.237896,-0.333335,-3.026684,-1.611565,-0.000021,-0.367175,-0.614818,0.000196,2.579358
11.080000,0.205548,-0.333335,-3.033512,-1.623026,-0.000017,-0.315647,-0.531278,0.000184,2.573371
11.100000,0.172987,-0.333336,-3.039311,-1.632816,-0.000013,-0.264240,-0.447739,0.000172,2.567384
11.120000,0.140246,-0.333336,-3.044083,-1.640935,-0.000010,-0.212952,-0.364200,0.000161,2.561397
11.140000,0.107360,-0.333336,-3.047830,-1.647384,-0.000007,-0.161784,-0.280661,0.000149,2.555410
11.160000,0.074362,-0.333336,-3.050555,-1.652162,-0.000004,-0.110736,-0.197121,0.000137,2.549423
11.180000,0.041285,-0.333336,-3.052260,-1.655269,-0.000001,-0.059807,-0.113582,0.000125,2.543436
11.200000,0.008163,-0.333336,-3.052948,-1.656705,0.000001,-0.008998,-0.030043,0.000114,2.537449
11.220000,-0.024972,-0.333336,-3.052621,-1.656470,0.000003,0.041691,0.053497,0.000102,2.531462
11.240000,-0.058085,-0.333336,-3.051281,-1.654565,0.000005,0.092260,0.137036,0.000090,2.525475
11.260000,-0.091143,-0.333336,-3.048931,-1.650989,0.000007,0.142710,0.220575,0.000079,2.519489
11.280000,-0.124114,-0.333336,-3.045573,-1.645742,0.000008,0.193040,0.304114,0.000067,2.513502
11.300000,-0.156962,-0.333336,-3.041210,-1.638824,0.000010,0.243250,0.387654,0.000055,2.507515
11.320000,-0.189655,-0.333335,-3.035844,-1.630236,0.000011,0.293340,0.471193,0.000044,2.501528
11.340000,-0.222160,-0.333335,-3.029477,-1.619977,0.000011,0.343311,0.554732,0.000032,2.495541
11.360000,-0.254443,-0.333335,-3.022112,-1.608047,0.000012,0.393162,0.638271,0.000020,2.489554
11.380000,-0.286471,-0.333335,-3.013752,-1.594446,0.000012,0.442893,0.721811,0.000008,2.483567
11.400000,-0.318210,-0.333334,-3.004398,-1.579174,0.000012,0.492505,0.805350,-0.000003,2.477580
11.420000,-0.349627,-0.333334,-2.994052,-1.562232,0.000012,0.541996,0.888889,-0.000015,2.471593
11.440000,-0.380688,-0.333334,-2.982718,-1.543619,0.000012,0.591368,0.972429,-0.000027,2.465606
11.460000,-0.411360,-0.333334,-2.970398,-1.523335,0.000011,0.640621,1.055968,-0.000038,2.459619
11.480000,-0.441610,-0.333334,-2.957094,-1.501380,0.000010,0.689753,1.139507,-0.000050,2.453632
11.500000,-0.471405,-0.333333,-2.942809,-1.477754,0.000009,0.738766,1.223046,-0.000062,2.447646
11.520000,-0.500711,-0.333333,-2.927548,-1.452742,0.000008,0.787087,1.278151,-0.000059,2.384417
11.540000,-0.529507,-0.333333,-2.911334,-1.426628,0.000007,0.834143,1.333256,-0.000056,2.321189
11.560000,-0.557769,-0.333333,-2.894191,-1.399412,0.000005,0.879934,1.388361,-0.000052,2.257960
11.580000,-0.585476,-0.333333,-2.876145,-1.371094,0.000004,0.924461,1.443466,-0.000049,2.194732
11.600000,-0.612606,-0.333333,-2.857221,-1.341673,0.000004,0.967723,1.498570,-0.000046,2.131503
11.620000,-0.639136,-0.333333,-2.837445,-1.311151,0.000003,1.009721,1.553675,-0.000043,2.068275
11.640000,-0.665044,-0.333333,-2.816841,-1.279526,0.000002,1.050454,1.608780,-0.000040,2.005046
11.660000,-0.690309,-0.333333,-2.795435,-1.246800,0.000001,1.089923,1.663885,-0.000037,1.941818
11.680000,-0.714909,-0.333333,-2.773252,-1.212971,0.000000,1.128127,1.718990,-0.000034,1.878589
11.700000,-0.738821,-0.333333,-2.750318,-1.178040,-0.000000,1.165067,1.774095,-0.000030,1.815361
11.720000,-0.762023,-0.333333,-2.726658,-1.142007,-0.000001,1.200742,1.829199,-0.000027,1.752132
11.740000,-0.784494,-0.333333,-2.702297,-1.104872,-0.000001,1.235152,1.884304,-0.000024,1.688904
11.760000,-0.806211,-0.333333,-2.677260,-1.066635,-0.000002,1.268298,1.939409,-0.000021,1.625675
11.780000,-0.827152,-0.333333,-2.651573,-1.027296,-0.000002,1.300179,1.994514,-0.000018,1.562447
11.800000,-0.847295,-0.333333,-2.625262,-0.986855,-0.000003,1.330796,2.049619,-0.000015,1.499218
11.820000,-0.866619,-0.333333,-2.598350,-0.945311,-0.000003,1.360148,2.104723,-0.000012,1.435990
11.840000,-0.885100,-0.333333,-2.570864,-0.902666,-0.000003,1.388235,2.159828,-0.000009,1.372761
11.860000,-0.902718,-0.333333,-2.542829,-0.858918,-0.000003,1.415058,2.214933,-0.000005,1.309533
11.880000,-0.919450,-0.333333,-2.514270,-0.814068,-0.000003,1.440617,2.270038,-0.000002,1.246304
11.900000,-0.935273,-0.333333,-2.485213,-0.768116,-0.000003,1.464910,2.325143,0.000001,1.183076
11.920000,-0.950167,-0.333333,-2.455682,-0.721063,-0.000003,1.487940,2.380248,0.000004,1.119847
11.940000,-0.964108,-0.333333,-2.425704,-0.672907,-0.000003,1.509704,2.435352,0.000007,1.056619
11.960000,-0.977076,-0.333333,-2.395302,-0.623648,-0.000003,1.530204,2.490457,0.000010,0.993390
11.980000,-0.989047,-0.333333,-2.364504,-0.573288,-0.000003,1.549440,2.545562,0.000013,0.930162
12.000000,-1.000000,-0.333333,-2.333333,-0.521826,-0.000002,1.567411,2.600667,0.000017,0.866933
12.020000,-1.009917,-0.333333,-2.301817,-0.469880,-0.000002,1.583911,2.593967,0.000016,0.783093
12.040000,-1.018796,-0.333333,-2.269988,-0.418067,-0.000002,1.598734,2.587266,0.000015,0.699252
12.060000,-1.026640,-0.333333,-2.237879,-0.366389,-0.000001,1.611881,2.580566,0.000014,0.615411
12.080000,-1.033453,-0.333333,-2.205524,-0.314845,-0.000001,1.623351,2.573866,0.000013,0.531570
12.100000,-1.039235,-0.333333,-2.172956,-0.263434,-0.000001,1.633144,2.567166,0.000012,0.447729
12.120000,-1.043991,-0.333334,-2.140209,-0.212158,-0.000001,1.641260,2.560465,0.000012,0.363888
12.140000,-1.047722,-0.333334,-2.107317,-0.161016,-0.000000,1.647699,2.553765,0.000011,0.280048
12.160000,-1.050432,-0.333334,-2.074313,-0.110007,-0.000000,1.652462,2.547065,0.000010,0.196207
12.180000,-1.052124,-0.333334,-2.041230,-0.059133,-0.000000,1.655548,2.540365,0.000009,0.112366
12.200000,-1.052799,-0.333334,-2.008102,-0.008393,0.000000,1.656957,2.533664,0.000008,0.028525
12.220000,-1.052460,-0.333334,-1.974963,0.042213,0.000000,1.656689,2.526964,0.000007,-0.055316
12.240000,-1.051111,-0.333334,-1.941846,0.092686,0.000000,1.654744,2.520264,0.000006,-0.139157
12.260000,-1.048754,-0.333334,-1.908784,0.143024,0.000000,1.651122,2.513564,0.000006,-0.222997
12.280000,-1.045391,-0.333334,-1.875812,0.193228,0.000001,1.645824,2.506864,0.000005,-0.306838
12.300000,-1.041025,-0.333333,-1.842962,0.243299,0.000001,1.638849,2.500163,0.000004,-0.390679
12.320000,-1.035660,-0.333333,-1.810269,0.293235,0.000001,1.630197,2.493463,0.000003,-0.474520
12.340000,-1.029297,-0.333333,-1.777766,0.343037,0.000001,1.619868,2.486763,0.000002,-0.558361
12.360000,-1.021939,-0.333333,-1.745485,0.392705,0.000001,1.607862,2.480063,0.000001,-0.642202
12.380000,-1.013590,-0.333333,-1.713462,0.442240,0.000001,1.594180,2.473362,0.000001,-0.726042
12.400000,-1.004250,-0.333333,-1.681729,0.491640,0.000001,1.578821,2.466662,-0.000000,-0.809883
12.420000,-0.993925,-0.333333,-1.650321,0.540906,0.000001,1.561785,2.459962,-0.000001,-0.893724
12.440000,-0.982615,-0.333333,-1.619269,0.590038,0.000001,1.543072,2.453262,-0.000002,-0.977565
12.460000,-0.970324,-0.333333,-1.588609,0.639037,0.000001,1.522682,2.446561,-0.000003,-1.061406
12.480000,-0.957055,-0.333333,-1.558373,0.687901,0.000001,1.500616,2.439861,-0.000004,-1.145247
12.500000,-0.942809,-0.333333,-1.528595,0.736631,0.000001,1.476872,2.433161,-0.000004,-1.229087
12.520000,-0.927594,-0.333333,-1.499307,0.784690,0.000001,1.451751,2.372695,-0.000004,-1.283044
12.540000,-0.911430,-0.333333,-1.470533,0.831539,0.000000,1.425550,2.312230,-0.000004,-1.337000
12.560000,-0.894340,-0.333333,-1.442293,0.877179,0.000000,1.398271,2.251764,-0.000004,-1.390957
12.580000,-0.876350,-0.333333,-1.414609,0.921609,0.000000,1.369912,2.191299,-0.000004,-1.444914
12.600000,-0.857484,-0.333333,-1.387503,0.964831,0.000000,1.340474,2.130833,-0.000003,-1.498870
12.620000,-0.837765,-0.333333,-1.360997,1.006843,0.000000,1.309957,2.070368,-0.000003,-1.552827
12.640000,-0.817218,-0.333333,-1.335112,1.047645,0.000000,1.278361,2.009902,-0.000003,-1.606783
12.660000,-0.795868,-0.333333,-1.309870,1.087239,0.000000,1.245686,1.949437,-0.000003,-1.660740
12.680000,-0.773737,-0.333333,-1.285292,1.125623,0.000000,1.211932,1.888971,-0.000002,-1.714696
12.700000,-0.750851,-0.333333,-1.261400,1.162798,-0.000000,1.177098,1.828506,-0.000002,-1.768653
12.720000,-0.727233,-0.333333,-1.238215,1.198763,-0.000000,1.141186,1.768040,-0.000002,-1.822609
12.740000,-0.702908,-0.333333,-1.215760,1.233519,-0.000000,1.104194,1.707575,-0.000002,-1.876566
12.760000,-0.677900,-0.333333,-1.194055,1.267066,-0.000000,1.066123,1.647109,-0.000002,-1.930522
12.780000,-0.652234,-0.333333,-1.173122,1.299404,-0.000000,1.026973,1.586644,-0.000001,-1.984479
12.800000,-0.625932,-0.333333,-1.152983,1.330532,-0.000000,0.986744,1.526178,-0.000001,-2.038435
12.820000,-0.599020,-0.333333,-1.133659,1.360451,-0.000000,0.945436,1.465713,-0.000001,-2.092392
12.840000,-0.571522,-0.333333,-1.115173,1.389160,-0.000000,0.903048,1.405247,-0.000001,-2.146348
12.860000,-0.543462,-0.333333,-1.097545,1.416661,-0.000000,0.859582,1.344782,-0.000000,-2.200305
12.880000,-0.514864,-0.333333,-1.080797,1.442952,-0.000000,0.815036,1.284316,-0.000000,-2.254261
12.900000,-0.485752,-0.333333,-1.064950,1.468033,-0.000000,0.769411,1.223851,0.000000,-2.308218
12.920000,-0.456151,-0.333333,-1.050027,1.491906,-0.000000,0.722707,1.163385,0.000000,-2.362175
12.940000,-0.426084,-0.333333,-1.036049,1.514569,-0.000000,0.674924,1.102920,0.000001,-2.416131
12.960000,-0.395576,-0.333333,-1.023038,1.536023,-0.000000,0.626062,1.042454,0.000001,-2.470088
12.980000,-0.364651,-0.333333,-1.011014,1.556267,-0.000000,0.576121,0.981989,0.000001,-2.524044
13.000000,-0.333333,-0.333333,-1.000000,1.575302,-0.000000,0.525100,0.921523,0.000001,-2.578001
13.020000,-0.301649,-0.333333,-0.990013,1.592791,-0.000000,0.473564,0.827344,0.000001,-2.575592
13.040000,-0.269634,-0.333333,-0.981057,1.608396,-0.000000,0.422077,0.733164,0.000001,-2.573183
13.060000,-0.237326,-0.333333,-0.973130,1.622117,-0.000000,0.370637,0.638985,0.000001,-2.570775
13.080000,-0.204762,-0.333333,-0.966231,1.633955,-0.000000,0.319246,0.544806,0.000001,-2.568366
13.100000,-0.171980,-0.333333,-0.960360,1.643910,-0.000000,0.267902,0.450626,0.000001,-2.565957
13.120000,-0.139018,-0.333333,-0.955515,1.651980,-0.000000,0.216607,0.356447,0.000001,-2.563549
13.140000,-0.105914,-0.333333,-0.951695,1.658167,-0.000000,0.165360,0.262267,0.000001,-2.561140
13.160000,-0.072704,-0.333333,-0.948900,1.662471,-0.000000,0.114162,0.168088,0.000001,-2.558731
13.180000,-0.039427,-0.333333,-0.947129,1.664891,-0.000000,0.063011,0.073908,0.000001,-2.556323
13.200000,-0.006121,-0.333333,-0.946379,1.665427,0.000000,0.011909,-0.020271,0.000001,-2.553914
13.220000,0.027177,-0.333333,-0.946652,1.664080,0.000000,-0.039145,-0.114451,0.000001,-2.551506
13.240000,0.060430,-0.333333,-0.947945,1.660849,0.000000,-0.090151,-0.208630,0.000000,-2.549097
13.260000,0.093599,-0.333333,-0.950258,1.655735,0.000000,-0.141109,-0.302810,0.000000,-2.546688
13.280000,0.126646,-0.333333,-0.953589,1.648737,0.000000,-0.192019,-0.396989,0.000000,-2.544280
13.300000,0.159535,-0.333333,-0.957938,1.639855,0.000000,-0.242881,-0.491168,0.000000,-2.541871
13.320000,0.192228,-0.333333,-0.963304,1.629090,0.000000,-0.293694,-0.585348,0.000000,-2.539462
13.340000,0.224687,-0.333333,-0.969685,1.616441,0.000000,-0.344459,-0.679527,0.000000,-2.537054
13.360000,0.256873,-0.333333,-0.977082,1.601909,0.000000,-0.395176,-0.773707,0.000000,-2.534645
13.380000,0.288750,-0.333333,-0.985492,1.585493,0.000000,-0.445845,-0.867886,0.000000,-2.532236
13.400000,0.320280,-0.333333,-0.994915,1.567194,0.000000,-0.496465,-0.962066,-0.000000,-2.529828
13.420000,0.351425,-0.333333,-1.005350,1.547010,0.000000,-0.547038,-1.056245,-0.000000,-2.527419
13.440000,0.382148,-0.333333,-1.016797,1.524944,0.000000,-0.597562,-1.150425,-0.000000,-2.525010
13.460000,0.412411,-0.333333,-1.029253,1.500993,0.000000,-0.648038,-1.244604,-0.000000,-2.522602
13.480000,0.442175,-0.333333,-1.042718,1.475160,0.000000,-0.698466,-1.338784,-0.000000,-2.520193
13.500000,0.471405,-0.333333,-1.057191,1.447442,0.000000,-0.748846,-1.432963,-0.000000,-2.517784
13.520000,0.500066,-0.333333,-1.072666,1.418629,0.000000,-0.798437,-1.448328,-0.000000,-2.441301
13.540000,0.528148,-0.333333,-1.089118,1.389509,0.000000,-0.846498,-1.463693,-0.000000,-2.364817
13.560000,0.555644,-0.333333,-1.106516,1.360082,0.000000,-0.893030,-1.479058,-0.000000,-2.288334
13.580000,0.582549,-0.333333,-1.124829,1.330347,0.000000,-0.938031,-1.494423,-0.000000,-2.211850
13.600000,0.608856,-0.333333,-1.144027,1.300305,0.000000,-0.981504,-1.509788,-0.000000,-2.135367
13.620000,0.634559,-0.333333,-1.164079,1.269955,0.000000,-1.023446,-1.525153,-0.000000,-2.058883
13.640000,0.659652,-0.333333,-1.184955,1.239298,0.000000,-1.063859,-1.540518,-0.000000,-1.982400
13.660000,0.684129,-0.333333,-1.206623,1.208334,0.000000,-1.102742,-1.555883,-0.000000,-1.905916
13.680000,0.707983,-0.333333,-1.229054,1.177063,0.000000,-1.140096,-1.571248,-0.000000,-1.829433
13.700000,0.731209,-0.333333,-1.252217,1.145485,-0.000000,-1.175919,-1.586613,-0.000000,-1.752949
13.720000,0.753801,-0.333333,-1.276081,1.113599,-0.000000,-1.210214,-1.601978,-0.000000,-1.676465
13.740000,0.775751,-0.333333,-1.300615,1.081405,-0.000000,-1.242978,-1.617343,-0.000000,-1.599982
13.760000,0.797055,-0.333333,-1.325790,1.048905,-0.000000,-1.274213,-1.632708,-0.000000,-1.523498
13.780000,0.817705,-0.333333,-1.351574,1.016097,-0.000000,-1.303918,-1.648073,-0.000000,-1.447015
13.800000,0.837697,-0.333333,-1.377936,0.982982,-0.000000,-1.332093,-1.663438,-0.000000,-1.370531
13.820000,0.857023,-0.333333,-1.404847,0.949560,-0.000000,-1.358739,-1.678803,-0.000000,-1.294048
13.840000,0.875677,-0.333333,-1.432276,0.915830,-0.000000,-1.383855,-1.694168,-0.000000,-1.217564
13.860000,0.893654,-0.333333,-1.460191,0.881793,-0.000000,-1.407442,-1.709533,-0.000000,-1.141081
13.880000,0.910947,-0.333333,-1.488563,0.847449,-0.000000,-1.429499,-1.724898,-0.000000,-1.064597
13.900000,0.927550,-0.333333,-1.517361,0.812797,-0.000000,-1.450026,-1.740263,0.000000,-0.988114
13.920000,0.943457,-0.333333,-1.546554,0.777838,-0.000000,-1.469023,-1.755628,0.000000,-0.911630
13.940000,0.958661,-0.333333,-1.576112,0.742572,-0.000000,-1.486491,-1.770993,0.000000,-0.835146
13.960000,0.973157,-0.333333,-1.606003,0.706998,-0.000000,-1.502429,-1.786358,0.000000,-0.758663
13.980000,0.986939,-0.333333,-1.636199,0.671117,-0.000000,-1.516837,-1.801723,0.000000,-0.682179
14.000000,1.000000,-0.333333,-1.666667,0.634929,-0.000000,-1.529716,-1.817088,0.000000,-0.605696
14.020000,1.012326,-0.333333,-1.697380,0.597171,-0.000000,-1.541486,-1.958707,0.000000,-0.571297
14.040000,1.023868,-0.333333,-1.728322,0.556581,-0.000000,-1.552568,-2.100326,0.000000,-0.536898
14.060000,1.034570,-0.333333,-1.759478,0.513158,-0.000000,-1.562962,-2.241945,0.000000,-0.502499
14.080000,1.044375,-0.333333,-1.790835,0.466903,-0.000000,-1.572668,-2.383563,0.000000,-0.468100
14.100000,1.053227,-0.333333,-1.822380,0.417816,-0.000000,-1.581686,-2.525182,0.000000,-0.433701
14.120000,1.061069,-0.333333,-1.854098,0.365896,-0.000000,-1.590016,-2.666801,0.000000,-0.399303
14.140000,1.067844,-0.333333,-1.885976,0.311144,-0.000000,-1.597658,-2.808420,0.000000,-0.364904
14.160000,1.073496,-0.333333,-1.918000,0.253559,-0.000000,-1.604612,-2.950039,0.000000,-0.330505
14.180000,1.077968,-0.333333,-1.950156,0.193142,-0.000000,-1.610878,-3.091658,0.000000,-0.296106
14.200000,1.081203,-0.333333,-1.982431,0.129893,0.000000,-1.616456,-3.233276,0.000000,-0.261707
14.220000,1.083145,-0.333333,-2.014810,0.063811,0.000000,-1.621347,-3.374895,0.000000,-0.227308
14.240000,1.083736,-0.333333,-2.047280,-0.005103,0.000000,-1.625549,-3.516514,0.000000,-0.192909
14.260000,1.082922,-0.333333,-2.079827,-0.076849,0.000000,-1.629063,-3.658133,0.000000,-0.158510
14.280000,1.080644,-0.333333,-2.112438,-0.151428,0.000000,-1.631889,-3.799752,0.000000,-0.124111
14.300000,1.076846,-0.333333,-2.145098,-0.228839,0.000000,-1.634027,-3.941370,0.000000,-0.089713
14.320000,1.071471,-0.333333,-2.177794,-0.309083,0.000000,-1.635478,-4.082989,0.000000,-0.055314
14.340000,1.064463,-0.333333,-2.210513,-0.392159,0.000000,-1.636240,-4.224608,0.000000,-0.020915
14.360000,1.055766,-0.333333,-2.243239,-0.478067,0.000000,-1.636314,-4.366227,0.000000,0.013484
14.380000,1.045322,-0.333333,-2.275961,-0.566808,0.000000,-1.635701,-4.507846,0.000000,0.047883
14.400000,1.033075,-0.333333,-2.308663,-0.658381,0.000000,-1.634399,-4.649464,-0.000000,0.082282
14.420000,1.018968,-0.333333,-2.341332,-0.752787,0.000000,-1.632409,-4.791083,-0.000000,0.116681
14.440000,1.002944,-0.333333,-2.373954,-0.850025,0.000000,-1.629732,-4.932702,-0.000000,0.151080
14.460000,0.984948,-0.333333,-2.406517,-0.950095,0.000000,-1.626366,-5.074321,-0.000000,0.185479
14.480000,0.964922,-0.333333,-2.439005,-1.052997,0.000000,-1.622313,-5.215940,-0.000000,0.219877
14.500000,0.942809,-0.333333,-2.471405,-1.158732,0.000000,-1.617571,-5.357558,-0.000000,0.254276
14.520000,0.918604,-0.333333,-2.503689,-1.259743,0.000000,-1.610101,-4.743557,-0.000000,0.492746
14.540000,0.892501,-0.333333,-2.535777,-1.348475,0.000000,-1.597861,-4.129555,-0.000000,0.731215
14.560000,0.864747,-0.333333,-2.567572,-1.424926,0.000000,-1.580852,-3.515553,-0.000000,0.969684
14.580000,0.835586,-0.333333,-2.598979,-1.489097,0.000000,-1.559074,-2.901551,-0.000000,1.208153
14.600000,0.805265,-0.333333,-2.629903,-1.540988,0.000000,-1.532526,-2.287549,-0.000000,1.446623
14.620000,0.774028,-0.333333,-2.660248,-1.580599,0.000000,-1.501209,-1.673547,-0.000000,1.685092
14.640000,0.742123,-0.333333,-2.689920,-1.607930,0.000000,-1.465122,-1.059545,-0.000000,1.923561
14.660000,0.709793,-0.333333,-2.718821,-1.622980,0.000000,-1.424266,-0.445544,-0.000000,2.162030
14.680000,0.677285,-0.333333,-2.746858,-1.625751,-0.000000,-1.378641,0.168458,-0.000000,2.400500
14.700000,0.644845,-0.333333,-2.773935,-1.616242,-0.000000,-1.328246,0.782460,-0.000000,2.638969
14.720000,0.612717,-0.333333,-2.799956,-1.594453,-0.000000,-1.273082,1.396462,-0.000000,2.877438
14.740000,0.581149,-0.333333,-2.824827,-1.560384,-0.000000,-1.213149,2.010464,-0.000000,3.115907
14.760000,0.550384,-0.333333,-2.848451,-1.514034,-0.000000,-1.148446,2.624466,-0.000000,3.354377
14.780000,0.520669,-0.333333,-2.870733,-1.455405,-0.000000,-1.078974,3.238467,-0.000000,3.592846
14.800000,0.492250,-0.333333,-2.891578,-1.384496,-0.000000,-1.004732,3.852469,-0.000000,3.831315
14.820000,0.465371,-0.333333,-2.910890,-1.301306,-0.000000,-0.925721,4.466471,-0.000000,4.069784
14.840000,0.440279,-0.333333,-2.928575,-1.205837,-0.000000,-0.841941,5.080473,0.000000,4.308254
14.860000,0.417220,-0.333333,-2.944536,-1.098087,-0.000000,-0.753391,5.694475,0.000000,4.546723
14.880000,0.396438,-0.333333,-2.958679,-0.978058,-0.000000,-0.660072,6.308477,0.000000,4.785192
14.900000,0.378179,-0.333333,-2.970907,-0.845748,-0.000000,-0.561983,6.922478,0.000000,5.023661
14.920000,0.362690,-0.333333,-2.981126,-0.701159,-0.000000,-0.459126,7.536480,0.000000,5.262131
14.940000,0.350215,-0.333333,-2.989240,-0.544289,-0.000000,-0.351498,8.150482,0.000000,5.500600
14.960000,0.341000,-0.333333,-2.995154,-0.375139,-0.000000,-0.239102,8.764484,0.000000,5.739069
14.980000,0.335291,-0.333333,-2.998773,-0.193710,-0.000000,-0.121935,9.378486,0.000000,5.977538
