0.000000,0.000000,0.000000,0.000000,0.000000,0.000000,0.000000,6.127405,1.377220,-6.395108
0.020000,0.001211,0.000272,-0.001264,0.120372,0.027055,-0.125631,5.909761,1.328302,-6.167955
0.040000,0.004786,0.001076,-0.004995,0.236390,0.053132,-0.246718,5.692117,1.279383,-5.940802
0.060000,0.010638,0.002391,-0.011102,0.348056,0.078231,-0.363263,5.474472,1.230464,-5.713649
0.080000,0.018679,0.004198,-0.019495,0.455369,0.102351,-0.475264,5.256828,1.181546,-5.486496
0.100000,0.028823,0.006478,-0.030083,0.558329,0.125492,-0.582723,5.039184,1.132627,-5.259343
0.120000,0.040983,0.009212,-0.042774,0.656937,0.147656,-0.685638,4.821539,1.083708,-5.032190
0.140000,0.055072,0.012378,-0.057478,0.751191,0.168841,-0.784010,4.603895,1.034790,-4.805037
0.160000,0.071002,0.015959,-0.074104,0.841092,0.189047,-0.877839,4.386251,0.985871,-4.577884
0.180000,0.088686,0.019934,-0.092561,0.926641,0.208276,-0.967125,4.168606,0.936953,-4.350731
0.200000,0.108038,0.024283,-0.112759,1.007837,0.226525,-1.051869,3.950962,0.888034,-4.123578
0.220000,0.128971,0.028988,-0.134606,1.084680,0.243797,-1.132069,3.733318,0.839115,-3.896425
0.240000,0.151397,0.034029,-0.158011,1.157169,0.260090,-1.207725,3.515673,0.790197,-3.669272
0.260000,0.175229,0.039385,-0.182884,1.225306,0.275405,-1.278839,3.298029,0.741278,-3.442119
0.280000,0.200380,0.045038,-0.209134,1.289091,0.289741,-1.345410,3.080385,0.692360,-3.214966
0.300000,0.226763,0.050968,-0.236670,1.348522,0.303099,-1.407438,2.862741,0.643441,-2.987813
0.320000,0.254292,0.057156,-0.265402,1.403600,0.315479,-1.464923,2.645096,0.594522,-2.760660
0.340000,0.282878,0.063581,-0.295237,1.454326,0.326880,-1.517864,2.427452,0.545604,-2.533507
0.360000,0.312436,0.070224,-0.326086,1.500698,0.337303,-1.566263,2.209808,0.496685,-2.306354
0.380000,0.342877,0.077066,-0.357857,1.542718,0.346747,-1.610119,1.992163,0.447766,-2.079201
0.400000,0.374115,0.084088,-0.390460,1.580385,0.355214,-1.649431,1.774519,0.398848,-1.852048
0.420000,0.406064,0.091268,-0.423804,1.613699,0.362701,-1.684200,1.556875,0.349929,-1.624895
0.440000,0.438634,0.098589,-0.457798,1.642660,0.369211,-1.714427,1.339230,0.301011,-1.397742
0.460000,0.471741,0.106030,-0.492351,1.667268,0.374742,-1.740110,1.121586,0.252092,-1.170589
0.480000,0.505296,0.113572,-0.527372,1.687523,0.379294,-1.761250,0.903942,0.203173,-0.943436
0.500000,0.539213,0.121196,-0.562771,1.703426,0.382869,-1.777848,0.686297,0.154255,-0.716283
0.520000,0.573404,0.128881,-0.598456,1.714975,0.385465,-1.789902,0.468653,0.105336,-0.489130
0.540000,0.607783,0.136608,-0.634337,1.722172,0.387082,-1.797413,0.251009,0.056418,-0.261977
0.560000,0.642262,0.144357,-0.670322,1.725016,0.387721,-1.800381,0.033364,0.007499,-0.034824
0.580000,0.676754,0.152110,-0.706321,1.723506,0.387382,-1.798806,-0.184280,-0.041420,0.192329
0.600000,0.711173,0.159846,-0.742244,1.717644,0.386065,-1.792688,-0.401924,-0.090338,0.419482
0.620000,0.745431,0.167546,-0.777999,1.707429,0.383769,-1.782026,-0.619569,-0.139257,0.646635
0.640000,0.779441,0.175190,-0.813495,1.692862,0.380494,-1.766822,-0.837213,-0.188176,0.873788
0.660000,0.813117,0.182759,-0.848641,1.673941,0.376242,-1.747075,-1.054857,-0.237094,1.100941
0.680000,0.846370,0.190233,-0.883347,1.650667,0.371011,-1.722784,-1.272501,-0.286013,1.328094
0.700000,0.879114,0.197593,-0.917522,1.623041,0.364801,-1.693951,-1.490146,-0.334931,1.555247
0.720000,0.911263,0.204819,-0.951075,1.591061,0.357613,-1.660575,-1.707790,-0.383850,1.782400
0.740000,0.942728,0.211891,-0.983915,1.554729,0.349447,-1.622655,-1.925434,-0.432769,2.009553
0.760000,0.973423,0.218790,-1.015951,1.514044,0.340303,-1.580192,-2.143079,-0.481687,2.236706
0.780000,1.003260,0.225497,-1.047092,1.469006,0.330180,-1.533187,-2.360723,-0.530606,2.463859
0.800000,1.032154,0.231991,-1.077248,1.419615,0.319078,-1.481638,-2.578367,-0.579525,2.691012
0.820000,1.060016,0.238253,-1.106328,1.365871,0.306999,-1.425546,-2.796012,-0.628443,2.918165
0.840000,1.086760,0.244264,-1.134240,1.307775,0.293941,-1.364911,-3.013656,-0.677362,3.145318
0.860000,1.112298,0.250005,-1.160894,1.245325,0.279904,-1.299734,-3.231300,-0.726280,3.372471
0.880000,1.136544,0.255454,-1.186199,1.178523,0.264889,-1.230013,-3.448945,-0.775199,3.599624
0.900000,1.159410,0.260594,-1.210064,1.107367,0.248896,-1.155749,-3.666589,-0.824118,3.826777
0.920000,1.180809,0.265403,-1.232399,1.031859,0.231925,-1.076941,-3.884233,-0.873036,4.053930
0.940000,1.200655,0.269864,-1.253111,0.951998,0.213975,-0.993591,-4.101878,-0.921955,4.281083
0.960000,1.218860,0.273956,-1.272112,0.867784,0.195046,-0.905698,-4.319522,-0.970873,4.508236
0.980000,1.235338,0.277659,-1.289309,0.779217,0.175140,-0.813262,-4.537166,-1.019792,4.735389
1.000000,1.250000,0.280955,-1.304612,0.686297,0.154255,-0.716283,-4.754811,-1.068711,4.962542
1.020000,1.262791,0.283830,-1.317962,0.593613,0.133423,-0.619549,-4.513656,-1.014508,4.710853
1.040000,1.273777,0.286299,-1.329428,0.505751,0.113674,-0.527848,-4.272501,-0.960305,4.459163
1.060000,1.283053,0.288384,-1.339110,0.422713,0.095010,-0.441182,-4.031347,-0.906102,4.207474
1.080000,1.290717,0.290107,-1.347108,0.344497,0.077430,-0.359549,-3.790192,-0.851899,3.955785
1.100000,1.296865,0.291489,-1.353525,0.271105,0.060934,-0.282951,-3.549038,-0.797696,3.704095
1.120000,1.301594,0.292551,-1.358460,0.202536,0.045523,-0.211386,-3.307883,-0.743493,3.452406
1.140000,1.304999,0.293317,-1.362014,0.138790,0.031195,-0.144854,-3.066729,-0.689290,3.200716
1.160000,1.307177,0.293806,-1.364288,0.079867,0.017951,-0.083357,-2.825574,-0.635087,2.949027
1.180000,1.308226,0.294042,-1.365382,0.025767,0.005791,-0.026893,-2.584420,-0.580884,2.697337
1.200000,1.308240,0.294045,-1.365397,-0.023510,-0.005284,0.024536,-2.343265,-0.526681,2.445648
1.220000,1.307317,0.293838,-1.364434,-0.067964,-0.015276,0.070933,-2.102111,-0.472478,2.193958
1.240000,1.305554,0.293441,-1.362593,-0.107595,-0.024183,0.112295,-1.860956,-0.418275,1.942269
1.260000,1.303046,0.292878,-1.359976,-0.142402,-0.032007,0.148623,-1.619802,-0.364072,1.690580
1.280000,1.299890,0.292168,-1.356682,-0.172387,-0.038746,0.179918,-1.378647,-0.309869,1.438890
1.300000,1.296183,0.291335,-1.352813,-0.197548,-0.044402,0.206179,-1.137493,-0.255666,1.187201
1.320000,1.292020,0.290400,-1.348468,-0.217886,-0.048973,0.227406,-0.896338,-0.201463,0.935511
1.340000,1.287499,0.289383,-1.343750,-0.233402,-0.052460,0.243599,-0.655183,-0.147260,0.683822
1.360000,1.282716,0.288308,-1.338758,-0.244094,-0.054863,0.254759,-0.414029,-0.093057,0.432132
1.380000,1.277768,0.287196,-1.333593,-0.249963,-0.056182,0.260885,-0.172874,-0.038854,0.180443
1.400000,1.272750,0.286068,-1.328356,-0.251009,-0.056418,0.261977,0.068280,0.015349,-0.071247
1.420000,1.267759,0.284947,-1.323148,-0.247232,-0.055568,0.258035,0.309435,0.069552,-0.322936
1.440000,1.262893,0.283853,-1.318068,-0.238631,-0.053635,0.249059,0.550589,0.123755,-0.574626
1.460000,1.258246,0.282808,-1.313219,-0.225208,-0.050618,0.235050,0.791744,0.177958,-0.826315
1.480000,1.253917,0.281835,-1.308700,-0.206962,-0.046517,0.216007,1.032898,0.232161,-1.078004
1.500000,1.250000,0.280955,-1.304612,-0.183892,-0.041332,0.191930,1.274053,0.286364,-1.329694
1.520000,1.246573,0.280185,-1.301035,-0.159057,-0.035750,0.166010,1.209435,0.271840,-1.262257
1.540000,1.243629,0.279523,-1.297963,-0.135515,-0.030458,0.141439,1.144817,0.257316,-1.194820
1.560000,1.241143,0.278964,-1.295368,-0.113265,-0.025457,0.118217,1.080198,0.242791,-1.127383
1.580000,1.239090,0.278503,-1.293225,-0.092307,-0.020747,0.096344,1.015580,0.228267,-1.059946
1.600000,1.237443,0.278133,-1.291506,-0.072641,-0.016326,0.075819,0.950962,0.213742,-0.992508
1.620000,1.236176,0.277848,-1.290183,-0.054268,-0.012197,0.056644,0.886344,0.199218,-0.925071
1.640000,1.235263,0.277643,-1.289231,-0.037188,-0.008358,0.038817,0.821726,0.184693,-0.857634
1.660000,1.234680,0.277512,-1.288622,-0.021399,-0.004809,0.022338,0.757108,0.170169,-0.790197
1.680000,1.234399,0.277448,-1.288328,-0.006903,-0.001551,0.007209,0.692490,0.155644,-0.722760
1.700000,1.234395,0.277448,-1.288324,0.006300,0.001417,-0.006572,0.627871,0.141120,-0.655323
1.720000,1.234642,0.277503,-1.288582,0.018212,0.004094,-0.019004,0.563253,0.126595,-0.587886
1.740000,1.235115,0.277609,-1.289075,0.028830,0.006480,-0.030088,0.498635,0.112071,-0.520449
1.760000,1.235787,0.277760,-1.289777,0.038157,0.008577,-0.039822,0.434017,0.097546,-0.453012
1.780000,1.236632,0.277951,-1.290659,0.046191,0.010382,-0.048208,0.369399,0.083022,-0.385575
1.800000,1.237626,0.278174,-1.291696,0.052933,0.011897,-0.055245,0.304781,0.068498,-0.318138
1.820000,1.238741,0.278424,-1.292860,0.058382,0.013122,-0.060934,0.240163,0.053973,-0.250701
1.840000,1.239952,0.278697,-1.294124,0.062539,0.014056,-0.065273,0.175544,0.039449,-0.183264
1.860000,1.241234,0.278985,-1.295462,0.065404,0.014700,-0.068264,0.110926,0.024924,-0.115826
1.880000,1.242560,0.279283,-1.296846,0.066977,0.015053,-0.069906,0.046308,0.010400,-0.048389
1.900000,1.243904,0.279585,-1.298249,0.067256,0.015116,-0.070200,-0.018310,-0.004125,0.019048
1.920000,1.245242,0.279886,-1.299645,0.066244,0.014888,-0.069144,-0.082928,-0.018649,0.086485
1.940000,1.246546,0.280179,-1.301006,0.063939,0.014370,-0.066740,-0.147546,-0.033174,0.153922
1.960000,1.247791,0.280458,-1.302306,0.060342,0.013561,-0.062987,-0.212164,-0.047698,0.221359
1.980000,1.248951,0.280719,-1.303517,0.055453,0.012462,-0.057886,-0.276782,-0.062223,0.288796
2.000000,1.250000,0.280955,-1.304612,0.049271,0.011073,-0.051436,-0.341401,-0.076747,0.356233
2.020000,1.250918,0.281161,-1.305571,0.042616,0.009577,-0.044492,-0.324083,-0.072852,0.338174
2.040000,1.251707,0.281339,-1.306394,0.036308,0.008158,-0.037909,-0.306765,-0.068957,0.320115
2.060000,1.252373,0.281488,-1.307090,0.030346,0.006818,-0.031687,-0.289447,-0.065063,0.302057
2.080000,1.252923,0.281612,-1.307664,0.024730,0.005556,-0.025826,-0.272129,-0.061168,0.283998
2.100000,1.253364,0.281711,-1.308125,0.019460,0.004372,-0.020327,-0.254811,-0.057273,0.265939
2.120000,1.253704,0.281787,-1.308480,0.014537,0.003265,-0.015189,-0.237493,-0.053378,0.247880
2.140000,1.253948,0.281842,-1.308735,0.009961,0.002236,-0.010412,-0.220175,-0.049483,0.229821
2.160000,1.254105,0.281877,-1.308898,0.005730,0.001286,-0.005996,-0.202857,-0.045588,0.211762
2.180000,1.254180,0.281894,-1.308977,0.001846,0.000413,-0.001941,-0.185539,-0.041694,0.193703
2.200000,1.254181,0.281894,-1.308978,-0.001691,-0.000382,0.001752,-0.168221,-0.037799,0.175644
2.220000,1.254114,0.281879,-1.308910,-0.004882,-0.001099,0.005084,-0.150903,-0.033904,0.157586
2.240000,1.253988,0.281851,-1.308778,-0.007727,-0.001738,0.008056,-0.133584,-0.030009,0.139527
2.260000,1.253808,0.281810,-1.308590,-0.010226,-0.002299,0.010665,-0.116266,-0.026114,0.121468
2.280000,1.253581,0.281759,-1.308353,-0.012378,-0.002783,0.012914,-0.098948,-0.022220,0.103409
2.300000,1.253315,0.281699,-1.308076,-0.014184,-0.003188,0.014802,-0.081630,-0.018325,0.085350
2.320000,1.253016,0.281632,-1.307764,-0.015643,-0.003516,0.016328,-0.064312,-0.014430,0.067291
2.340000,1.252691,0.281559,-1.307425,-0.016756,-0.003765,0.017493,-0.046994,-0.010535,0.049232
2.360000,1.252348,0.281482,-1.307066,-0.017523,-0.003937,0.018298,-0.029676,-0.006640,0.031173
2.380000,1.251993,0.281402,-1.306695,-0.017943,-0.004031,0.018740,-0.012358,-0.002745,0.013115
2.400000,1.251633,0.281321,-1.306319,-0.018017,-0.004047,0.018822,0.004960,0.001149,-0.004944
2.420000,1.251274,0.281241,-1.305945,-0.017745,-0.003985,0.018543,0.022278,0.005044,-0.023003
2.440000,1.250925,0.281163,-1.305580,-0.017126,-0.003845,0.017902,0.039596,0.008939,-0.041062
2.460000,1.250592,0.281088,-1.305231,-0.016161,-0.003627,0.016900,0.056914,0.012834,-0.059121
2.480000,1.250281,0.281018,-1.304906,-0.014850,-0.003332,0.015537,0.074232,0.016729,-0.077180
2.500000,1.250000,0.280955,-1.304612,-0.013192,-0.002958,0.013813,0.091550,0.020623,-0.095239
2.520000,1.249754,0.280900,-1.304355,-0.011407,-0.002556,0.011956,0.086896,0.019569,-0.090440
2.540000,1.249543,0.280853,-1.304133,-0.009716,-0.002176,0.010195,0.082242,0.018514,-0.085642
2.560000,1.249365,0.280813,-1.303946,-0.008118,-0.001816,0.008531,0.077588,0.017459,-0.080843
2.580000,1.249218,0.280780,-1.303791,-0.006612,-0.001477,0.006962,0.072934,0.016404,-0.076045
2.600000,1.249100,0.280753,-1.303667,-0.005200,-0.001160,0.005489,0.068280,0.015349,-0.071247
2.620000,1.249009,0.280733,-1.303571,-0.003881,-0.000863,0.004112,0.063626,0.014295,-0.066448
2.640000,1.248944,0.280719,-1.303502,-0.002655,-0.000588,0.002831,0.058972,0.013240,-0.061650
2.660000,1.248902,0.280710,-1.303457,-0.001522,-0.000334,0.001646,0.054318,0.012185,-0.056851
2.680000,1.248882,0.280705,-1.303435,-0.000483,-0.000101,0.000557,0.049665,0.011130,-0.052053
2.700000,1.248882,0.280705,-1.303434,0.000464,0.000112,-0.000436,0.045011,0.010075,-0.047255
2.720000,1.248900,0.280710,-1.303452,0.001318,0.000303,-0.001333,0.040357,0.009020,-0.042456
2.740000,1.248934,0.280717,-1.303487,0.002079,0.000472,-0.002135,0.035703,0.007966,-0.037658
2.760000,1.248983,0.280728,-1.303537,0.002746,0.000621,-0.002840,0.031049,0.006911,-0.032859
2.780000,1.249044,0.280742,-1.303600,0.003320,0.000749,-0.003449,0.026395,0.005856,-0.028061
2.800000,1.249115,0.280758,-1.303674,0.003802,0.000855,-0.003962,0.021741,0.004801,-0.023263
2.820000,1.249195,0.280776,-1.303758,0.004190,0.000941,-0.004379,0.017087,0.003746,-0.018464
2.840000,1.249282,0.280796,-1.303849,0.004485,0.001005,-0.004701,0.012433,0.002692,-0.013666
2.860000,1.249374,0.280816,-1.303945,0.004687,0.001049,-0.004926,0.007779,0.001637,-0.008867
2.880000,1.249469,0.280837,-1.304045,0.004796,0.001071,-0.005055,0.003126,0.000582,-0.004069
2.900000,1.249565,0.280859,-1.304147,0.004812,0.001072,-0.005089,-0.001528,-0.000473,0.000729
2.920000,1.249661,0.280880,-1.304248,0.004735,0.001052,-0.005026,-0.006182,-0.001528,0.005528
2.940000,1.249754,0.280901,-1.304347,0.004565,0.001011,-0.004868,-0.010836,-0.002582,0.010326
2.960000,1.249843,0.280920,-1.304442,0.004302,0.000948,-0.004613,-0.015490,-0.003637,0.015125
2.980000,1.249925,0.280939,-1.304531,0.003946,0.000865,-0.004263,-0.020144,-0.004692,0.019923
3.000000,1.250000,0.280955,-1.304612,0.003496,0.000761,-0.003816,-0.024798,-0.005747,0.024722
3.020000,1.250065,0.280969,-1.304684,0.003013,0.000649,-0.003333,-0.023500,-0.005422,0.023587
3.040000,1.250121,0.280981,-1.304746,0.002556,0.000544,-0.002873,-0.022203,-0.005098,0.022452
3.060000,1.250167,0.280991,-1.304799,0.002125,0.000445,-0.002435,-0.020905,-0.004774,0.021317
3.080000,1.250206,0.280999,-1.304843,0.001720,0.000353,-0.002020,-0.019608,-0.004449,0.020182
3.100000,1.250236,0.281005,-1.304880,0.001341,0.000267,-0.001628,-0.018310,-0.004125,0.019048
3.120000,1.250260,0.281010,-1.304908,0.000988,0.000188,-0.001258,-0.017012,-0.003800,0.017913
3.140000,1.250276,0.281013,-1.304930,0.000660,0.000115,-0.000911,-0.015715,-0.003476,0.016778
3.160000,1.250286,0.281014,-1.304945,0.000359,0.000049,-0.000587,-0.014417,-0.003151,0.015643
3.180000,1.250291,0.281015,-1.304954,0.000084,-0.000011,-0.000286,-0.013120,-0.002827,0.014509
3.200000,1.250290,0.281014,-1.304957,-0.000166,-0.000064,-0.000007,-0.011822,-0.002502,0.013374
3.220000,1.250284,0.281012,-1.304954,-0.000389,-0.000111,0.000249,-0.010524,-0.002178,0.012239
3.240000,1.250274,0.281009,-1.304947,-0.000587,-0.000151,0.000483,-0.009227,-0.001854,0.011104
3.260000,1.250261,0.281006,-1.304935,-0.000758,-0.000185,0.000694,-0.007929,-0.001529,0.009970
3.280000,1.250244,0.281002,-1.304919,-0.000904,-0.000212,0.000882,-0.006632,-0.001205,0.008835
3.300000,1.250225,0.280998,-1.304900,-0.001024,-0.000233,0.001047,-0.005334,-0.000880,0.007700
3.320000,1.250203,0.280993,-1.304877,-0.001117,-0.000248,0.001190,-0.004036,-0.000556,0.006565
3.340000,1.250180,0.280988,-1.304852,-0.001185,-0.000256,0.001310,-0.002739,-0.000231,0.005431
3.360000,1.250156,0.280983,-1.304825,-0.001227,-0.000257,0.001407,-0.001441,0.000093,0.004296
3.380000,1.250131,0.280977,-1.304796,-0.001243,-0.000252,0.001481,-0.000144,0.000418,0.003161
3.400000,1.250107,0.280973,-1.304766,-0.001233,-0.000240,0.001533,0.001154,0.000742,0.002026
3.420000,1.250082,0.280968,-1.304735,-0.001197,-0.000222,0.001562,0.002451,0.001066,0.000892
3.440000,1.250059,0.280964,-1.304704,-0.001135,-0.000198,0.001569,0.003749,0.001391,-0.000243
3.460000,1.250037,0.280960,-1.304673,-0.001047,-0.000166,0.001553,0.005047,0.001715,-0.001378
3.480000,1.250017,0.280957,-1.304642,-0.000933,-0.000129,0.001514,0.006344,0.002040,-0.002513
3.500000,1.250000,0.280955,-1.304612,-0.000793,-0.000085,0.001452,0.007642,0.002364,-0.003647
3.520000,1.249986,0.280954,-1.304584,-0.000645,-0.000040,0.001377,0.007105,0.002121,-0.003907
3.540000,1.249974,0.280953,-1.304557,-0.000509,-0.000000,0.001296,0.006569,0.001878,-0.004166
3.560000,1.249965,0.280954,-1.304532,-0.000383,0.000035,0.001210,0.006032,0.001635,-0.004426
3.580000,1.249959,0.280955,-1.304509,-0.000267,0.000065,0.001119,0.005496,0.001392,-0.004685
3.600000,1.249954,0.280956,-1.304487,-0.000163,0.000091,0.001023,0.004960,0.001149,-0.004944
3.620000,1.249952,0.280958,-1.304468,-0.000069,0.000111,0.000921,0.004423,0.000906,-0.005204
3.640000,1.249952,0.280961,-1.304450,0.000014,0.000127,0.000814,0.003887,0.000663,-0.005463
3.660000,1.249953,0.280963,-1.304435,0.000087,0.000138,0.000703,0.003350,0.000420,-0.005722
3.680000,1.249955,0.280966,-1.304422,0.000148,0.000144,0.000586,0.002814,0.000177,-0.005982
3.700000,1.249959,0.280969,-1.304412,0.000199,0.000145,0.000463,0.002277,-0.000065,-0.006241
3.720000,1.249963,0.280972,-1.304404,0.000239,0.000141,0.000336,0.001741,-0.000308,-0.006500
3.740000,1.249968,0.280975,-1.304399,0.000269,0.000133,0.000203,0.001204,-0.000551,-0.006760
3.760000,1.249974,0.280977,-1.304396,0.000287,0.000119,0.000066,0.000668,-0.000794,-0.007019
3.780000,1.249979,0.280979,-1.304396,0.000295,0.000101,-0.000077,0.000132,-0.001037,-0.007279
3.800000,1.249985,0.280981,-1.304399,0.000293,0.000078,-0.000226,-0.000405,-0.001280,-0.007538
3.820000,1.249991,0.280982,-1.304405,0.000279,0.000050,-0.000379,-0.000941,-0.001523,-0.007797
3.840000,1.249996,0.280983,-1.304414,0.000255,0.000017,-0.000537,-0.001478,-0.001766,-0.008057
3.860000,1.250001,0.280983,-1.304427,0.000220,-0.000021,-0.000701,-0.002014,-0.002009,-0.008316
3.880000,1.250005,0.280982,-1.304442,0.000174,-0.000064,-0.000870,-0.002551,-0.002252,-0.008575
3.900000,1.250008,0.280981,-1.304461,0.000118,-0.000111,-0.001044,-0.003087,-0.002495,-0.008835
3.920000,1.250010,0.280978,-1.304484,0.000051,-0.000163,-0.001224,-0.003623,-0.002738,-0.009094
3.940000,1.250010,0.280974,-1.304510,-0.000027,-0.000221,-0.001408,-0.004160,-0.002981,-0.009353
3.960000,1.250009,0.280969,-1.304540,-0.000115,-0.000283,-0.001598,-0.004696,-0.003224,-0.009613
3.980000,1.250005,0.280963,-1.304574,-0.000215,-0.000350,-0.001793,-0.005233,-0.003467,-0.009872
4.000000,1.250000,0.280955,-1.304612,-0.000325,-0.000421,-0.001993,-0.005769,-0.003710,-0.010132
4.020000,1.249992,0.280946,-1.304654,-0.000432,-0.000489,-0.002173,-0.004921,-0.003063,-0.007959
4.040000,1.249983,0.280935,-1.304699,-0.000522,-0.000544,-0.002311,-0.004073,-0.002415,-0.005787
4.060000,1.249972,0.280924,-1.304746,-0.000595,-0.000586,-0.002405,-0.003225,-0.001768,-0.003615
4.080000,1.249959,0.280912,-1.304795,-0.000651,-0.000615,-0.002456,-0.002377,-0.001120,-0.001443
4.100000,1.249946,0.280900,-1.304844,-0.000690,-0.000630,-0.002463,-0.001528,-0.000473,0.000729
4.120000,1.249932,0.280887,-1.304893,-0.000712,-0.000633,-0.002426,-0.000680,0.000175,0.002902
4.140000,1.249917,0.280874,-1.304941,-0.000717,-0.000623,-0.002347,0.000168,0.000822,0.005074
4.160000,1.249903,0.280862,-1.304986,-0.000705,-0.000601,-0.002223,0.001016,0.001469,0.007246
4.180000,1.249889,0.280850,-1.305029,-0.000676,-0.000565,-0.002057,0.001864,0.002117,0.009418
4.200000,1.249876,0.280840,-1.305068,-0.000630,-0.000516,-0.001847,0.002712,0.002764,0.011591
4.220000,1.249864,0.280830,-1.305103,-0.000568,-0.000454,-0.001593,0.003561,0.003412,0.013763
4.240000,1.249854,0.280822,-1.305132,-0.000488,-0.000379,-0.001296,0.004409,0.004059,0.015935
4.260000,1.249845,0.280815,-1.305154,-0.000391,-0.000292,-0.000956,0.005257,0.004707,0.018107
4.280000,1.249838,0.280810,-1.305170,-0.000278,-0.000191,-0.000572,0.006105,0.005354,0.020279
4.300000,1.249834,0.280807,-1.305177,-0.000147,-0.000078,-0.000145,0.006953,0.006002,0.022452
4.320000,1.249832,0.280807,-1.305175,0.000000,0.000049,0.000326,0.007802,0.006649,0.024624
4.340000,1.249834,0.280809,-1.305164,0.000165,0.000188,0.000840,0.008650,0.007296,0.026796
4.360000,1.249839,0.280815,-1.305141,0.000346,0.000341,0.001398,0.009498,0.007944,0.028968
4.380000,1.249848,0.280823,-1.305107,0.000545,0.000506,0.001999,0.010346,0.008591,0.031141
4.400000,1.249861,0.280835,-1.305061,0.000760,0.000684,0.002644,0.011194,0.009239,0.033313
4.420000,1.249878,0.280850,-1.305001,0.000993,0.000876,0.003332,0.012042,0.009886,0.035485
4.440000,1.249901,0.280870,-1.304928,0.001242,0.001080,0.004063,0.012891,0.010534,0.037657
4.460000,1.249928,0.280894,-1.304839,0.001508,0.001297,0.004838,0.013739,0.011181,0.039829
4.480000,1.249961,0.280922,-1.304734,0.001792,0.001527,0.005656,0.014587,0.011829,0.042002
4.500000,1.250000,0.280955,-1.304612,0.002092,0.001770,0.006518,0.015435,0.012476,0.044174
4.520000,1.250045,0.280993,-1.304473,0.002372,0.001996,0.007317,0.012579,0.010129,0.035744
4.540000,1.250094,0.281034,-1.304321,0.002595,0.002175,0.007948,0.009723,0.007782,0.027315
4.560000,1.250148,0.281079,-1.304157,0.002761,0.002308,0.008410,0.006866,0.005436,0.018885
4.580000,1.250205,0.281126,-1.303985,0.002870,0.002393,0.008703,0.004010,0.003089,0.010456
4.600000,1.250263,0.281175,-1.303810,0.002921,0.002431,0.008828,0.001154,0.000742,0.002026
4.620000,1.250321,0.281223,-1.303633,0.002916,0.002422,0.008784,-0.001702,-0.001605,-0.006403
4.640000,1.250379,0.281271,-1.303459,0.002853,0.002367,0.008572,-0.004559,-0.003952,-0.014833
4.660000,1.250435,0.281318,-1.303292,0.002733,0.002264,0.008191,-0.007415,-0.006298,-0.023262
4.680000,1.250488,0.281362,-1.303133,0.002556,0.002115,0.007641,-0.010271,-0.008645,-0.031692
4.700000,1.250537,0.281402,-1.302987,0.002323,0.001919,0.006923,-0.013127,-0.010992,-0.040121
4.720000,1.250580,0.281438,-1.302857,0.002031,0.001675,0.006037,-0.015984,-0.013339,-0.048551
4.740000,1.250618,0.281469,-1.302747,0.001683,0.001385,0.004981,-0.018840,-0.015686,-0.056980
4.760000,1.250647,0.281493,-1.302659,0.001278,0.001048,0.003757,-0.021696,-0.018032,-0.065410
4.780000,1.250668,0.281510,-1.302597,0.000815,0.000664,0.002365,-0.024552,-0.020379,-0.073839
4.800000,1.250679,0.281519,-1.302566,0.000296,0.000233,0.000804,-0.027409,-0.022726,-0.082269
4.820000,1.250680,0.281519,-1.302566,-0.000281,-0.000245,-0.000926,-0.030265,-0.025073,-0.090698
4.840000,1.250668,0.281509,-1.302604,-0.000915,-0.000770,-0.002824,-0.033121,-0.027420,-0.099128
4.860000,1.250643,0.281488,-1.302681,-0.001606,-0.001342,-0.004891,-0.035977,-0.029766,-0.107557
4.880000,1.250603,0.281455,-1.302800,-0.002354,-0.001961,-0.007126,-0.038834,-0.032113,-0.115987
4.900000,1.250548,0.281409,-1.302967,-0.003159,-0.002627,-0.009530,-0.041690,-0.034460,-0.124416
4.920000,1.250476,0.281350,-1.303183,-0.004022,-0.003339,-0.012103,-0.044546,-0.036807,-0.132846
4.940000,1.250387,0.281276,-1.303452,-0.004941,-0.004099,-0.014844,-0.047402,-0.039154,-0.141275
4.960000,1.250278,0.281186,-1.303778,-0.005918,-0.004905,-0.017754,-0.050259,-0.041500,-0.149705
4.980000,1.250150,0.281079,-1.304163,-0.006951,-0.005759,-0.020832,-0.053115,-0.043847,-0.158134
5.000000,1.250000,0.280955,-1.304612,-0.008042,-0.006659,-0.024079,-0.055971,-0.046194,-0.166564
5.020000,1.249829,0.280813,-1.305125,-0.009056,-0.007496,-0.027095,-0.045394,-0.037454,-0.135018
5.040000,1.249639,0.280656,-1.305692,-0.009858,-0.008157,-0.029480,-0.034817,-0.028714,-0.103472
5.060000,1.249436,0.280488,-1.306300,-0.010449,-0.008644,-0.031234,-0.024241,-0.019975,-0.071926
5.080000,1.249223,0.280312,-1.306937,-0.010828,-0.008956,-0.032357,-0.013664,-0.011235,-0.040381
5.100000,1.249004,0.280131,-1.307590,-0.010995,-0.009094,-0.032849,-0.003087,-0.002495,-0.008835
5.120000,1.248784,0.279949,-1.308247,-0.010951,-0.009056,-0.032711,0.007490,0.006245,0.022711
5.140000,1.248567,0.279770,-1.308894,-0.010696,-0.008844,-0.031941,0.018067,0.014984,0.054257
5.160000,1.248358,0.279596,-1.309520,-0.010228,-0.008457,-0.030540,0.028643,0.023724,0.085803
5.180000,1.248160,0.279433,-1.310112,-0.009550,-0.007895,-0.028509,0.039220,0.032464,0.117348
5.200000,1.247977,0.279282,-1.310656,-0.008660,-0.007158,-0.025846,0.049797,0.041204,0.148894
5.220000,1.247815,0.279148,-1.311141,-0.007558,-0.006247,-0.022553,0.060374,0.049943,0.180440
5.240000,1.247676,0.279033,-1.311554,-0.006245,-0.005161,-0.018629,0.070951,0.058683,0.211986
5.260000,1.247566,0.278942,-1.311882,-0.004720,-0.003900,-0.014074,0.081527,0.067423,0.243532
5.280000,1.247489,0.278878,-1.312113,-0.002984,-0.002464,-0.008888,0.092104,0.076162,0.275077
5.300000,1.247448,0.278845,-1.312234,-0.001036,-0.000853,-0.003071,0.102681,0.084902,0.306623
5.320000,1.247449,0.278845,-1.312231,0.001124,0.000932,0.003377,0.113258,0.093642,0.338169
5.340000,1.247495,0.278883,-1.312094,0.003495,0.002893,0.010456,0.123835,0.102382,0.369715
5.360000,1.247590,0.278962,-1.311809,0.006077,0.005028,0.018166,0.134411,0.111121,0.401261
5.380000,1.247739,0.279086,-1.311363,0.008871,0.007337,0.026507,0.144988,0.119861,0.432806
5.400000,1.247946,0.279257,-1.310745,0.011877,0.009822,0.035478,0.155565,0.128601,0.464352
5.420000,1.248216,0.279480,-1.309940,0.015094,0.012481,0.045081,0.166142,0.137341,0.495898
5.440000,1.248552,0.279757,-1.308937,0.018522,0.015316,0.055314,0.176719,0.146080,0.527444
5.460000,1.248958,0.280093,-1.307723,0.022162,0.018325,0.066178,0.187295,0.154820,0.558990
5.480000,1.249439,0.280491,-1.306286,0.026014,0.021509,0.077674,0.197872,0.163560,0.590535
5.500000,1.250000,0.280955,-1.304612,0.030077,0.024867,0.089800,0.208449,0.172300,0.622081
5.520000,1.250641,0.281485,-1.302700,0.033852,0.027987,0.101064,0.168998,0.139687,0.504328
5.540000,1.251349,0.282070,-1.300585,0.036837,0.030455,0.109973,0.129547,0.107075,0.386574
5.560000,1.252109,0.282698,-1.298316,0.039034,0.032270,0.116527,0.090096,0.074463,0.268820
5.580000,1.252905,0.283357,-1.295940,0.040441,0.033433,0.120726,0.050645,0.041851,0.151066
5.600000,1.253721,0.284031,-1.293503,0.041059,0.033944,0.122570,0.011194,0.009239,0.033313
5.620000,1.254542,0.284710,-1.291053,0.040889,0.033803,0.122058,-0.028257,-0.023373,-0.084441
5.640000,1.255352,0.285379,-1.288636,0.039929,0.033009,0.119192,-0.067708,-0.055986,-0.202195
5.660000,1.256134,0.286026,-1.286301,0.038180,0.031563,0.113971,-0.107159,-0.088598,-0.319948
5.680000,1.256873,0.286637,-1.284093,0.035643,0.029465,0.106394,-0.146610,-0.121210,-0.437702
5.700000,1.257554,0.287200,-1.282061,0.032316,0.026715,0.096462,-0.186061,-0.153822,-0.555456
5.720000,1.258161,0.287702,-1.280250,0.028200,0.023312,0.084176,-0.225512,-0.186434,-0.673209
5.740000,1.258677,0.288128,-1.278709,0.023296,0.019257,0.069534,-0.264963,-0.219046,-0.790963
5.760000,1.259087,0.288468,-1.277485,0.017602,0.014550,0.052537,-0.304414,-0.251659,-0.908717
5.780000,1.259376,0.288706,-1.276624,0.011119,0.009191,0.033185,-0.343864,-0.284271,-1.026471
5.800000,1.259527,0.288831,-1.276173,0.003847,0.003180,0.011478,-0.383315,-0.316883,-1.144224
5.820000,1.259525,0.288829,-1.276180,-0.004214,-0.003484,-0.012584,-0.422766,-0.349495,-1.261978
5.840000,1.259353,0.288687,-1.276692,-0.013063,-0.010800,-0.039001,-0.462217,-0.382107,-1.379732
5.860000,1.258997,0.288393,-1.277756,-0.022702,-0.018768,-0.067773,-0.501668,-0.414719,-1.497485
5.880000,1.258440,0.287932,-1.279419,-0.033130,-0.027389,-0.098900,-0.541119,-0.447332,-1.615239
5.900000,1.257666,0.287293,-1.281728,-0.044347,-0.036662,-0.132382,-0.580570,-0.479944,-1.732993
5.920000,1.256661,0.286461,-1.284730,-0.056353,-0.046587,-0.168220,-0.620021,-0.512556,-1.850746
5.940000,1.255407,0.285425,-1.288472,-0.069148,-0.057164,-0.206412,-0.659472,-0.545168,-1.968500
5.960000,1.253889,0.284170,-1.293002,-0.082732,-0.068393,-0.246960,-0.698923,-0.577780,-2.086254
5.980000,1.252092,0.282685,-1.298366,-0.097105,-0.080275,-0.289862,-0.738374,-0.610392,-2.204008
6.000000,1.250000,0.280955,-1.304612,-0.112267,-0.092809,-0.335120,-0.777825,-0.643005,-2.321761
6.020000,1.247599,0.278971,-1.311775,-0.127794,-0.105541,-0.381013,-0.774872,-0.630144,-2.267486
6.040000,1.244889,0.276735,-1.319845,-0.143262,-0.118015,-0.425820,-0.771920,-0.617284,-2.213210
6.060000,1.241869,0.274252,-1.328801,-0.158671,-0.130232,-0.469541,-0.768967,-0.604424,-2.158934
6.080000,1.238542,0.271527,-1.338620,-0.174020,-0.142192,-0.512177,-0.766014,-0.591564,-2.104659
6.100000,1.234909,0.268566,-1.349281,-0.189311,-0.153895,-0.553727,-0.763061,-0.578704,-2.050383
6.120000,1.230970,0.265373,-1.360762,-0.204543,-0.165340,-0.594192,-0.760109,-0.565844,-1.996108
6.140000,1.226727,0.261954,-1.373041,-0.219715,-0.176528,-0.633572,-0.757156,-0.552984,-1.941832
6.160000,1.222182,0.258314,-1.386097,-0.234829,-0.187459,-0.671866,-0.754203,-0.540124,-1.887556
6.180000,1.217335,0.254458,-1.399908,-0.249884,-0.198133,-0.709074,-0.751250,-0.527264,-1.833281
6.200000,1.212187,0.250390,-1.414453,-0.264879,-0.208550,-0.745197,-0.748298,-0.514404,-1.779005
6.220000,1.206740,0.246117,-1.429709,-0.279815,-0.218709,-0.780234,-0.745345,-0.501544,-1.724729
6.240000,1.200995,0.241644,-1.445655,-0.294693,-0.228612,-0.814186,-0.742392,-0.488684,-1.670454
6.260000,1.194953,0.236975,-1.462269,-0.309511,-0.238257,-0.847052,-0.739439,-0.475823,-1.616178
6.280000,1.188615,0.232115,-1.479530,-0.324270,-0.247645,-0.878833,-0.736487,-0.462963,-1.561903
6.300000,1.181982,0.227071,-1.497415,-0.338971,-0.256775,-0.909528,-0.733534,-0.450103,-1.507627
6.320000,1.175056,0.221846,-1.515904,-0.353612,-0.265649,-0.939138,-0.730581,-0.437243,-1.453351
6.340000,1.167838,0.216446,-1.534974,-0.368194,-0.274265,-0.967662,-0.727628,-0.424383,-1.399076
6.360000,1.160329,0.210877,-1.554603,-0.382717,-0.282624,-0.995101,-0.724676,-0.411523,-1.344800
6.380000,1.152530,0.205143,-1.574770,-0.397181,-0.290726,-1.021454,-0.721723,-0.398663,-1.290524
6.400000,1.144442,0.199250,-1.595454,-0.411586,-0.298571,-1.046722,-0.718770,-0.385803,-1.236249
6.420000,1.136067,0.193202,-1.616632,-0.425932,-0.306158,-1.070904,-0.715817,-0.372943,-1.181973
6.440000,1.127405,0.187005,-1.638283,-0.440218,-0.313488,-1.094001,-0.712864,-0.360083,-1.127698
6.460000,1.118458,0.180664,-1.660385,-0.454446,-0.320561,-1.116012,-0.709912,-0.347223,-1.073422
6.480000,1.109228,0.174184,-1.682916,-0.468615,-0.327377,-1.136938,-0.706959,-0.334362,-1.019146
6.500000,1.099714,0.167571,-1.705855,-0.482725,-0.333936,-1.156778,-0.704006,-0.321502,-0.964871
6.520000,1.089919,0.160829,-1.729180,-0.496775,-0.340237,-1.175533,-0.701053,-0.308642,-0.910595
6.540000,1.079844,0.153963,-1.752869,-0.510767,-0.346282,-1.193202,-0.698101,-0.295782,-0.856319
6.560000,1.069489,0.146979,-1.776901,-0.524699,-0.352069,-1.209786,-0.695148,-0.282922,-0.802044
6.580000,1.058856,0.139882,-1.801253,-0.538573,-0.357598,-1.225284,-0.692195,-0.270062,-0.747768
6.600000,1.047946,0.132677,-1.825905,-0.552387,-0.362871,-1.239696,-0.689242,-0.257202,-0.693493
6.620000,1.036761,0.125369,-1.850834,-0.566142,-0.367887,-1.253023,-0.686290,-0.244342,-0.639217
6.640000,1.025301,0.117963,-1.876019,-0.579839,-0.372645,-1.265265,-0.683337,-0.231482,-0.584941
6.660000,1.013568,0.110465,-1.901437,-0.593476,-0.377146,-1.276421,-0.680384,-0.218622,-0.530666
6.680000,1.001562,0.102879,-1.927068,-0.607054,-0.381390,-1.286492,-0.677431,-0.205762,-0.476390
6.700000,0.989286,0.095211,-1.952890,-0.620573,-0.385376,-1.295477,-0.674479,-0.192902,-0.422114
6.720000,0.976740,0.087466,-1.978880,-0.634033,-0.389106,-1.303376,-0.671526,-0.180041,-0.367839
6.740000,0.963925,0.079648,-2.005018,-0.647434,-0.392578,-1.310190,-0.668573,-0.167181,-0.313563
6.760000,0.950843,0.071764,-2.031281,-0.660776,-0.395793,-1.315919,-0.665620,-0.154321,-0.259288
6.780000,0.937494,0.063818,-2.057647,-0.674059,-0.398751,-1.320562,-0.662668,-0.141461,-0.205012
6.800000,0.923881,0.055816,-2.084096,-0.687283,-0.401451,-1.324119,-0.659715,-0.128601,-0.150736
6.820000,0.910004,0.047762,-2.110605,-0.700448,-0.403895,-1.326591,-0.656762,-0.115741,-0.096461
6.840000,0.895863,0.039662,-2.137152,-0.713553,-0.406081,-1.327978,-0.653809,-0.102881,-0.042185
6.860000,0.881462,0.031520,-2.163717,-0.726600,-0.408010,-1.328279,-0.650857,-0.090021,0.012091
6.880000,0.866800,0.023343,-2.190276,-0.739588,-0.409682,-1.327494,-0.647904,-0.077161,0.066366
6.900000,0.851879,0.015135,-2.216809,-0.752516,-0.411096,-1.325624,-0.644951,-0.064301,0.120642
6.920000,0.836700,0.006901,-2.243294,-0.765386,-0.412254,-1.322668,-0.641998,-0.051441,0.174917
6.940000,0.821264,-0.001354,-2.269709,-0.778196,-0.413154,-1.318627,-0.639046,-0.038581,0.229193
6.960000,0.805572,-0.009623,-2.296032,-0.790947,-0.413797,-1.313501,-0.636093,-0.025720,0.283469
6.980000,0.789626,-0.017904,-2.322241,-0.803640,-0.414183,-1.307288,-0.633140,-0.012860,0.337744
7.000000,0.773427,-0.026189,-2.348316,-0.816273,-0.414312,-1.299991,-0.630187,-0.000000,0.392020
7.020000,0.756976,-0.034474,-2.374234,-0.828847,-0.414183,-1.291608,-0.627235,0.012860,0.446296
7.040000,0.740273,-0.042755,-2.399973,-0.841362,-0.413797,-1.282139,-0.624282,0.025720,0.500571
7.060000,0.723322,-0.051025,-2.425512,-0.853818,-0.413154,-1.271585,-0.621329,0.038580,0.554847
7.080000,0.706121,-0.059279,-2.450829,-0.866216,-0.412254,-1.259945,-0.618376,0.051440,0.609122
7.100000,0.688673,-0.067513,-2.475903,-0.878554,-0.411097,-1.247220,-0.615424,0.064300,0.663398
7.120000,0.670979,-0.075721,-2.500711,-0.890832,-0.409682,-1.233409,-0.612471,0.077160,0.717674
7.140000,0.653040,-0.083899,-2.525232,-0.903052,-0.408010,-1.218513,-0.609518,0.090020,0.771949
7.160000,0.634858,-0.092040,-2.549444,-0.915213,-0.406081,-1.202531,-0.606565,0.102880,0.826225
7.180000,0.616432,-0.100140,-2.573326,-0.927315,-0.403895,-1.185464,-0.603612,0.115741,0.880501
7.200000,0.597765,-0.108194,-2.596855,-0.939358,-0.401451,-1.167311,-0.600660,0.128601,0.934776
7.220000,0.578858,-0.116196,-2.620011,-0.951341,-0.398751,-1.148073,-0.597707,0.141461,0.989052
7.240000,0.559712,-0.124142,-2.642771,-0.963266,-0.395793,-1.127749,-0.594754,0.154321,1.043327
7.260000,0.540328,-0.132026,-2.665114,-0.975132,-0.392578,-1.106340,-0.591801,0.167181,1.097603
7.280000,0.520707,-0.139844,-2.687017,-0.986938,-0.389106,-1.083845,-0.588849,0.180041,1.151879
7.300000,0.500851,-0.147589,-2.708460,-0.998685,-0.385376,-1.060265,-0.585896,0.192901,1.206154
7.320000,0.480760,-0.155257,-2.729421,-1.010374,-0.381390,-1.035599,-0.582943,0.205761,1.260430
7.340000,0.460436,-0.162843,-2.749877,-1.022003,-0.377146,-1.009847,-0.579990,0.218621,1.314705
7.360000,0.439881,-0.170341,-2.769807,-1.033573,-0.372645,-0.983011,-0.577038,0.231481,1.368981
7.380000,0.419094,-0.177747,-2.789190,-1.045085,-0.367887,-0.955088,-0.574085,0.244341,1.423257
7.400000,0.398078,-0.185055,-2.808004,-1.056537,-0.362871,-0.926080,-0.571132,0.257201,1.477532
7.420000,0.376833,-0.192260,-2.826226,-1.067930,-0.357599,-0.895987,-0.568179,0.270062,1.531808
7.440000,0.355361,-0.199357,-2.843836,-1.079264,-0.352069,-0.864808,-0.565227,0.282922,1.586084
7.460000,0.333663,-0.206341,-2.860811,-1.090539,-0.346282,-0.832544,-0.562274,0.295782,1.640359
7.480000,0.311740,-0.213207,-2.877130,-1.101755,-0.340238,-0.799194,-0.559321,0.308642,1.694635
7.500000,0.289593,-0.219949,-2.892772,-1.112912,-0.333936,-0.764758,-0.556368,0.321502,1.748910
7.520000,0.267224,-0.226562,-2.907714,-1.124010,-0.327377,-0.729237,-0.553416,0.334362,1.803186
7.540000,0.244633,-0.233042,-2.921934,-1.135049,-0.320562,-0.692631,-0.550463,0.347222,1.857462
7.560000,0.221822,-0.239383,-2.935412,-1.146028,-0.313489,-0.654939,-0.547510,0.360082,1.911737
7.580000,0.198792,-0.245580,-2.948124,-1.156949,-0.306158,-0.616161,-0.544557,0.372942,1.966013
7.600000,0.175544,-0.251628,-2.960051,-1.167811,-0.298571,-0.576298,-0.541605,0.385802,2.020289
7.620000,0.152080,-0.257521,-2.971169,-1.178613,-0.290726,-0.535350,-0.538652,0.398662,2.074564
7.640000,0.128400,-0.263255,-2.981458,-1.189357,-0.282624,-0.493316,-0.535699,0.411522,2.128840
7.660000,0.104506,-0.268825,-2.990894,-1.200041,-0.274265,-0.450196,-0.532746,0.424383,2.183115
7.680000,0.080399,-0.274224,-2.999458,-1.210666,-0.265649,-0.405991,-0.529794,0.437243,2.237391
7.700000,0.056080,-0.279449,-3.007127,-1.221233,-0.256776,-0.360700,-0.526841,0.450103,2.291667
7.720000,0.031550,-0.284493,-3.013879,-1.231740,-0.247645,-0.314324,-0.523888,0.462963,2.345942
7.740000,0.006811,-0.289353,-3.019693,-1.242188,-0.238257,-0.266863,-0.520935,0.475823,2.400218
7.760000,-0.018137,-0.294022,-3.024546,-1.252578,-0.228612,-0.218316,-0.517983,0.488683,2.454494
7.780000,-0.043292,-0.298496,-3.028418,-1.262908,-0.218710,-0.168683,-0.515030,0.501543,2.508769
7.800000,-0.068653,-0.302769,-3.031286,-1.273179,-0.208550,-0.117965,-0.512077,0.514403,2.563045
7.820000,-0.094219,-0.306836,-3.033129,-1.283391,-0.198134,-0.066161,-0.509124,0.527263,2.617320
7.840000,-0.119988,-0.310692,-3.033926,-1.293544,-0.187460,-0.013272,-0.506172,0.540123,2.671596
7.860000,-0.145960,-0.314333,-3.033653,-1.303638,-0.176529,0.040703,-0.503219,0.552983,2.725872
7.880000,-0.172133,-0.317752,-3.032290,-1.313672,-0.165340,0.095763,-0.500266,0.565844,2.780147
7.900000,-0.198507,-0.320945,-3.029815,-1.323648,-0.153895,0.151908,-0.497313,0.578704,2.834423
7.920000,-0.225079,-0.323906,-3.026207,-1.333565,-0.142192,0.209140,-0.494360,0.591564,2.888699
7.940000,-0.251849,-0.326630,-3.021442,-1.343423,-0.130232,0.267456,-0.491408,0.604424,2.942974
7.960000,-0.278815,-0.329113,-3.015501,-1.353221,-0.118015,0.326859,-0.488455,0.617284,2.997250
7.980000,-0.305977,-0.331349,-3.008361,-1.362961,-0.105541,0.387346,-0.485502,0.630144,3.051525
8.000000,-0.333333,-0.333333,-3.000000,-1.372641,-0.092810,0.448920,-0.482549,0.643004,3.105801
8.020000,-0.360874,-0.335063,-2.990406,-1.380976,-0.080276,0.510228,-0.350872,0.610392,3.025075
8.040000,-0.388555,-0.336549,-2.979602,-1.386676,-0.068394,0.569923,-0.219195,0.577780,2.944349
8.060000,-0.416323,-0.337803,-2.967620,-1.389743,-0.057164,0.628002,-0.087518,0.545168,2.863623
8.080000,-0.444127,-0.338840,-2.954492,-1.390177,-0.046587,0.684468,0.044159,0.512557,2.782897
8.100000,-0.471913,-0.339671,-2.940252,-1.387977,-0.036662,0.739318,0.175836,0.479945,2.702172
8.120000,-0.499628,-0.340310,-2.924930,-1.383144,-0.027389,0.792554,0.307513,0.447333,2.621446
8.140000,-0.527221,-0.340771,-2.908560,-1.375676,-0.018769,0.844176,0.439190,0.414721,2.540720
8.160000,-0.554638,-0.341066,-2.891174,-1.365576,-0.010801,0.894183,0.570867,0.382109,2.459994
8.180000,-0.581827,-0.341207,-2.872804,-1.352842,-0.003485,0.942576,0.702544,0.349497,2.379268
8.200000,-0.608734,-0.341209,-2.853482,-1.337474,0.003179,0.989354,0.834222,0.316885,2.298542
8.220000,-0.635308,-0.341085,-2.833240,-1.319473,0.009191,1.034518,0.965899,0.284274,2.217816
8.240000,-0.661495,-0.340846,-2.812112,-1.298838,0.014550,1.078067,1.097576,0.251662,2.137090
8.260000,-0.687244,-0.340507,-2.790128,-1.275570,0.019257,1.120001,1.229253,0.219050,2.056364
8.280000,-0.712501,-0.340080,-2.767323,-1.249668,0.023312,1.160321,1.360930,0.186438,1.975638
8.300000,-0.737213,-0.339579,-2.743726,-1.221133,0.026715,1.199027,1.492607,0.153826,1.894912
8.320000,-0.761328,-0.339016,-2.719372,-1.189964,0.029465,1.236118,1.624284,0.121214,1.814187
8.340000,-0.784794,-0.338404,-2.694292,-1.156161,0.031563,1.271594,1.755961,0.088602,1.733461
8.360000,-0.807557,-0.337758,-2.668519,-1.119725,0.033009,1.305456,1.887638,0.055991,1.652735
8.380000,-0.829566,-0.337088,-2.642085,-1.080656,0.033803,1.337704,2.019315,0.023379,1.572009
8.400000,-0.850766,-0.336410,-2.615022,-1.038953,0.033945,1.368336,2.150992,-0.009233,1.491283
8.420000,-0.871106,-0.335735,-2.587362,-0.994616,0.033434,1.397355,2.282670,-0.041845,1.410557
8.440000,-0.890533,-0.335077,-2.559138,-0.947646,0.032271,1.424759,2.414347,-0.074457,1.329831
8.460000,-0.908994,-0.334449,-2.530383,-0.898042,0.030455,1.450548,2.546024,-0.107069,1.249105
8.480000,-0.926437,-0.333863,-2.501127,-0.845805,0.027988,1.474723,2.677701,-0.139681,1.168379
8.500000,-0.942809,-0.333333,-2.471405,-0.790934,0.024868,1.497283,2.809378,-0.172292,1.087653
8.520000,-0.958067,-0.332870,-2.441246,-0.734870,0.021510,1.518270,2.796998,-0.163554,1.010987
8.540000,-0.972206,-0.332472,-2.410684,-0.679054,0.018326,1.537723,2.784617,-0.154816,0.934321
8.560000,-0.985230,-0.332136,-2.379748,-0.623486,0.015317,1.555643,2.772237,-0.146077,0.857655
8.580000,-0.997147,-0.331858,-2.348468,-0.568165,0.012483,1.572029,2.759857,-0.137339,0.780989
8.600000,-1.007959,-0.331635,-2.316877,-0.513091,0.009824,1.586882,2.747477,-0.128601,0.704323
8.620000,-1.017672,-0.331464,-2.285003,-0.458266,0.007339,1.600202,2.735096,-0.119862,0.627657
8.640000,-1.026291,-0.331340,-2.252879,-0.403688,0.005029,1.611988,2.722716,-0.111124,0.550991
8.660000,-1.033821,-0.331261,-2.220534,-0.349357,0.002894,1.622242,2.710336,-0.102386,0.474325
8.680000,-1.040267,-0.331223,-2.188000,-0.295274,0.000934,1.630961,2.697956,-0.093648,0.397659
8.700000,-1.045634,-0.331223,-2.155306,-0.241439,-0.000852,1.638148,2.685575,-0.084909,0.320993
8.720000,-1.049926,-0.331256,-2.122484,-0.187851,-0.002463,1.643801,2.673195,-0.076171,0.244327
8.740000,-1.053149,-0.331320,-2.089564,-0.134511,-0.003899,1.647921,2.660815,-0.067433,0.167661
8.760000,-1.055308,-0.331411,-2.056577,-0.081419,-0.005160,1.650508,2.648435,-0.058694,0.090995
8.780000,-1.056408,-0.331526,-2.023554,-0.028574,-0.006246,1.651561,2.636054,-0.049956,0.014329
8.800000,-1.056453,-0.331660,-1.990525,0.024024,-0.007158,1.651081,2.623674,-0.041218,-0.062337
8.820000,-1.055448,-0.331811,-1.957521,0.076373,-0.007895,1.649067,2.611294,-0.032479,-0.139003
8.840000,-1.053400,-0.331975,-1.924573,0.128475,-0.008457,1.645521,2.598914,-0.023741,-0.215669
8.860000,-1.050311,-0.332148,-1.891710,0.180330,-0.008845,1.640441,2.586533,-0.015003,-0.292335
8.880000,-1.046188,-0.332327,-1.858965,0.231937,-0.009058,1.633827,2.574153,-0.006264,-0.369001
8.900000,-1.041035,-0.332509,-1.826367,0.283296,-0.009095,1.625680,2.561773,0.002474,-0.445667
8.920000,-1.034858,-0.332690,-1.793948,0.334408,-0.008959,1.616000,2.549393,0.011212,-0.522333
8.940000,-1.027661,-0.332866,-1.761738,0.385272,-0.008647,1.604787,2.537012,0.019951,-0.598999
8.960000,-1.019449,-0.333035,-1.729767,0.435888,-0.008161,1.592041,2.524632,0.028689,-0.675665
8.980000,-1.010227,-0.333191,-1.698066,0.486257,-0.007499,1.577761,2.512252,0.037427,-0.752331
9.000000,-1.000000,-0.333333,-1.666667,0.536378,-0.006663,1.561947,2.499872,0.046166,-0.828997
9.020000,-0.988776,-0.333458,-1.635598,0.585876,-0.005764,1.544716,2.449877,0.043824,-0.894156
9.040000,-0.976572,-0.333564,-1.604887,0.634373,-0.004910,1.526181,2.399883,0.041483,-0.959314
9.060000,-0.963408,-0.333654,-1.574559,0.681871,-0.004104,1.506343,2.349888,0.039141,-1.024472
9.080000,-0.949303,-0.333729,-1.544642,0.728369,-0.003345,1.485202,2.299894,0.036800,-1.089631
9.100000,-0.934279,-0.333788,-1.515160,0.773867,-0.002632,1.462758,2.249899,0.034458,-1.154789
9.120000,-0.918355,-0.333834,-1.486140,0.818365,-0.001966,1.439011,2.199905,0.032117,-1.219947
9.140000,-0.901552,-0.333867,-1.457608,0.861863,-0.001348,1.413960,2.149910,0.029776,-1.285106
9.160000,-0.883888,-0.333888,-1.429590,0.904361,-0.000775,1.387606,2.099916,0.027434,-1.350264
9.180000,-0.865384,-0.333899,-1.402113,0.945860,-0.000250,1.359949,2.049922,0.025093,-1.415422
9.200000,-0.846060,-0.333899,-1.375201,0.986358,0.000228,1.330989,1.999927,0.022751,-1.480581
9.220000,-0.825936,-0.333890,-1.348882,1.025857,0.000660,1.300726,1.949933,0.020410,-1.545739
9.240000,-0.805032,-0.333873,-1.323181,1.064355,0.001045,1.269160,1.899938,0.018068,-1.610897
9.260000,-0.783369,-0.333848,-1.298124,1.101854,0.001383,1.236290,1.849944,0.015727,-1.676056
9.280000,-0.760965,-0.333818,-1.273738,1.138353,0.001674,1.202118,1.799949,0.013386,-1.741214
9.300000,-0.737841,-0.333782,-1.250048,1.173852,0.001918,1.166642,1.749955,0.011044,-1.806372
9.320000,-0.714017,-0.333741,-1.227081,1.208351,0.002116,1.129863,1.699960,0.008703,-1.871530
9.340000,-0.689514,-0.333697,-1.204862,1.241851,0.002266,1.091781,1.649966,0.006361,-1.936689
9.360000,-0.664350,-0.333651,-1.183418,1.274350,0.002370,1.052395,1.599971,0.004020,-2.001847
9.380000,-0.638546,-0.333603,-1.162775,1.305849,0.002427,1.011707,1.549977,0.001679,-2.067005
9.400000,-0.612123,-0.333554,-1.142959,1.336349,0.002437,0.969715,1.499983,-0.000663,-2.132164
9.420000,-0.585099,-0.333506,-1.123995,1.365849,0.002400,0.926420,1.449988,-0.003004,-2.197322
9.440000,-0.557495,-0.333459,-1.105911,1.394349,0.002317,0.881822,1.399994,-0.005346,-2.262480
9.460000,-0.529332,-0.333413,-1.088731,1.421848,0.002187,0.835921,1.349999,-0.007687,-2.327639
9.480000,-0.500628,-0.333371,-1.072482,1.448348,0.002009,0.788717,1.300005,-0.010029,-2.392797
9.500000,-0.471405,-0.333333,-1.057191,1.473849,0.001785,0.740209,1.250010,-0.012370,-2.457955
9.520000,-0.441683,-0.333300,-1.042879,1.498000,0.001544,0.690996,1.165110,-0.011743,-2.463398
9.540000,-0.411496,-0.333271,-1.029552,1.520453,0.001316,0.641673,1.080210,-0.011115,-2.468840
9.560000,-0.380876,-0.333247,-1.017213,1.541208,0.001100,0.592242,0.995310,-0.010488,-2.474283
9.580000,-0.349859,-0.333227,-1.005863,1.560265,0.000896,0.542702,0.910409,-0.009861,-2.479725
9.600000,-0.318477,-0.333211,-0.995505,1.577625,0.000705,0.493053,0.825509,-0.009233,-2.485167
9.620000,-0.286765,-0.333199,-0.986142,1.593286,0.000527,0.443295,0.740609,-0.008606,-2.490610
9.640000,-0.254757,-0.333190,-0.977774,1.607249,0.000361,0.393429,0.655709,-0.007978,-2.496052
9.660000,-0.222487,-0.333185,-0.970405,1.619514,0.000208,0.343453,0.570808,-0.007351,-2.501495
9.680000,-0.189988,-0.333182,-0.964037,1.630081,0.000067,0.293369,0.485908,-0.006724,-2.506937
9.700000,-0.157295,-0.333182,-0.958671,1.638950,-0.000061,0.243176,0.401008,-0.006096,-2.512379
9.720000,-0.124441,-0.333184,-0.954310,1.646122,-0.000177,0.192874,0.316108,-0.005469,-2.517822
9.740000,-0.091461,-0.333189,-0.950957,1.651595,-0.000280,0.142463,0.231207,-0.004841,-2.523264
9.760000,-0.058389,-0.333195,-0.948613,1.655370,-0.000370,0.091943,0.146307,-0.004214,-2.528707
9.780000,-0.025258,-0.333204,-0.947280,1.657447,-0.000448,0.041314,0.061407,-0.003587,-2.534149
9.800000,0.007898,-0.333213,-0.946961,1.657826,-0.000514,-0.009423,-0.023493,-0.002959,-2.539591
9.820000,0.041044,-0.333224,-0.947658,1.656507,-0.000567,-0.060269,-0.108394,-0.002332,-2.545034
9.840000,0.074147,-0.333236,-0.949372,1.653490,-0.000607,-0.111224,-0.193294,-0.001705,-2.550476
9.860000,0.107172,-0.333248,-0.952107,1.648776,-0.000635,-0.162288,-0.278194,-0.001077,-2.555918
9.880000,0.140087,-0.333261,-0.955865,1.642363,-0.000650,-0.213461,-0.363094,-0.000450,-2.561361
9.900000,0.172856,-0.333274,-0.960646,1.634252,-0.000653,-0.264743,-0.447995,0.000178,-2.566803
9.920000,0.205445,-0.333287,-0.966455,1.624443,-0.000643,-0.316133,-0.532895,0.000805,-2.572246
9.940000,0.237822,-0.333300,-0.973292,1.612936,-0.000621,-0.367632,-0.617795,0.001432,-2.577688
9.960000,0.269952,-0.333312,-0.981161,1.599731,-0.000586,-0.419241,-0.702695,0.002060,-2.583130
9.980000,0.301800,-0.333323,-0.990063,1.584828,-0.000538,-0.470958,-0.787596,0.002687,-2.588573
10.000000,0.333333,-0.333333,-1.000000,1.568227,-0.000478,-0.522784,-0.872496,0.003315,-2.594015
10.020000,0.364519,-0.333342,-1.010971,1.550148,-0.000414,-0.574116,-0.935449,0.003146,-2.539249
10.040000,0.395331,-0.333350,-1.022957,1.530809,-0.000353,-0.624354,-0.998402,0.002978,-2.484483
10.060000,0.425743,-0.333356,-1.035938,1.510212,-0.000295,-0.673496,-1.061355,0.002810,-2.429716
10.080000,0.455731,-0.333362,-1.049890,1.488355,-0.000240,-0.721542,-1.124307,0.002642,-2.374950
10.100000,0.485269,-0.333366,-1.064792,1.465239,-0.000189,-0.768494,-1.187260,0.002474,-2.320184
10.120000,0.514332,-0.333369,-1.080622,1.440865,-0.000141,-0.814350,-1.250213,0.002306,-2.265418
10.140000,0.542895,-0.333372,-1.097359,1.415231,-0.000097,-0.859110,-1.313166,0.002138,-2.210651
10.160000,0.570933,-0.333373,-1.114979,1.388338,-0.000056,-0.902776,-1.376119,0.001970,-2.155885
10.180000,0.598420,-0.333374,-1.133462,1.360186,-0.000018,-0.945346,-1.439072,0.001802,-2.101119
10.200000,0.625332,-0.333374,-1.152786,1.330775,0.000016,-0.986820,-1.502025,0.001633,-2.046352
10.220000,0.651643,-0.333373,-1.172928,1.300105,0.000047,-1.027200,-1.564978,0.001465,-1.991586
10.240000,0.677328,-0.333372,-1.193867,1.268176,0.000075,-1.066484,-1.627931,0.001297,-1.936820
10.260000,0.702362,-0.333370,-1.215580,1.234988,0.000099,-1.104673,-1.690884,0.001129,-1.882054
10.280000,0.726719,-0.333368,-1.238046,1.200541,0.000120,-1.141766,-1.753837,0.000961,-1.827287
10.300000,0.750375,-0.333366,-1.261243,1.164834,0.000138,-1.177764,-1.816790,0.000793,-1.772521
10.320000,0.773304,-0.333363,-1.285149,1.127869,0.000152,-1.212667,-1.879742,0.000625,-1.717755
10.340000,0.795481,-0.333359,-1.309743,1.089645,0.000163,-1.246474,-1.942695,0.000457,-1.662988
10.360000,0.816881,-0.333356,-1.335001,1.050161,0.000170,-1.279186,-2.005648,0.000289,-1.608222
10.380000,0.837479,-0.333353,-1.360903,1.009419,0.000174,-1.310803,-2.068601,0.000121,-1.553456
10.400000,0.857250,-0.333349,-1.387426,0.967417,0.000175,-1.341325,-2.131554,-0.000048,-1.498689
10.420000,0.876168,-0.333346,-1.414549,0.924157,0.000172,-1.370751,-2.194507,-0.000216,-1.443923
10.440000,0.894208,-0.333342,-1.442249,0.879637,0.000166,-1.399081,-2.257460,-0.000384,-1.389157
10.460000,0.911345,-0.333339,-1.470504,0.833858,0.000157,-1.426317,-2.320413,-0.000552,-1.334391
10.480000,0.927554,-0.333336,-1.499294,0.786820,0.000144,-1.452457,-2.383366,-0.000720,-1.279624
10.500000,0.942809,-0.333333,-1.528595,0.738524,0.000128,-1.477502,-2.446319,-0.000888,-1.224858
10.520000,0.957090,-0.333331,-1.558385,0.689537,0.000111,-1.501163,-2.452349,-0.000843,-1.141223
10.540000,0.970390,-0.333329,-1.588631,0.640430,0.000094,-1.523151,-2.458378,-0.000798,-1.057587
10.560000,0.982706,-0.333327,-1.619300,0.591202,0.000079,-1.543466,-2.464408,-0.000753,-0.973951
10.580000,0.994037,-0.333326,-1.650358,0.541853,0.000064,-1.562109,-2.470438,-0.000708,-0.890316
10.600000,1.004380,-0.333325,-1.681773,0.492384,0.000051,-1.579079,-2.476468,-0.000663,-0.806680
10.620000,1.013732,-0.333324,-1.713510,0.442795,0.000038,-1.594376,-2.482497,-0.000618,-0.723045
10.640000,1.022091,-0.333323,-1.745537,0.393084,0.000026,-1.608001,-2.488527,-0.000573,-0.639409
10.660000,1.029454,-0.333323,-1.777819,0.343254,0.000015,-1.619952,-2.494557,-0.000528,-0.555774
10.680000,1.035820,-0.333322,-1.810324,0.293302,0.000005,-1.630232,-2.500587,-0.000483,-0.472138
10.700000,1.041185,-0.333322,-1.843017,0.243230,-0.000004,-1.638838,-2.506617,-0.000438,-0.388503
10.720000,1.045548,-0.333323,-1.875866,0.193037,-0.000013,-1.645772,-2.512646,-0.000393,-0.304867
10.740000,1.048906,-0.333323,-1.908837,0.142724,-0.000020,-1.651033,-2.518676,-0.000348,-0.221232
10.760000,1.051256,-0.333323,-1.941896,0.092290,-0.000027,-1.654621,-2.524706,-0.000303,-0.137596
10.780000,1.052597,-0.333324,-1.975011,0.041736,-0.000032,-1.656536,-2.530736,-0.000258,-0.053960
10.800000,1.052925,-0.333325,-2.008147,-0.008939,-0.000037,-1.656779,-2.536765,-0.000212,0.029675
10.820000,1.052239,-0.333325,-2.041271,-0.059735,-0.000041,-1.655349,-2.542795,-0.000167,0.113311
10.840000,1.050535,-0.333326,-2.074349,-0.110651,-0.000044,-1.652247,-2.548825,-0.000122,0.196946
10.860000,1.047812,-0.333327,-2.107349,-0.161688,-0.000046,-1.647472,-2.554855,-0.000077,0.280582
10.880000,1.044067,-0.333328,-2.140237,-0.212845,-0.000047,-1.641024,-2.560885,-0.000032,0.364217
10.900000,1.039297,-0.333329,-2.172979,-0.264123,-0.000047,-1.632903,-2.566914,0.000013,0.447853
10.920000,1.033501,-0.333330,-2.205542,-0.315522,-0.000046,-1.623110,-2.572944,0.000058,0.531488
10.940000,1.026675,-0.333331,-2.237892,-0.367041,-0.000045,-1.611643,-2.578974,0.000103,0.615124
10.960000,1.018818,-0.333332,-2.269997,-0.418681,-0.000042,-1.598505,-2.585004,0.000148,0.698759
10.980000,1.009927,-0.333333,-2.301822,-0.470441,-0.000039,-1.583693,-2.591033,0.000193,0.782395
11.000000,1.000000,-0.333333,-2.333333,-0.522322,-0.000034,-1.567209,-2.597063,0.000238,0.866030
11.020000,0.989038,-0.333334,-2.364500,-0.573714,-0.000030,-1.549256,-2.542153,0.000226,0.929270
11.040000,0.977059,-0.333335,-2.395295,-0.624008,-0.000025,-1.530038,-2.487242,0.000214,0.992510
11.060000,0.964085,-0.333335,-2.425693,-0.673204,-0.000021,-1.509555,-2.432332,0.000202,1.055750
11.080000,0.950138,-0.333335,-2.455669,-0.721301,-0.000017,-1.487808,-2.377422,0.000190,1.118990
11.100000,0.935240,-0.333336,-2.485197,-0.768301,-0.000014,-1.464796,-2.322511,0.000178,1.182230
11.120000,0.919413,-0.333336,-2.514252,-0.814202,-0.000010,-1.440519,-2.267601,0.000166,1.245470
11.140000,0.902679,-0.333336,-2.542809,-0.859005,-0.000007,-1.414977,-2.212690,0.000153,1.308710
11.160000,0.885060,-0.333336,-2.570843,-0.902709,-0.000004,-1.388170,-2.157780,0.000141,1.371950
11.180000,0.866578,-0.333336,-2.598328,-0.945316,-0.000001,-1.360099,-2.102869,0.000129,1.435189
11.200000,0.847255,-0.333336,-2.625238,-0.986824,0.000001,-1.330763,-2.047959,0.000117,1.498429
11.220000,0.827113,-0.333336,-2.651550,-1.027234,0.000003,-1.300162,-1.993049,0.000105,1.561669
11.240000,0.806173,-0.333336,-2.677237,-1.066546,0.000005,-1.268296,-1.938138,0.000093,1.624909
11.260000,0.784458,-0.333336,-2.702273,-1.104760,0.000007,-1.235165,-1.883228,0.000081,1.688149
11.280000,0.761990,-0.333336,-2.726635,-1.141875,0.000009,-1.200770,-1.828317,0.000069,1.751389
11.300000,0.738790,-0.333336,-2.750296,-1.177892,0.000010,-1.165110,-1.773407,0.000057,1.814629
11.320000,0.714882,-0.333335,-2.773231,-1.212811,0.000011,-1.128185,-1.718497,0.000045,1.877869
11.340000,0.690285,-0.333335,-2.795415,-1.246632,0.000012,-1.089995,-1.663586,0.000033,1.941109
11.360000,0.665024,-0.333335,-2.816822,-1.279355,0.000012,-1.050541,-1.608676,0.000021,2.004349
11.380000,0.639118,-0.333335,-2.837428,-1.310979,0.000013,-1.009821,-1.553765,0.000009,2.067588
11.400000,0.612592,-0.333334,-2.857206,-1.341505,0.000013,-0.967837,-1.498855,-0.000003,2.130828
11.420000,0.585466,-0.333334,-2.876133,-1.370933,0.000012,-0.924588,-1.443944,-0.000015,2.194068
11.440000,0.557762,-0.333334,-2.894182,-1.399263,0.000012,-0.880074,-1.389034,-0.000028,2.257308
11.460000,0.529502,-0.333334,-2.911327,-1.426495,0.000011,-0.834296,-1.334124,-0.000040,2.320548
11.480000,0.500709,-0.333334,-2.927545,-1.452628,0.000010,-0.787252,-1.279213,-0.000052,2.383788
11.500000,0.471405,-0.333333,-2.942809,-1.477663,0.000009,-0.738944,-1.224303,-0.000064,2.447028
11.520000,0.441612,-0.333333,-2.957098,-1.501313,0.000008,-0.689942,-1.140656,-0.000061,2.453174
11.540000,0.411363,-0.333333,-2.970406,-1.523290,0.000007,-0.640817,-1.057010,-0.000057,2.459321
11.560000,0.380692,-0.333333,-2.982730,-1.543593,0.000006,-0.591569,-0.973364,-0.000054,2.465468
11.580000,0.349631,-0.333333,-2.994068,-1.562224,0.000005,-0.542199,-0.889717,-0.000051,2.471614
11.600000,0.318214,-0.333333,-3.004417,-1.579182,0.000004,-0.492705,-0.806071,-0.000048,2.477761
11.620000,0.286474,-0.333333,-3.013775,-1.594467,0.000003,-0.443088,-0.722424,-0.000044,2.483907
11.640000,0.254446,-0.333333,-3.022140,-1.608079,0.000002,-0.393349,-0.638778,-0.000041,2.490054
11.660000,0.222162,-0.333333,-3.029508,-1.620018,0.000001,-0.343486,-0.555132,-0.000038,2.496200
11.680000,0.189657,-0.333333,-3.035878,-1.630284,0.000000,-0.293501,-0.471485,-0.000035,2.502347
11.700000,0.156962,-0.333333,-3.041248,-1.638878,-0.000000,-0.243392,-0.387839,-0.000031,2.508494
11.720000,0.124113,-0.333333,-3.045613,-1.645798,-0.000001,-0.193161,-0.304192,-0.000028,2.514640
11.740000,0.091141,-0.333333,-3.048973,-1.651045,-0.000001,-0.142807,-0.220546,-0.000025,2.520787
11.760000,0.058082,-0.333333,-3.051325,-1.654620,-0.000002,-0.092329,-0.136900,-0.000022,2.526933
11.780000,0.024968,-0.333333,-3.052666,-1.656521,-0.000002,-0.041729,-0.053253,-0.000018,2.533080
11.800000,-0.008168,-0.333333,-3.052993,-1.656750,-0.000003,0.008994,0.030393,-0.000015,2.539227
11.820000,-0.041291,-0.333333,-3.052305,-1.655305,-0.000003,0.059840,0.114040,-0.000012,2.545373
11.840000,-0.074369,-0.333333,-3.050599,-1.652188,-0.000003,0.110809,0.197686,-0.000009,2.551520
11.860000,-0.107367,-0.333333,-3.047872,-1.647398,-0.000003,0.161901,0.281332,-0.000006,2.557666
11.880000,-0.140254,-0.333333,-3.044122,-1.640935,-0.000003,0.213115,0.364979,-0.000002,2.563813
11.900000,-0.172994,-0.333333,-3.039346,-1.632799,-0.000003,0.264453,0.448625,0.000001,2.569960
11.920000,-0.205554,-0.333333,-3.033543,-1.622990,-0.000003,0.315914,0.532272,0.000004,2.576106
11.940000,-0.237902,-0.333333,-3.026709,-1.611508,-0.000003,0.367497,0.615918,0.000007,2.582253
11.960000,-0.270003,-0.333333,-3.018842,-1.598353,-0.000003,0.419204,0.699564,0.000011,2.588399
11.980000,-0.301825,-0.333333,-3.009940,-1.583525,-0.000003,0.471033,0.783211,0.000014,2.594546
12.000000,-0.333333,-0.333333,-3.000000,-1.567025,-0.000002,0.522986,0.866857,0.000017,2.600693
12.020000,-0.364496,-0.333333,-2.989024,-1.549057,-0.000002,0.574443,0.929910,0.000016,2.545028
12.040000,-0.395287,-0.333333,-2.977030,-1.529828,-0.000002,0.624787,0.992962,0.000015,2.489363
12.060000,-0.425681,-0.333333,-2.964040,-1.509339,-0.000002,0.674018,1.056014,0.000014,2.433699
12.080000,-0.455652,-0.333333,-2.950076,-1.487588,-0.000001,0.722135,1.119067,0.000014,2.378034
12.100000,-0.485176,-0.333334,-2.935162,-1.464576,-0.000001,0.769139,1.182119,0.000013,2.322369
12.120000,-0.514227,-0.333334,-2.919318,-1.440303,-0.000001,0.815030,1.245171,0.000012,2.266705
12.140000,-0.542780,-0.333334,-2.902568,-1.414769,-0.000000,0.859807,1.308224,0.000011,2.211040
12.160000,-0.570809,-0.333334,-2.884933,-1.387974,-0.000000,0.903471,1.371276,0.000010,2.155375
12.180000,-0.598290,-0.333334,-2.866437,-1.359918,-0.000000,0.946022,1.434328,0.000009,2.099711
12.200000,-0.625198,-0.333334,-2.847100,-1.330601,0.000000,0.987460,1.497381,0.000008,2.044046
12.220000,-0.651506,-0.333334,-2.826946,-1.300023,0.000000,1.027784,1.560433,0.000008,1.988382
12.240000,-0.677190,-0.333334,-2.805996,-1.268184,0.000000,1.066995,1.623485,0.000007,1.932717
12.260000,-0.702225,-0.333334,-2.784273,-1.235083,0.000001,1.105093,1.686538,0.000006,1.877052
12.280000,-0.726585,-0.333334,-2.761800,-1.200722,0.000001,1.142077,1.749590,0.000005,1.821388
12.300000,-0.750245,-0.333333,-2.738598,-1.165100,0.000001,1.177948,1.812642,0.000004,1.765723
12.320000,-0.773181,-0.333333,-2.714689,-1.128216,0.000001,1.212706,1.875695,0.000003,1.710058
12.340000,-0.795366,-0.333333,-2.690097,-1.090072,0.000001,1.246350,1.938747,0.000002,1.654394
12.360000,-0.816775,-0.333333,-2.664843,-1.050667,0.000001,1.278882,2.001799,0.000001,1.598729
12.380000,-0.837384,-0.333333,-2.638949,-1.010000,0.000001,1.310300,2.064851,0.000001,1.543064
12.400000,-0.857167,-0.333333,-2.612438,-0.968073,0.000001,1.340604,2.127904,-0.000000,1.487400
12.420000,-0.876098,-0.333333,-2.585332,-0.924884,0.000001,1.369796,2.190956,-0.000001,1.431735
12.440000,-0.894154,-0.333333,-2.557654,-0.880434,0.000001,1.397874,2.254008,-0.000002,1.376070
12.460000,-0.911307,-0.333333,-2.529425,-0.834724,0.000001,1.424838,2.317061,-0.000003,1.320406
12.480000,-0.927534,-0.333333,-2.500668,-0.787752,0.000001,1.450690,2.380113,-0.000004,1.264741
12.500000,-0.942809,-0.333333,-2.471405,-0.739519,0.000001,1.475428,2.443165,-0.000005,1.209077
12.520000,-0.957110,-0.333333,-2.441660,-0.690587,0.000001,1.498802,2.450051,-0.000004,1.128330
12.540000,-0.970432,-0.333333,-2.411463,-0.641517,0.000000,1.520561,2.456937,-0.000004,1.047584
12.560000,-0.982770,-0.333333,-2.380848,-0.592309,0.000000,1.540706,2.463823,-0.000004,0.966838
12.580000,-0.994123,-0.333333,-2.349846,-0.542964,0.000000,1.559235,2.470709,-0.000004,0.886091
12.600000,-1.004488,-0.333333,-2.318489,-0.493481,0.000000,1.576149,2.477595,-0.000003,0.805345
12.620000,-1.013861,-0.333333,-2.286811,-0.443860,0.000000,1.591449,2.484481,-0.000003,0.724599
12.640000,-1.022241,-0.333333,-2.254842,-0.394102,0.000000,1.605133,2.491367,-0.000003,0.643852
12.660000,-1.029625,-0.333333,-2.222616,-0.344206,0.000000,1.617203,2.498253,-0.000003,0.563106
12.680000,-1.036009,-0.333333,-2.190165,-0.294172,0.000000,1.627657,2.505139,-0.000002,0.482360
12.700000,-1.041390,-0.333333,-2.157520,-0.244000,-0.000000,1.636497,2.512025,-0.000002,0.401613
12.720000,-1.045768,-0.333333,-2.124716,-0.193691,-0.000000,1.643722,2.518911,-0.000002,0.320867
12.740000,-1.049137,-0.333333,-2.091782,-0.143244,-0.000000,1.649332,2.525797,-0.000002,0.240121
12.760000,-1.051496,-0.333333,-2.058753,-0.092659,-0.000000,1.653327,2.532683,-0.000002,0.159374
12.780000,-1.052843,-0.333333,-2.025660,-0.041936,-0.000000,1.655707,2.539569,-0.000001,0.078628
12.800000,-1.053173,-0.333333,-1.992536,0.008924,-0.000000,1.656472,2.546455,-0.000001,-0.002118
12.820000,-1.052485,-0.333333,-1.959412,0.059922,-0.000000,1.655622,2.553341,-0.000001,-0.082865
12.840000,-1.050775,-0.333333,-1.926321,0.111058,-0.000000,1.653157,2.560227,-0.000001,-0.163611
12.860000,-1.048042,-0.333333,-1.893296,0.162331,-0.000000,1.649078,2.567113,-0.000000,-0.244357
12.880000,-1.044281,-0.333333,-1.860369,0.213742,-0.000000,1.643383,2.573999,-0.000000,-0.325104
12.900000,-1.039491,-0.333333,-1.827572,0.265291,-0.000000,1.636073,2.580885,0.000000,-0.405850
12.920000,-1.033668,-0.333333,-1.794937,0.316978,-0.000000,1.627149,2.587771,0.000000,-0.486596
12.940000,-1.026811,-0.333333,-1.762497,0.368802,-0.000000,1.616610,2.594657,0.000001,-0.567343
12.960000,-1.018915,-0.333333,-1.730283,0.420764,-0.000000,1.604455,2.601543,0.000001,-0.648089
12.980000,-1.009979,-0.333333,-1.698329,0.472864,-0.000000,1.590686,2.608429,0.000001,-0.728835
13.000000,-1.000000,-0.333333,-1.666667,0.525101,-0.000000,1.575302,2.615315,0.000001,-0.809582
13.020000,-0.988979,-0.333333,-1.635327,0.576823,-0.000000,1.558371,2.556880,0.000001,-0.883480
13.040000,-0.976935,-0.333333,-1.604342,0.627376,-0.000000,1.539963,2.498446,0.000001,-0.957378
13.060000,-0.963892,-0.333333,-1.573739,0.676761,-0.000000,1.520076,2.440011,0.000001,-1.031277
13.080000,-0.949872,-0.333333,-1.543548,0.724977,-0.000000,1.498712,2.381576,0.000001,-1.105175
13.100000,-0.934900,-0.333333,-1.513800,0.772024,-0.000000,1.475869,2.323142,0.000001,-1.179074
13.120000,-0.918999,-0.333333,-1.484524,0.817902,-0.000000,1.451549,2.264707,0.000001,-1.252972
13.140000,-0.902192,-0.333333,-1.455748,0.862612,-0.000000,1.425750,2.206273,0.000001,-1.326870
13.160000,-0.884502,-0.333333,-1.427503,0.906153,-0.000000,1.398474,2.147838,0.000001,-1.400769
13.180000,-0.865954,-0.333333,-1.399819,0.948526,-0.000000,1.369719,2.089403,0.000001,-1.474667
13.200000,-0.846569,-0.333333,-1.372725,0.989729,0.000000,1.339487,2.030969,0.000001,-1.548565
13.220000,-0.826372,-0.333333,-1.346249,1.029764,0.000000,1.307777,1.972534,0.000001,-1.622464
13.240000,-0.805386,-0.333333,-1.320423,1.068631,0.000000,1.274589,1.914100,0.000000,-1.696362
13.260000,-0.783635,-0.333333,-1.295276,1.106328,0.000000,1.239922,1.855665,0.000000,-1.770261
13.280000,-0.761141,-0.333333,-1.270836,1.142857,0.000000,1.203778,1.797230,0.000000,-1.844159
13.300000,-0.737928,-0.333333,-1.247134,1.178218,0.000000,1.166156,1.738796,0.000000,-1.918057
13.320000,-0.714020,-0.333333,-1.224200,1.212409,0.000000,1.127056,1.680361,0.000000,-1.991956
13.340000,-0.689440,-0.333333,-1.202062,1.245432,0.000000,1.086478,1.621926,0.000000,-2.065854
13.360000,-0.664211,-0.333333,-1.180751,1.277286,0.000000,1.044422,1.563492,0.000000,-2.139752
13.380000,-0.638356,-0.333333,-1.160295,1.307972,0.000000,1.000888,1.505057,0.000000,-2.213651
13.400000,-0.611900,-0.333333,-1.140725,1.337489,0.000000,0.955876,1.446623,-0.000000,-2.287549
13.420000,-0.584864,-0.333333,-1.122070,1.365837,0.000000,0.909386,1.388188,-0.000000,-2.361448
13.440000,-0.557274,-0.333333,-1.104359,1.393016,0.000000,0.861418,1.329753,-0.000000,-2.435346
13.460000,-0.529151,-0.333333,-1.087623,1.419027,0.000000,0.811972,1.271319,-0.000000,-2.509244
13.480000,-0.500521,-0.333333,-1.071890,1.443869,0.000000,0.761048,1.212884,-0.000000,-2.583143
13.500000,-0.471405,-0.333333,-1.057191,1.467542,0.000000,0.708646,1.154450,-0.000000,-2.657041
13.520000,-0.441827,-0.333333,-1.043547,1.489927,0.000000,0.655841,1.084044,-0.000000,-2.623443
13.540000,-0.411817,-0.333333,-1.030953,1.510904,0.000000,0.603708,1.013638,-0.000000,-2.589845
13.560000,-0.381401,-0.333333,-1.019394,1.530473,0.000000,0.552247,0.943232,-0.000000,-2.556247
13.580000,-0.350607,-0.333333,-1.008858,1.548633,0.000000,0.501459,0.872826,-0.000000,-2.522649
13.600000,-0.319465,-0.333333,-0.999332,1.565386,0.000000,0.451342,0.802420,-0.000000,-2.489050
13.620000,-0.288001,-0.333333,-0.990800,1.580730,0.000000,0.401896,0.732015,-0.000000,-2.455452
13.640000,-0.256245,-0.333333,-0.983251,1.594666,0.000000,0.353123,0.661609,-0.000000,-2.421854
13.660000,-0.224224,-0.333333,-0.976671,1.607194,0.000000,0.305022,0.591203,-0.000000,-2.388256
13.680000,-0.191967,-0.333333,-0.971046,1.618314,0.000000,0.257593,0.520797,-0.000000,-2.354658
13.700000,-0.159501,-0.333333,-0.966363,1.628026,-0.000000,0.210836,0.450391,-0.000000,-2.321060
13.720000,-0.126855,-0.333333,-0.962608,1.636330,-0.000000,0.164751,0.379985,-0.000000,-2.287462
13.740000,-0.094057,-0.333333,-0.959768,1.643226,-0.000000,0.119338,0.309580,-0.000000,-2.253864
13.760000,-0.061135,-0.333333,-0.957830,1.648713,-0.000000,0.074596,0.239174,-0.000000,-2.220266
13.780000,-0.028118,-0.333333,-0.956780,1.652793,-0.000000,0.030527,0.168768,-0.000000,-2.186667
13.800000,0.004967,-0.333333,-0.956604,1.655464,-0.000000,-0.012870,0.098362,-0.000000,-2.153069
13.820000,0.038091,-0.333333,-0.957290,1.656727,-0.000000,-0.055596,0.027956,-0.000000,-2.119471
13.840000,0.071227,-0.333333,-0.958824,1.656582,-0.000000,-0.097649,-0.042450,-0.000000,-2.085873
13.860000,0.104345,-0.333333,-0.961192,1.655029,-0.000000,-0.139031,-0.112855,-0.000000,-2.052275
13.880000,0.137419,-0.333333,-0.964381,1.652068,-0.000000,-0.179740,-0.183261,-0.000000,-2.018677
13.900000,0.170419,-0.333333,-0.968377,1.647699,-0.000000,-0.219778,-0.253667,0.000000,-1.985079
13.920000,0.203317,-0.333333,-0.973167,1.641921,-0.000000,-0.259143,-0.324073,0.000000,-1.951481
13.940000,0.236086,-0.333333,-0.978738,1.634736,-0.000000,-0.297837,-0.394479,0.000000,-1.917882
13.960000,0.268697,-0.333333,-0.985076,1.626142,-0.000000,-0.335859,-0.464885,0.000000,-1.884284
13.980000,0.301122,-0.333333,-0.992168,1.616140,-0.000000,-0.373208,-0.535290,0.000000,-1.850686
14.000000,0.333333,-0.333333,-1.000000,1.604730,-0.000000,-0.409886,-0.605696,0.000000,-1.817088
14.020000,0.365299,-0.333333,-1.008567,1.591492,-0.000000,-0.447155,-0.718187,0.000000,-1.909744
14.040000,0.396978,-0.333333,-1.017899,1.576003,-0.000000,-0.486276,-0.830677,0.000000,-2.002400
14.060000,0.428324,-0.333333,-1.028031,1.558265,-0.000000,-0.527250,-0.943167,0.000000,-2.095055
14.080000,0.459294,-0.333333,-1.039001,1.538276,-0.000000,-0.570078,-1.055658,0.000000,-2.187711
14.100000,0.489840,-0.333333,-1.050846,1.516038,-0.000000,-0.614759,-1.168148,0.000000,-2.280367
14.120000,0.519920,-0.333333,-1.063604,1.491550,-0.000000,-0.661293,-1.280639,0.000000,-2.373022
14.140000,0.549487,-0.333333,-1.077310,1.464813,-0.000000,-0.709680,-1.393129,0.000000,-2.465678
14.160000,0.578498,-0.333333,-1.092003,1.435825,-0.000000,-0.759920,-1.505619,0.000000,-2.558334
14.180000,0.606906,-0.333333,-1.107719,1.404588,-0.000000,-0.812013,-1.618110,0.000000,-2.650990
14.200000,0.634666,-0.333333,-1.124496,1.371101,0.000000,-0.865960,-1.730600,0.000000,-2.743645
14.220000,0.661735,-0.333333,-1.142370,1.335364,0.000000,-0.921759,-1.843091,0.000000,-2.836301
14.240000,0.688066,-0.333333,-1.161379,1.297377,0.000000,-0.979412,-1.955581,0.000000,-2.928957
14.260000,0.713615,-0.333333,-1.181559,1.257141,0.000000,-1.038917,-2.068071,0.000000,-3.021612
14.280000,0.738336,-0.333333,-1.202948,1.214654,0.000000,-1.100276,-2.180562,0.000000,-3.114268
14.300000,0.762186,-0.333333,-1.225582,1.169918,0.000000,-1.163488,-2.293052,0.000000,-3.206924
14.320000,0.785118,-0.333333,-1.249500,1.122932,0.000000,-1.228553,-2.405543,0.000000,-3.299580
14.340000,0.807088,-0.333333,-1.274737,1.073697,0.000000,-1.295471,-2.518033,0.000000,-3.392235
14.360000,0.828051,-0.333333,-1.301331,1.022211,0.000000,-1.364242,-2.630523,0.000000,-3.484891
14.380000,0.847962,-0.333333,-1.329319,0.968476,0.000000,-1.434867,-2.743014,0.000000,-3.577547
14.400000,0.866775,-0.333333,-1.358738,0.912490,0.000000,-1.507344,-2.855504,-0.000000,-3.670202
14.420000,0.884446,-0.333333,-1.389625,0.854255,0.000000,-1.581675,-2.967994,-0.000000,-3.762858
14.440000,0.900930,-0.333333,-1.422017,0.793771,0.000000,-1.657859,-3.080485,-0.000000,-3.855514
14.460000,0.916182,-0.333333,-1.455952,0.731036,0.000000,-1.735895,-3.192975,-0.000000,-3.948169
14.480000,0.930157,-0.333333,-1.491465,0.666052,0.000000,-1.815785,-3.305466,-0.000000,-4.040825
14.500000,0.942809,-0.333333,-1.528595,0.598817,0.000000,-1.897528,-3.417956,-0.000000,-4.133481
14.520000,0.954114,-0.333333,-1.567330,0.532235,0.000000,-1.973855,-3.240330,-0.000000,-3.499198
14.540000,0.964122,-0.333333,-1.607465,0.469204,0.000000,-2.037496,-3.062705,-0.000000,-2.864915
14.560000,0.972905,-0.333333,-1.648746,0.409726,0.000000,-2.088452,-2.885079,-0.000000,-2.230632
14.580000,0.980535,-0.333333,-1.690919,0.353801,0.000000,-2.126722,-2.707453,-0.000000,-1.596349
14.600000,0.987081,-0.333333,-1.733730,0.301428,0.000000,-2.152306,-2.529828,-0.000000,-0.962066
14.620000,0.992616,-0.333333,-1.776926,0.252608,0.000000,-2.165204,-2.352202,-0.000000,-0.327783
14.640000,0.997209,-0.333333,-1.820254,0.207340,0.000000,-2.165417,-2.174576,-0.000000,0.306500
14.660000,1.000933,-0.333333,-1.863458,0.165625,0.000000,-2.152944,-1.996950,-0.000000,0.940783
14.680000,1.003858,-0.333333,-1.906287,0.127462,-0.000000,-2.127786,-1.819325,-0.000000,1.575066
14.700000,1.006055,-0.333333,-1.948485,0.092852,-0.000000,-2.089942,-1.641699,-0.000000,2.209349
14.720000,1.007596,-0.333333,-1.989800,0.061794,-0.000000,-2.039412,-1.464073,-0.000000,2.843632
14.740000,1.008551,-0.333333,-2.029977,0.034289,-0.000000,-1.976196,-1.286448,-0.000000,3.477915
14.760000,1.008991,-0.333333,-2.068763,0.010336,-0.000000,-1.900295,-1.108822,-0.000000,4.112198
14.780000,1.008988,-0.333333,-2.105904,-0.010064,-0.000000,-1.811708,-0.931196,-0.000000,4.746481
14.800000,1.008612,-0.333333,-2.141147,-0.026912,-0.000000,-1.710436,-0.753571,-0.000000,5.380764
14.820000,1.007935,-0.333333,-2.174237,-0.040207,-0.000000,-1.596478,-0.575945,-0.000000,6.015047
14.840000,1.007027,-0.333333,-2.204922,-0.049949,-0.000000,-1.469834,-0.398319,0.000000,6.649331
14.860000,1.005961,-0.333333,-2.232946,-0.056140,-0.000000,-1.330505,-0.220693,0.000000,7.283614
14.880000,1.004806,-0.333333,-2.258057,-0.058777,-0.000000,-1.178489,-0.043068,0.000000,7.917897
14.900000,1.003633,-0.333333,-2.280001,-0.057862,-0.000000,-1.013789,0.134558,0.000000,8.552180
14.920000,1.002515,-0.333333,-2.298524,-0.053395,-0.000000,-0.836402,0.312184,0.000000,9.186463
14.940000,1.001521,-0.333333,-2.313373,-0.045375,-0.000000,-0.646330,0.489809,0.000000,9.820746
14.960000,1.000723,-0.333333,-2.324293,-0.033802,-0.000000,-0.443572,0.667435,0.000000,10.455029
14.980000,1.000193,-0.333333,-2.331031,-0.018677,-0.000000,-0.228129,0.845061,0.000000,11.089312
