0.000000,0.000000,0.000000,0.000000,0.000000,0.000000,0.000000,6.127405,1.377220,-6.395109
0.020000,0.001211,0.000272,-0.001264,0.120372,0.027055,-0.125631,5.909760,1.328301,-6.167956
0.040000,0.004786,0.001076,-0.004995,0.236390,0.053132,-0.246718,5.692116,1.279383,-5.940803
0.060000,0.010638,0.002391,-0.011102,0.348056,0.078231,-0.363263,5.474472,1.230464,-5.713650
0.080000,0.018679,0.004198,-0.019495,0.455369,0.102351,-0.475264,5.256827,1.181545,-5.486497
0.100000,0.028823,0.006478,-0.030083,0.558329,0.125492,-0.582723,5.039183,1.132627,-5.259344
0.120000,0.040983,0.009212,-0.042774,0.656937,0.147656,-0.685638,4.821539,1.083708,-5.032190
0.140000,0.055072,0.012378,-0.057478,0.751191,0.168841,-0.784010,4.603895,1.034790,-4.805037
0.160000,0.071002,0.015959,-0.074104,0.841092,0.189047,-0.877839,4.386250,0.985871,-4.577884
0.180000,0.088686,0.019934,-0.092561,0.926641,0.208275,-0.967126,4.168606,0.936952,-4.350731
0.200000,0.108038,0.024283,-0.112759,1.007837,0.226525,-1.051869,3.950962,0.888034,-4.123578
0.220000,0.128971,0.028988,-0.134606,1.084679,0.243797,-1.132069,3.733318,0.839115,-3.896425
0.240000,0.151397,0.034029,-0.158011,1.157169,0.260090,-1.207726,3.515673,0.790197,-3.669272
0.260000,0.175229,0.039385,-0.182884,1.225306,0.275405,-1.278840,3.298029,0.741278,-3.442119
0.280000,0.200380,0.045038,-0.209134,1.289090,0.289741,-1.345410,3.080385,0.692359,-3.214966
0.300000,0.226763,0.050968,-0.236670,1.348522,0.303099,-1.407438,2.862740,0.643441,-2.987813
0.320000,0.254292,0.057156,-0.265402,1.403600,0.315479,-1.464923,2.645096,0.594522,-2.760660
0.340000,0.282878,0.063581,-0.295237,1.454326,0.326880,-1.517865,2.427452,0.545604,-2.533507
0.360000,0.312436,0.070224,-0.326086,1.500698,0.337303,-1.566263,2.209808,0.496685,-2.306353
0.380000,0.342877,0.077066,-0.357857,1.542718,0.346747,-1.610119,1.992163,0.447767,-2.079200
0.400000,0.374115,0.084088,-0.390460,1.580385,0.355214,-1.649431,1.774519,0.398848,-1.852047
0.420000,0.406064,0.091268,-0.423804,1.613699,0.362701,-1.684201,1.556875,0.349929,-1.624894
0.440000,0.438634,0.098589,-0.457798,1.642660,0.369211,-1.714427,1.339231,0.301011,-1.397741
0.460000,0.471741,0.106030,-0.492351,1.667268,0.374742,-1.740110,1.121586,0.252092,-1.170588
0.480000,0.505296,0.113572,-0.527372,1.687523,0.379294,-1.761251,0.903942,0.203174,-0.943435
0.500000,0.539213,0.121196,-0.562771,1.703426,0.382869,-1.777848,0.686298,0.154255,-0.716282
0.520000,0.573404,0.128881,-0.598456,1.714975,0.385465,-1.789902,0.468653,0.105336,-0.489129
0.540000,0.607783,0.136608,-0.634337,1.722172,0.387082,-1.797413,0.251009,0.056418,-0.261976
0.560000,0.642262,0.144357,-0.670322,1.725015,0.387721,-1.800381,0.033365,0.007499,-0.034823
0.580000,0.676754,0.152110,-0.706322,1.723506,0.387382,-1.798806,-0.184279,-0.041419,0.192331
0.600000,0.711173,0.159846,-0.742244,1.717644,0.386065,-1.792688,-0.401924,-0.090338,0.419484
0.620000,0.745431,0.167546,-0.777999,1.707429,0.383769,-1.782026,-0.619568,-0.139257,0.646637
0.640000,0.779441,0.175190,-0.813495,1.692862,0.380494,-1.766822,-0.837212,-0.188175,0.873790
0.660000,0.813117,0.182759,-0.848641,1.673941,0.376242,-1.747075,-1.054856,-0.237094,1.100943
0.680000,0.846370,0.190233,-0.883348,1.650667,0.371011,-1.722784,-1.272501,-0.286012,1.328096
0.700000,0.879114,0.197593,-0.917522,1.623041,0.364801,-1.693951,-1.490145,-0.334931,1.555249
0.720000,0.911263,0.204819,-0.951075,1.591061,0.357613,-1.660574,-1.707789,-0.383849,1.782402
0.740000,0.942728,0.211891,-0.983915,1.554729,0.349447,-1.622655,-1.925434,-0.432768,2.009555
0.760000,0.973423,0.218790,-1.015951,1.514044,0.340303,-1.580192,-2.143078,-0.481687,2.236708
0.780000,1.003260,0.225497,-1.047093,1.469006,0.330180,-1.533187,-2.360722,-0.530605,2.463861
0.800000,1.032154,0.231991,-1.077248,1.419615,0.319078,-1.481638,-2.578366,-0.579524,2.691014
0.820000,1.060016,0.238253,-1.106328,1.365872,0.306999,-1.425546,-2.796011,-0.628442,2.918168
0.840000,1.086760,0.244264,-1.134240,1.307775,0.293941,-1.364911,-3.013655,-0.677361,3.145321
0.860000,1.112298,0.250004,-1.160894,1.245325,0.279904,-1.299733,-3.231299,-0.726280,3.372474
0.880000,1.136544,0.255454,-1.186199,1.178523,0.264889,-1.230012,-3.448943,-0.775198,3.599627
0.900000,1.159410,0.260594,-1.210064,1.107368,0.248896,-1.155748,-3.666588,-0.824117,3.826780
0.920000,1.180809,0.265403,-1.232399,1.031859,0.231925,-1.076941,-3.884232,-0.873035,4.053933
0.940000,1.200655,0.269864,-1.253111,0.951998,0.213975,-0.993591,-4.101876,-0.921954,4.281086
0.960000,1.218860,0.273956,-1.272112,0.867784,0.195047,-0.905698,-4.319521,-0.970873,4.508239
0.980000,1.235338,0.277659,-1.289309,0.779217,0.175140,-0.813261,-4.537165,-1.019791,4.735392
1.000000,1.250000,0.280955,-1.304612,0.686298,0.154255,-0.716282,-4.754809,-1.068710,4.962545
1.020000,1.262791,0.283830,-1.317962,0.593613,0.133423,-0.619548,-4.513655,-1.014507,4.710855
1.040000,1.273777,0.286299,-1.329428,0.505752,0.113675,-0.527848,-4.272501,-0.960304,4.459165
1.060000,1.283053,0.288384,-1.339109,0.422713,0.095011,-0.441181,-4.031347,-0.906101,4.207475
1.080000,1.290717,0.290107,-1.347108,0.344498,0.077431,-0.359549,-3.790192,-0.851899,3.955785
1.100000,1.296865,0.291489,-1.353525,0.271105,0.060935,-0.282950,-3.549038,-0.797696,3.704095
1.120000,1.301594,0.292551,-1.358460,0.202536,0.045523,-0.211385,-3.307884,-0.743493,3.452404
1.140000,1.304999,0.293317,-1.362014,0.138790,0.031195,-0.144854,-3.066730,-0.689290,3.200714
1.160000,1.307177,0.293806,-1.364288,0.079867,0.017951,-0.083356,-2.825576,-0.635088,2.949024
1.180000,1.308226,0.294042,-1.365382,0.025767,0.005791,-0.026893,-2.584421,-0.580885,2.697334
1.200000,1.308240,0.294045,-1.365397,-0.023510,-0.005284,0.024537,-2.343267,-0.526682,2.445644
1.220000,1.307318,0.293838,-1.364434,-0.067964,-0.015276,0.070933,-2.102113,-0.472479,2.193954
1.240000,1.305554,0.293441,-1.362593,-0.107594,-0.024183,0.112295,-1.860959,-0.418276,1.942263
1.260000,1.303046,0.292878,-1.359976,-0.142402,-0.032007,0.148624,-1.619805,-0.364074,1.690573
1.280000,1.299890,0.292168,-1.356682,-0.172387,-0.038746,0.179918,-1.378651,-0.309871,1.438883
1.300000,1.296183,0.291335,-1.352812,-0.197548,-0.044402,0.206179,-1.137496,-0.255668,1.187193
1.320000,1.292020,0.290400,-1.348468,-0.217886,-0.048973,0.227406,-0.896342,-0.201465,0.935503
1.340000,1.287499,0.289383,-1.343750,-0.233402,-0.052460,0.243599,-0.655188,-0.147263,0.683813
1.360000,1.282716,0.288308,-1.338758,-0.244094,-0.054864,0.254758,-0.414034,-0.093060,0.432122
1.380000,1.277768,0.287196,-1.333593,-0.249963,-0.056183,0.260884,-0.172880,-0.038857,0.180432
1.400000,1.272750,0.286068,-1.328356,-0.251009,-0.056418,0.261976,0.068274,0.015346,-0.071258
1.420000,1.267759,0.284947,-1.323147,-0.247232,-0.055569,0.258034,0.309429,0.069548,-0.322948
1.440000,1.262893,0.283853,-1.318068,-0.238632,-0.053636,0.249058,0.550583,0.123751,-0.574638
1.460000,1.258246,0.282808,-1.313219,-0.225209,-0.050619,0.235048,0.791737,0.177954,-0.826328
1.480000,1.253917,0.281835,-1.308700,-0.206963,-0.046518,0.216005,1.032891,0.232157,-1.078019
1.500000,1.250000,0.280955,-1.304612,-0.183893,-0.041333,0.191927,1.274045,0.286360,-1.329709
1.520000,1.246573,0.280185,-1.301035,-0.159058,-0.035751,0.166008,1.209429,0.271836,-1.262269
1.540000,1.243629,0.279523,-1.297963,-0.135516,-0.030459,0.141437,1.144812,0.257313,-1.194829
1.560000,1.241143,0.278964,-1.295369,-0.113266,-0.025458,0.118214,1.080195,0.242789,-1.127389
1.580000,1.239090,0.278503,-1.293225,-0.092308,-0.020748,0.096341,1.015579,0.228265,-1.059949
1.600000,1.237442,0.278132,-1.291506,-0.072643,-0.016327,0.075816,0.950962,0.213742,-0.992509
1.620000,1.236175,0.277848,-1.290184,-0.054270,-0.012198,0.056641,0.886345,0.199218,-0.925069
1.640000,1.235263,0.277643,-1.289231,-0.037189,-0.008359,0.038814,0.821728,0.184695,-0.857629
1.660000,1.234679,0.277511,-1.288622,-0.021401,-0.004810,0.022335,0.757112,0.170171,-0.790189
1.680000,1.234398,0.277448,-1.288329,-0.006905,-0.001552,0.007206,0.692495,0.155648,-0.722749
1.700000,1.234394,0.277447,-1.288325,0.006299,0.001416,-0.006574,0.627878,0.141124,-0.655309
1.720000,1.234642,0.277503,-1.288583,0.018211,0.004093,-0.019006,0.563262,0.126601,-0.587869
1.740000,1.235114,0.277609,-1.289076,0.028830,0.006480,-0.030089,0.498645,0.112077,-0.520430
1.760000,1.235786,0.277760,-1.289777,0.038156,0.008576,-0.039823,0.434028,0.097554,-0.452990
1.780000,1.236632,0.277950,-1.290660,0.046191,0.010382,-0.048209,0.369411,0.083030,-0.385550
1.800000,1.237625,0.278174,-1.291697,0.052933,0.011897,-0.055245,0.304795,0.068507,-0.318110
1.820000,1.238741,0.278424,-1.292861,0.058383,0.013122,-0.060933,0.240178,0.053983,-0.250670
1.840000,1.239952,0.278697,-1.294125,0.062540,0.014057,-0.065272,0.175561,0.039460,-0.183230
1.860000,1.241234,0.278985,-1.295463,0.065405,0.014701,-0.068262,0.110945,0.024936,-0.115790
1.880000,1.242560,0.279283,-1.296847,0.066978,0.015054,-0.069904,0.046328,0.010413,-0.048350
1.900000,1.243904,0.279585,-1.298250,0.067258,0.015117,-0.070196,-0.018289,-0.004111,0.019090
1.920000,1.245241,0.279885,-1.299646,0.066246,0.014890,-0.069140,-0.082906,-0.018634,0.086530
1.940000,1.246545,0.280178,-1.301007,0.063942,0.014372,-0.066735,-0.147522,-0.033158,0.153970
1.960000,1.247790,0.280458,-1.302306,0.060345,0.013563,-0.062981,-0.212139,-0.047681,0.221410
1.980000,1.248951,0.280719,-1.303517,0.055456,0.012465,-0.057879,-0.276756,-0.062205,0.288850
2.000000,1.250000,0.280955,-1.304612,0.049275,0.011075,-0.051427,-0.341372,-0.076728,0.356290
2.020000,1.250918,0.281161,-1.305571,0.042621,0.009580,-0.044482,-0.324060,-0.072837,0.338220
2.040000,1.251707,0.281339,-1.306394,0.036313,0.008162,-0.037899,-0.306747,-0.068946,0.320150
2.060000,1.252373,0.281488,-1.307089,0.030351,0.006822,-0.031676,-0.289434,-0.065055,0.302081
2.080000,1.252923,0.281612,-1.307663,0.024735,0.005560,-0.025815,-0.272122,-0.061163,0.284011
2.100000,1.253365,0.281711,-1.308124,0.019466,0.004375,-0.020316,-0.254809,-0.057272,0.265942
2.120000,1.253704,0.281788,-1.308478,0.014543,0.003269,-0.015178,-0.237496,-0.053381,0.247872
2.140000,1.253949,0.281843,-1.308734,0.009966,0.002240,-0.010401,-0.220184,-0.049489,0.229803
2.160000,1.254105,0.281878,-1.308897,0.005736,0.001289,-0.005986,-0.202871,-0.045598,0.211733
2.180000,1.254181,0.281895,-1.308975,0.001851,0.000416,-0.001932,-0.185558,-0.041707,0.193664
2.200000,1.254182,0.281895,-1.308976,-0.001687,-0.000379,0.001761,-0.168246,-0.037815,0.175594
2.220000,1.254116,0.281880,-1.308907,-0.004879,-0.001097,0.005092,-0.150933,-0.033924,0.157524
2.240000,1.253989,0.281851,-1.308775,-0.007724,-0.001736,0.008062,-0.133620,-0.030033,0.139455
2.260000,1.253809,0.281811,-1.308587,-0.010223,-0.002298,0.010670,-0.116308,-0.026141,0.121385
2.280000,1.253582,0.281760,-1.308351,-0.012376,-0.002782,0.012917,-0.098995,-0.022250,0.103316
2.300000,1.253316,0.281700,-1.308073,-0.014183,-0.003188,0.014803,-0.081682,-0.018359,0.085246
2.320000,1.253017,0.281633,-1.307761,-0.015644,-0.003516,0.016327,-0.064370,-0.014468,0.067177
2.340000,1.252693,0.281560,-1.307422,-0.016758,-0.003767,0.017490,-0.047057,-0.010576,0.049107
2.360000,1.252349,0.281483,-1.307064,-0.017526,-0.003939,0.018291,-0.029744,-0.006685,0.031038
2.380000,1.251994,0.281403,-1.306693,-0.017948,-0.004034,0.018731,-0.012432,-0.002794,0.012968
2.400000,1.251634,0.281322,-1.306317,-0.018023,-0.004051,0.018810,0.004881,0.001098,-0.005102
2.420000,1.251275,0.281242,-1.305943,-0.017753,-0.003990,0.018527,0.022194,0.004989,-0.023171
2.440000,1.250926,0.281163,-1.305578,-0.017136,-0.003851,0.017883,0.039506,0.008880,-0.041241
2.460000,1.250592,0.281088,-1.305230,-0.016172,-0.003635,0.016878,0.056819,0.012772,-0.059310
2.480000,1.250281,0.281018,-1.304906,-0.014863,-0.003340,0.015511,0.074132,0.016663,-0.077380
2.500000,1.250000,0.280955,-1.304612,-0.013207,-0.002968,0.013783,0.091444,0.020554,-0.095449
2.520000,1.249754,0.280900,-1.304355,-0.011424,-0.002568,0.011922,0.086810,0.019513,-0.090611
2.540000,1.249542,0.280852,-1.304135,-0.009735,-0.002188,0.010158,0.082176,0.018471,-0.085773
2.560000,1.249364,0.280812,-1.303948,-0.008137,-0.001829,0.008491,0.077542,0.017429,-0.080934
2.580000,1.249216,0.280779,-1.303794,-0.006633,-0.001491,0.006921,0.072908,0.016387,-0.076096
2.600000,1.249098,0.280752,-1.303671,-0.005221,-0.001173,0.005447,0.068274,0.015346,-0.071258
2.620000,1.249007,0.280732,-1.303576,-0.003902,-0.000877,0.004070,0.063641,0.014304,-0.066420
2.640000,1.248941,0.280717,-1.303507,-0.002675,-0.000601,0.002790,0.059007,0.013262,-0.061581
2.660000,1.248899,0.280708,-1.303464,-0.001542,-0.000346,0.001607,0.054373,0.012221,-0.056743
2.680000,1.248879,0.280703,-1.303442,-0.000501,-0.000112,0.000521,0.049739,0.011179,-0.051905
2.700000,1.248879,0.280703,-1.303442,0.000448,0.000101,-0.000469,0.045105,0.010137,-0.047066
2.720000,1.248896,0.280707,-1.303460,0.001304,0.000293,-0.001362,0.040471,0.009095,-0.042228
2.740000,1.248930,0.280715,-1.303496,0.002067,0.000465,-0.002158,0.035837,0.008054,-0.037390
2.760000,1.248978,0.280725,-1.303546,0.002737,0.000615,-0.002858,0.031203,0.007012,-0.032552
2.780000,1.249039,0.280739,-1.303610,0.003315,0.000745,-0.003460,0.026569,0.005970,-0.027713
2.800000,1.249110,0.280755,-1.303684,0.003800,0.000854,-0.003966,0.021935,0.004929,-0.022875
2.820000,1.249190,0.280773,-1.303768,0.004192,0.000942,-0.004375,0.017301,0.003887,-0.018037
2.840000,1.249277,0.280793,-1.303858,0.004492,0.001010,-0.004688,0.012667,0.002845,-0.013198
2.860000,1.249369,0.280813,-1.303954,0.004699,0.001056,-0.004903,0.008033,0.001803,-0.008360
2.880000,1.249465,0.280835,-1.304054,0.004813,0.001082,-0.005022,0.003399,0.000762,-0.003522
2.900000,1.249561,0.280856,-1.304155,0.004835,0.001087,-0.005044,-0.001235,-0.000280,0.001316
2.920000,1.249657,0.280878,-1.304255,0.004764,0.001070,-0.004969,-0.005869,-0.001322,0.006155
2.940000,1.249751,0.280899,-1.304353,0.004600,0.001034,-0.004798,-0.010503,-0.002364,0.010993
2.960000,1.249841,0.280919,-1.304446,0.004344,0.000976,-0.004530,-0.015136,-0.003405,0.015831
2.980000,1.249924,0.280938,-1.304533,0.003995,0.000897,-0.004165,-0.019770,-0.004447,0.020670
3.000000,1.250000,0.280955,-1.304612,0.003553,0.000798,-0.003703,-0.024404,-0.005489,0.025508
3.020000,1.250066,0.280970,-1.304681,0.003077,0.000691,-0.003205,-0.023181,-0.005213,0.024224
3.040000,1.250123,0.280983,-1.304740,0.002626,0.000590,-0.002734,-0.021958,-0.004938,0.022941
3.060000,1.250171,0.280993,-1.304791,0.002199,0.000494,-0.002288,-0.020735,-0.004662,0.021657
3.080000,1.250211,0.281002,-1.304832,0.001796,0.000403,-0.001868,-0.019512,-0.004386,0.020373
3.100000,1.250243,0.281010,-1.304866,0.001418,0.000318,-0.001473,-0.018289,-0.004111,0.019090
3.120000,1.250268,0.281015,-1.304891,0.001065,0.000239,-0.001104,-0.017066,-0.003835,0.017806
3.140000,1.250286,0.281019,-1.304910,0.000736,0.000165,-0.000761,-0.015843,-0.003560,0.016523
3.160000,1.250298,0.281022,-1.304922,0.000431,0.000096,-0.000443,-0.014620,-0.003284,0.015239
3.180000,1.250304,0.281023,-1.304928,0.000151,0.000033,-0.000151,-0.013396,-0.003009,0.013956
3.200000,1.250304,0.281023,-1.304928,-0.000105,-0.000024,0.000115,-0.012173,-0.002733,0.012672
3.220000,1.250300,0.281022,-1.304923,-0.000336,-0.000076,0.000356,-0.010950,-0.002457,0.011388
3.240000,1.250291,0.281020,-1.304914,-0.000543,-0.000122,0.000571,-0.009727,-0.002182,0.010105
3.260000,1.250278,0.281017,-1.304901,-0.000725,-0.000163,0.000760,-0.008504,-0.001906,0.008821
3.280000,1.250262,0.281014,-1.304884,-0.000883,-0.000199,0.000924,-0.007281,-0.001631,0.007538
3.300000,1.250243,0.281009,-1.304864,-0.001016,-0.000229,0.001061,-0.006058,-0.001355,0.006254
3.320000,1.250221,0.281005,-1.304842,-0.001125,-0.000253,0.001174,-0.004835,-0.001080,0.004970
3.340000,1.250198,0.280999,-1.304817,-0.001210,-0.000272,0.001260,-0.003612,-0.000804,0.003687
3.360000,1.250173,0.280994,-1.304791,-0.001270,-0.000285,0.001321,-0.002389,-0.000529,0.002403
3.380000,1.250147,0.280988,-1.304764,-0.001305,-0.000293,0.001356,-0.001165,-0.000253,0.001120
3.400000,1.250121,0.280982,-1.304737,-0.001316,-0.000295,0.001366,0.000058,0.000023,-0.000164
3.420000,1.250095,0.280976,-1.304710,-0.001303,-0.000292,0.001350,0.001281,0.000298,-0.001448
3.440000,1.250069,0.280970,-1.304683,-0.001265,-0.000283,0.001308,0.002504,0.000574,-0.002731
3.460000,1.250044,0.280965,-1.304658,-0.001203,-0.000269,0.001241,0.003727,0.000849,-0.004015
3.480000,1.250021,0.280960,-1.304634,-0.001116,-0.000249,0.001147,0.004950,0.001125,-0.005298
3.500000,1.250000,0.280955,-1.304612,-0.001005,-0.000224,0.001029,0.006173,0.001400,-0.006582
3.520000,1.249981,0.280951,-1.304593,-0.000884,-0.000197,0.000900,0.005915,0.001340,-0.006286
3.540000,1.249965,0.280947,-1.304576,-0.000768,-0.000170,0.000777,0.005656,0.001279,-0.005990
3.560000,1.249950,0.280944,-1.304562,-0.000658,-0.000145,0.000660,0.005398,0.001219,-0.005694
3.580000,1.249938,0.280941,-1.304550,-0.000552,-0.000122,0.000549,0.005139,0.001158,-0.005398
3.600000,1.249928,0.280939,-1.304540,-0.000452,-0.000099,0.000445,0.004881,0.001098,-0.005102
3.620000,1.249920,0.280937,-1.304532,-0.000357,-0.000078,0.000345,0.004622,0.001037,-0.004805
3.640000,1.249914,0.280936,-1.304526,-0.000267,-0.000058,0.000252,0.004364,0.000977,-0.004509
3.660000,1.249909,0.280935,-1.304522,-0.000183,-0.000039,0.000165,0.004105,0.000916,-0.004213
3.680000,1.249907,0.280934,-1.304519,-0.000103,-0.000021,0.000084,0.003847,0.000856,-0.003917
3.700000,1.249905,0.280934,-1.304518,-0.000029,-0.000004,0.000008,0.003589,0.000795,-0.003621
3.720000,1.249905,0.280934,-1.304519,0.000041,0.000011,-0.000061,0.003330,0.000735,-0.003325
3.740000,1.249907,0.280935,-1.304521,0.000105,0.000025,-0.000125,0.003072,0.000674,-0.003029
3.760000,1.249910,0.280935,-1.304524,0.000163,0.000038,-0.000182,0.002813,0.000613,-0.002733
3.780000,1.249913,0.280936,-1.304528,0.000217,0.000049,-0.000234,0.002555,0.000553,-0.002437
3.800000,1.249918,0.280937,-1.304533,0.000266,0.000060,-0.000280,0.002296,0.000492,-0.002141
3.820000,1.249924,0.280938,-1.304539,0.000309,0.000069,-0.000320,0.002038,0.000432,-0.001845
3.840000,1.249931,0.280940,-1.304546,0.000347,0.000077,-0.000354,0.001779,0.000371,-0.001549
3.860000,1.249938,0.280942,-1.304553,0.000380,0.000084,-0.000382,0.001521,0.000311,-0.001253
3.880000,1.249946,0.280943,-1.304561,0.000408,0.000090,-0.000404,0.001262,0.000250,-0.000957
3.900000,1.249954,0.280945,-1.304569,0.000431,0.000094,-0.000420,0.001004,0.000190,-0.000661
3.920000,1.249963,0.280947,-1.304578,0.000448,0.000097,-0.000430,0.000746,0.000129,-0.000365
3.940000,1.249972,0.280949,-1.304586,0.000460,0.000099,-0.000434,0.000487,0.000069,-0.000069
3.960000,1.249981,0.280951,-1.304595,0.000468,0.000100,-0.000433,0.000229,0.000008,0.000228
3.980000,1.249991,0.280953,-1.304604,0.000470,0.000100,-0.000425,-0.000030,-0.000052,0.000524
4.000000,1.250000,0.280955,-1.304612,0.000466,0.000098,-0.000412,-0.000288,-0.000113,0.000820
4.020000,1.250009,0.280957,-1.304620,0.000459,0.000095,-0.000394,-0.000478,-0.000146,0.000919
4.040000,1.250018,0.280959,-1.304628,0.000447,0.000092,-0.000375,-0.000667,-0.000180,0.001018
4.060000,1.250027,0.280961,-1.304635,0.000432,0.000088,-0.000354,-0.000856,-0.000213,0.001118
4.080000,1.250036,0.280962,-1.304642,0.000413,0.000084,-0.000330,-0.001045,-0.000247,0.001217
4.100000,1.250044,0.280964,-1.304648,0.000390,0.000078,-0.000305,-0.001235,-0.000280,0.001316
4.120000,1.250051,0.280965,-1.304654,0.000364,0.000072,-0.000278,-0.001424,-0.000314,0.001416
4.140000,1.250058,0.280967,-1.304659,0.000333,0.000066,-0.000248,-0.001613,-0.000347,0.001515
4.160000,1.250064,0.280968,-1.304664,0.000299,0.000058,-0.000217,-0.001802,-0.000380,0.001614
4.180000,1.250070,0.280969,-1.304668,0.000261,0.000050,-0.000184,-0.001992,-0.000414,0.001714
4.200000,1.250075,0.280970,-1.304671,0.000219,0.000042,-0.000149,-0.002181,-0.000447,0.001813
4.220000,1.250079,0.280971,-1.304674,0.000174,0.000033,-0.000111,-0.002370,-0.000481,0.001912
4.240000,1.250082,0.280971,-1.304676,0.000125,0.000023,-0.000072,-0.002559,-0.000514,0.002012
4.260000,1.250084,0.280972,-1.304677,0.000072,0.000012,-0.000031,-0.002749,-0.000548,0.002111
4.280000,1.250085,0.280972,-1.304677,0.000015,0.000001,0.000012,-0.002938,-0.000581,0.002210
4.300000,1.250084,0.280972,-1.304676,-0.000046,-0.000011,0.000058,-0.003127,-0.000614,0.002310
4.320000,1.250083,0.280971,-1.304675,-0.000110,-0.000024,0.000105,-0.003316,-0.000648,0.002409
4.340000,1.250080,0.280971,-1.304672,-0.000179,-0.000037,0.000154,-0.003506,-0.000681,0.002509
4.360000,1.250076,0.280970,-1.304669,-0.000251,-0.000051,0.000205,-0.003695,-0.000715,0.002608
4.380000,1.250070,0.280969,-1.304664,-0.000326,-0.000066,0.000258,-0.003884,-0.000748,0.002707
4.400000,1.250063,0.280967,-1.304658,-0.000406,-0.000081,0.000313,-0.004074,-0.000782,0.002807
4.420000,1.250054,0.280965,-1.304651,-0.000489,-0.000097,0.000370,-0.004263,-0.000815,0.002906
4.440000,1.250043,0.280963,-1.304643,-0.000577,-0.000114,0.000430,-0.004452,-0.000848,0.003005
4.460000,1.250031,0.280961,-1.304634,-0.000667,-0.000131,0.000491,-0.004641,-0.000882,0.003105
4.480000,1.250016,0.280958,-1.304624,-0.000762,-0.000149,0.000554,-0.004831,-0.000915,0.003204
4.500000,1.250000,0.280955,-1.304612,-0.000861,-0.000168,0.000619,-0.005020,-0.000949,0.003303
4.520000,1.249982,0.280951,-1.304599,-0.000951,-0.000185,0.000678,-0.004004,-0.000755,0.002610
4.540000,1.249962,0.280948,-1.304585,-0.001021,-0.000198,0.000723,-0.002989,-0.000560,0.001916
4.560000,1.249941,0.280944,-1.304570,-0.001070,-0.000207,0.000755,-0.001973,-0.000366,0.001223
4.580000,1.249919,0.280939,-1.304555,-0.001100,-0.000212,0.000772,-0.000958,-0.000172,0.000530
4.600000,1.249897,0.280935,-1.304539,-0.001109,-0.000214,0.000776,0.000058,0.000023,-0.000164
4.620000,1.249875,0.280931,-1.304524,-0.001097,-0.000211,0.000766,0.001073,0.000217,-0.000857
4.640000,1.249854,0.280927,-1.304509,-0.001066,-0.000205,0.000742,0.002089,0.000411,-0.001551
4.660000,1.249833,0.280923,-1.304494,-0.001014,-0.000195,0.000704,0.003104,0.000605,-0.002244
4.680000,1.249813,0.280919,-1.304481,-0.000942,-0.000181,0.000652,0.004120,0.000800,-0.002938
4.700000,1.249795,0.280915,-1.304469,-0.000849,-0.000163,0.000586,0.005135,0.000994,-0.003631
4.720000,1.249779,0.280912,-1.304458,-0.000736,-0.000141,0.000507,0.006151,0.001188,-0.004325
4.740000,1.249766,0.280910,-1.304448,-0.000603,-0.000115,0.000413,0.007166,0.001383,-0.005018
4.760000,1.249755,0.280908,-1.304441,-0.000450,-0.000086,0.000306,0.008182,0.001577,-0.005711
4.780000,1.249748,0.280906,-1.304436,-0.000276,-0.000052,0.000185,0.009197,0.001771,-0.006405
4.800000,1.249744,0.280906,-1.304434,-0.000082,-0.000015,0.000050,0.010213,0.001965,-0.007098
4.820000,1.249745,0.280906,-1.304434,0.000133,0.000026,-0.000099,0.011228,0.002160,-0.007792
4.840000,1.249750,0.280907,-1.304438,0.000367,0.000071,-0.000262,0.012244,0.002354,-0.008485
4.860000,1.249760,0.280909,-1.304445,0.000622,0.000120,-0.000439,0.013259,0.002548,-0.009179
4.880000,1.249775,0.280912,-1.304456,0.000898,0.000173,-0.000629,0.014275,0.002742,-0.009872
4.900000,1.249796,0.280916,-1.304470,0.001193,0.000230,-0.000834,0.015290,0.002937,-0.010566
4.920000,1.249823,0.280921,-1.304489,0.001509,0.000291,-0.001052,0.016306,0.003131,-0.011259
4.940000,1.249856,0.280927,-1.304512,0.001846,0.000355,-0.001284,0.017321,0.003325,-0.011952
4.960000,1.249897,0.280935,-1.304540,0.002202,0.000424,-0.001530,0.018337,0.003520,-0.012646
4.980000,1.249944,0.280944,-1.304574,0.002579,0.000496,-0.001790,0.019352,0.003714,-0.013339
5.000000,1.250000,0.280955,-1.304612,0.002976,0.000572,-0.002064,0.020368,0.003908,-0.014033
5.020000,1.250063,0.280967,-1.304656,0.003345,0.000643,-0.002317,0.016495,0.003164,-0.011358
5.040000,1.250133,0.280981,-1.304704,0.003636,0.000699,-0.002518,0.012622,0.002421,-0.008684
5.060000,1.250208,0.280995,-1.304756,0.003850,0.000740,-0.002665,0.008749,0.001677,-0.006010
5.080000,1.250287,0.281010,-1.304811,0.003986,0.000766,-0.002758,0.004877,0.000933,-0.003335
5.100000,1.250367,0.281026,-1.304866,0.004045,0.000777,-0.002798,0.001004,0.000190,-0.000661
5.120000,1.250448,0.281041,-1.304922,0.004026,0.000774,-0.002785,-0.002869,-0.000554,0.002014
5.140000,1.250528,0.281056,-1.304977,0.003930,0.000755,-0.002718,-0.006741,-0.001298,0.004688
5.160000,1.250605,0.281071,-1.305031,0.003757,0.000722,-0.002597,-0.010614,-0.002041,0.007363
5.180000,1.250677,0.281085,-1.305081,0.003506,0.000673,-0.002423,-0.014487,-0.002785,0.010037
5.200000,1.250744,0.281098,-1.305127,0.003177,0.000610,-0.002196,-0.018360,-0.003529,0.012712
5.220000,1.250804,0.281109,-1.305168,0.002771,0.000532,-0.001915,-0.022232,-0.004272,0.015386
5.240000,1.250855,0.281119,-1.305203,0.002288,0.000439,-0.001580,-0.026105,-0.005016,0.018060
5.260000,1.250895,0.281127,-1.305231,0.001727,0.000332,-0.001192,-0.029978,-0.005760,0.020735
5.280000,1.250923,0.281132,-1.305251,0.001089,0.000209,-0.000751,-0.033851,-0.006503,0.023409
5.300000,1.250938,0.281135,-1.305261,0.000373,0.000071,-0.000256,-0.037723,-0.007247,0.026084
5.320000,1.250938,0.281135,-1.305261,-0.000420,-0.000081,0.000293,-0.041596,-0.007991,0.028758
5.340000,1.250921,0.281132,-1.305249,-0.001291,-0.000248,0.000894,-0.045469,-0.008734,0.031433
5.360000,1.250886,0.281125,-1.305224,-0.002239,-0.000430,0.001550,-0.049342,-0.009478,0.034107
5.380000,1.250831,0.281115,-1.305186,-0.003265,-0.000627,0.002259,-0.053214,-0.010222,0.036781
5.400000,1.250754,0.281100,-1.305134,-0.004368,-0.000839,0.003021,-0.057087,-0.010965,0.039456
5.420000,1.250655,0.281081,-1.305065,-0.005548,-0.001066,0.003837,-0.060960,-0.011709,0.042130
5.440000,1.250532,0.281057,-1.304980,-0.006806,-0.001307,0.004706,-0.064832,-0.012453,0.044805
5.460000,1.250383,0.281028,-1.304877,-0.008141,-0.001564,0.005629,-0.068705,-0.013196,0.047479
5.480000,1.250206,0.280994,-1.304754,-0.009554,-0.001835,0.006605,-0.072578,-0.013940,0.050154
5.500000,1.250000,0.280955,-1.304612,-0.011044,-0.002122,0.007635,-0.076451,-0.014684,0.052828
5.520000,1.249765,0.280910,-1.304450,-0.012429,-0.002387,0.008592,-0.061975,-0.011903,0.042824
5.540000,1.249505,0.280860,-1.304270,-0.013523,-0.002598,0.009348,-0.047500,-0.009123,0.032819
5.560000,1.249226,0.280806,-1.304077,-0.014329,-0.002752,0.009905,-0.033024,-0.006342,0.022815
5.580000,1.248934,0.280750,-1.303875,-0.014844,-0.002851,0.010261,-0.018549,-0.003562,0.012811
5.600000,1.248634,0.280693,-1.303668,-0.015071,-0.002895,0.010417,-0.004074,-0.000782,0.002807
5.620000,1.248333,0.280635,-1.303460,-0.015007,-0.002883,0.010373,0.010402,0.001999,-0.007198
5.640000,1.248036,0.280578,-1.303254,-0.014655,-0.002815,0.010129,0.024877,0.004779,-0.017202
5.660000,1.247748,0.280522,-1.303056,-0.014012,-0.002691,0.009685,0.039353,0.007560,-0.027206
5.680000,1.247477,0.280470,-1.302868,-0.013080,-0.002513,0.009041,0.053828,0.010340,-0.037211
5.700000,1.247227,0.280422,-1.302695,-0.011859,-0.002278,0.008197,0.068304,0.013120,-0.047215
5.720000,1.247005,0.280380,-1.302542,-0.010348,-0.001988,0.007152,0.082779,0.015901,-0.057219
5.740000,1.246815,0.280343,-1.302411,-0.008548,-0.001642,0.005908,0.097254,0.018681,-0.067223
5.760000,1.246665,0.280314,-1.302307,-0.006458,-0.001240,0.004463,0.111730,0.021461,-0.077228
5.780000,1.246559,0.280294,-1.302233,-0.004079,-0.000783,0.002819,0.126205,0.024242,-0.087232
5.800000,1.246503,0.280283,-1.302195,-0.001410,-0.000271,0.000974,0.140681,0.027022,-0.097236
5.820000,1.246504,0.280283,-1.302196,0.001548,0.000297,-0.001071,0.155156,0.029803,-0.107241
5.840000,1.246567,0.280296,-1.302239,0.004796,0.000921,-0.003316,0.169632,0.032583,-0.117245
5.860000,1.246698,0.280321,-1.302330,0.008334,0.001601,-0.005761,0.184107,0.035363,-0.127249
5.880000,1.246902,0.280360,-1.302471,0.012161,0.002336,-0.008406,0.198582,0.038144,-0.137254
5.900000,1.247186,0.280415,-1.302667,0.016277,0.003127,-0.011251,0.213058,0.040924,-0.147258
5.920000,1.247556,0.280485,-1.302923,0.020683,0.003973,-0.014296,0.227533,0.043704,-0.157262
5.940000,1.248016,0.280574,-1.303241,0.025378,0.004875,-0.017541,0.242009,0.046485,-0.167266
5.960000,1.248573,0.280681,-1.303625,0.030363,0.005832,-0.020987,0.256484,0.049265,-0.177271
5.980000,1.249232,0.280807,-1.304081,0.035638,0.006845,-0.024632,0.270959,0.052046,-0.187275
6.000000,1.250000,0.280955,-1.304612,0.041202,0.007914,-0.028478,0.285435,0.054826,-0.197279
6.020000,1.250880,0.281124,-1.305222,0.046775,0.009000,-0.032510,0.271886,0.053729,-0.205937
6.040000,1.251869,0.281315,-1.305914,0.052077,0.010063,-0.036715,0.258337,0.052633,-0.214596
6.060000,1.252961,0.281527,-1.306691,0.057108,0.011105,-0.041094,0.244788,0.051536,-0.223254
6.080000,1.254152,0.281759,-1.307559,0.061869,0.012125,-0.045645,0.231239,0.050440,-0.231912
6.100000,1.255434,0.282011,-1.308518,0.066358,0.013123,-0.050370,0.217689,0.049343,-0.240570
6.120000,1.256804,0.282284,-1.309575,0.070576,0.014098,-0.055268,0.204140,0.048247,-0.249228
6.140000,1.258256,0.282575,-1.310730,0.074523,0.015052,-0.060339,0.190591,0.047150,-0.257886
6.160000,1.259783,0.282886,-1.311989,0.078200,0.015984,-0.065583,0.177042,0.046054,-0.266544
6.180000,1.261382,0.283214,-1.313355,0.081605,0.016895,-0.071001,0.163493,0.044957,-0.275202
6.200000,1.263046,0.283561,-1.314830,0.084739,0.017783,-0.076592,0.149944,0.043861,-0.283860
6.220000,1.264770,0.283926,-1.316420,0.087603,0.018649,-0.082355,0.136395,0.042764,-0.292519
6.240000,1.266548,0.284307,-1.318126,0.090195,0.019493,-0.088292,0.122846,0.041668,-0.301177
6.260000,1.268376,0.284705,-1.319952,0.092517,0.020316,-0.094402,0.109297,0.040571,-0.309835
6.280000,1.270247,0.285119,-1.321903,0.094567,0.021116,-0.100686,0.095748,0.039475,-0.318493
6.300000,1.272157,0.285550,-1.323981,0.096347,0.021895,-0.107142,0.082198,0.038378,-0.327151
6.320000,1.274099,0.285995,-1.326190,0.097855,0.022651,-0.113772,0.068649,0.037282,-0.335809
6.340000,1.276069,0.286456,-1.328533,0.099093,0.023386,-0.120574,0.055100,0.036185,-0.344467
6.360000,1.278061,0.286930,-1.331014,0.100059,0.024099,-0.127550,0.041551,0.035089,-0.353125
6.380000,1.280069,0.287419,-1.333636,0.100755,0.024789,-0.134699,0.028002,0.033992,-0.361783
6.400000,1.282089,0.287922,-1.336403,0.101179,0.025458,-0.142022,0.014453,0.032895,-0.370442
6.420000,1.284115,0.288437,-1.339318,0.101333,0.026105,-0.149517,0.000904,0.031799,-0.379100
6.440000,1.286141,0.288966,-1.342385,0.101215,0.026730,-0.157186,-0.012645,0.030702,-0.387758
6.460000,1.288162,0.289507,-1.345607,0.100827,0.027333,-0.165027,-0.026194,0.029606,-0.396416
6.480000,1.290172,0.290059,-1.348987,0.100168,0.027915,-0.173042,-0.039743,0.028509,-0.405074
6.500000,1.292167,0.290623,-1.352530,0.099237,0.028474,-0.181230,-0.053292,0.027413,-0.413732
6.520000,1.294140,0.291198,-1.356238,0.098036,0.029011,-0.189592,-0.066842,0.026316,-0.422390
6.540000,1.296086,0.291783,-1.360114,0.096564,0.029526,-0.198126,-0.080391,0.025220,-0.431048
6.560000,1.298000,0.292379,-1.364164,0.094820,0.030020,-0.206834,-0.093940,0.024123,-0.439706
6.580000,1.299877,0.292984,-1.368389,0.092806,0.030491,-0.215714,-0.107489,0.023027,-0.448365
6.600000,1.301711,0.293598,-1.372794,0.090521,0.030941,-0.224768,-0.121038,0.021930,-0.457023
6.620000,1.303496,0.294221,-1.377381,0.087964,0.031369,-0.233995,-0.134587,0.020834,-0.465681
6.640000,1.305228,0.294853,-1.382154,0.085137,0.031774,-0.243395,-0.148136,0.019737,-0.474339
6.660000,1.306900,0.295492,-1.387118,0.082039,0.032158,-0.252969,-0.161685,0.018641,-0.482997
6.680000,1.308507,0.296139,-1.392274,0.078670,0.032520,-0.262715,-0.175234,0.017544,-0.491655
6.700000,1.310045,0.296793,-1.397628,0.075030,0.032860,-0.272635,-0.188783,0.016448,-0.500313
6.720000,1.311507,0.297453,-1.403181,0.071118,0.033178,-0.282728,-0.202333,0.015351,-0.508971
6.740000,1.312888,0.298120,-1.408938,0.066936,0.033474,-0.292994,-0.215882,0.014255,-0.517629
6.760000,1.314182,0.298792,-1.414902,0.062483,0.033748,-0.303433,-0.229431,0.013158,-0.526288
6.780000,1.315385,0.299470,-1.421076,0.057759,0.034000,-0.314045,-0.242980,0.012062,-0.534946
6.800000,1.316491,0.300152,-1.427465,0.052764,0.034230,-0.324831,-0.256529,0.010965,-0.543604
6.820000,1.317494,0.300839,-1.434071,0.047498,0.034439,-0.335789,-0.270078,0.009868,-0.552262
6.840000,1.318389,0.301529,-1.440898,0.041961,0.034625,-0.346921,-0.283627,0.008772,-0.560920
6.860000,1.319171,0.302224,-1.447949,0.036153,0.034790,-0.358226,-0.297176,0.007675,-0.569578
6.880000,1.319833,0.302921,-1.455228,0.030074,0.034932,-0.369704,-0.310725,0.006579,-0.578236
6.900000,1.320372,0.303621,-1.462738,0.023724,0.035053,-0.381356,-0.324274,0.005482,-0.586894
6.920000,1.320781,0.304323,-1.470483,0.017103,0.035151,-0.393180,-0.337823,0.004386,-0.595552
6.940000,1.321054,0.305027,-1.478466,0.010211,0.035228,-0.405178,-0.351373,0.003289,-0.604211
6.960000,1.321187,0.305732,-1.486691,0.003048,0.035283,-0.417349,-0.364922,0.002193,-0.612869
6.980000,1.321174,0.306438,-1.495162,-0.004386,0.035316,-0.429693,-0.378471,0.001096,-0.621527
7.000000,1.321010,0.307144,-1.503880,-0.012091,0.035327,-0.442210,-0.392020,-0.000000,-0.630185
7.020000,1.320689,0.307851,-1.512851,-0.020067,0.035316,-0.454900,-0.405569,-0.001097,-0.638843
7.040000,1.320205,0.308557,-1.522077,-0.028314,0.035283,-0.467763,-0.419118,-0.002193,-0.647501
7.060000,1.319554,0.309262,-1.531563,-0.036831,0.035228,-0.480800,-0.432667,-0.003290,-0.656159
7.080000,1.318730,0.309966,-1.541311,-0.045620,0.035151,-0.494010,-0.446216,-0.004386,-0.664817
7.100000,1.317728,0.310668,-1.551324,-0.054680,0.035053,-0.507393,-0.459765,-0.005483,-0.673476
7.120000,1.316541,0.311368,-1.561607,-0.064011,0.034932,-0.520949,-0.473314,-0.006579,-0.682134
7.140000,1.315166,0.312065,-1.572163,-0.073613,0.034790,-0.534678,-0.486864,-0.007676,-0.690792
7.160000,1.313595,0.312759,-1.582996,-0.083485,0.034625,-0.548580,-0.500413,-0.008772,-0.699450
7.180000,1.311824,0.313450,-1.594108,-0.093629,0.034439,-0.562656,-0.513962,-0.009869,-0.708108
7.200000,1.309848,0.314137,-1.605503,-0.104044,0.034230,-0.576905,-0.527511,-0.010966,-0.716766
7.220000,1.307661,0.314819,-1.617185,-0.114730,0.034000,-0.591327,-0.541060,-0.012062,-0.725424
7.240000,1.305257,0.315496,-1.629157,-0.125686,0.033748,-0.605922,-0.554609,-0.013159,-0.734082
7.260000,1.302632,0.316169,-1.641423,-0.136914,0.033474,-0.620690,-0.568158,-0.014255,-0.742740
7.280000,1.299779,0.316835,-1.653986,-0.148413,0.033178,-0.635631,-0.581707,-0.015352,-0.751399
7.300000,1.296693,0.317496,-1.666850,-0.160182,0.032860,-0.650746,-0.595256,-0.016448,-0.760057
7.320000,1.293370,0.318149,-1.680017,-0.172223,0.032520,-0.666034,-0.608805,-0.017545,-0.768715
7.340000,1.289802,0.318796,-1.693492,-0.184535,0.032158,-0.681494,-0.622354,-0.018641,-0.777373
7.360000,1.285986,0.319436,-1.707278,-0.197117,0.031774,-0.697129,-0.635904,-0.019738,-0.786031
7.380000,1.281916,0.320067,-1.721378,-0.209971,0.031368,-0.712936,-0.649453,-0.020834,-0.794689
7.400000,1.277586,0.320690,-1.735797,-0.223095,0.030941,-0.728916,-0.663002,-0.021931,-0.803347
7.420000,1.272990,0.321305,-1.750536,-0.236491,0.030491,-0.745070,-0.676551,-0.023027,-0.812005
7.440000,1.268124,0.321910,-1.765601,-0.250157,0.030020,-0.761396,-0.690100,-0.024124,-0.820663
7.460000,1.262982,0.322505,-1.780993,-0.264095,0.029526,-0.777896,-0.703649,-0.025220,-0.829322
7.480000,1.257559,0.323091,-1.796718,-0.278303,0.029011,-0.794569,-0.717198,-0.026317,-0.837980
7.500000,1.251848,0.323665,-1.812777,-0.292783,0.028473,-0.811415,-0.730747,-0.027413,-0.846638
7.520000,1.245846,0.324229,-1.829175,-0.307533,0.027914,-0.828435,-0.744296,-0.028510,-0.855296
7.540000,1.239545,0.324782,-1.845916,-0.322554,0.027333,-0.845627,-0.757845,-0.029606,-0.863954
7.560000,1.232942,0.325323,-1.863002,-0.337847,0.026730,-0.862993,-0.771394,-0.030703,-0.872612
7.580000,1.226030,0.325851,-1.880436,-0.353410,0.026105,-0.880532,-0.784944,-0.031799,-0.881270
7.600000,1.218803,0.326367,-1.898224,-0.369245,0.025458,-0.898244,-0.798493,-0.032896,-0.889928
7.620000,1.211258,0.326869,-1.916367,-0.385350,0.024789,-0.916129,-0.812042,-0.033993,-0.898586
7.640000,1.203388,0.327358,-1.934870,-0.401726,0.024098,-0.934187,-0.825591,-0.035089,-0.907245
7.660000,1.195187,0.327833,-1.953736,-0.418374,0.023386,-0.952419,-0.839140,-0.036186,-0.915903
7.680000,1.186651,0.328293,-1.972968,-0.435292,0.022651,-0.970823,-0.852689,-0.037282,-0.924561
7.700000,1.177774,0.328739,-1.992570,-0.452481,0.021894,-0.989401,-0.866238,-0.038379,-0.933219
7.720000,1.168550,0.329169,-2.012545,-0.469941,0.021116,-1.008152,-0.879787,-0.039475,-0.941877
7.740000,1.158974,0.329583,-2.032897,-0.487673,0.020315,-1.027076,-0.893336,-0.040572,-0.950535
7.760000,1.149041,0.329981,-2.053630,-0.505675,0.019493,-1.046173,-0.906885,-0.041668,-0.959193
7.780000,1.138745,0.330363,-2.074745,-0.523948,0.018649,-1.065444,-0.920435,-0.042765,-0.967851
7.800000,1.128081,0.330727,-2.096248,-0.542492,0.017782,-1.084887,-0.933984,-0.043861,-0.976509
7.820000,1.117044,0.331074,-2.118142,-0.561307,0.016894,-1.104504,-0.947533,-0.044958,-0.985168
7.840000,1.105627,0.331403,-2.140430,-0.580394,0.015984,-1.124294,-0.961082,-0.046054,-0.993826
7.860000,1.093826,0.331713,-2.163115,-0.599751,0.015052,-1.144257,-0.974631,-0.047151,-1.002484
7.880000,1.081635,0.332005,-2.186201,-0.619379,0.014098,-1.164393,-0.988180,-0.048247,-1.011142
7.900000,1.069049,0.332277,-2.209692,-0.639278,0.013122,-1.184703,-1.001729,-0.049344,-1.019800
7.920000,1.056063,0.332529,-2.233590,-0.659448,0.012124,-1.205185,-1.015278,-0.050440,-1.028458
7.940000,1.042670,0.332762,-2.257900,-0.679889,0.011104,-1.225841,-1.028827,-0.051537,-1.037116
7.960000,1.028865,0.332974,-2.282625,-0.700601,0.010063,-1.246670,-1.042376,-0.052633,-1.045774
7.980000,1.014644,0.333164,-2.307768,-0.721584,0.008999,-1.267672,-1.055925,-0.053730,-1.054432
8.000000,1.000000,0.333333,-2.333333,-0.742838,0.007914,-1.288847,-1.069475,-0.054826,-1.063091
8.020000,0.984928,0.333481,-2.359312,-0.764453,0.006845,-1.308498,-1.092027,-0.052046,-0.901970
8.040000,0.969419,0.333607,-2.385652,-0.786519,0.005832,-1.324926,-1.114579,-0.049265,-0.740849
8.060000,0.953464,0.333714,-2.412288,-0.809036,0.004874,-1.338132,-1.137132,-0.046484,-0.579728
8.080000,0.937054,0.333803,-2.439156,-0.832004,0.003972,-1.348115,-1.159684,-0.043704,-0.418607
8.100000,0.920181,0.333874,-2.466191,-0.855424,0.003126,-1.354876,-1.182237,-0.040923,-0.257486
8.120000,0.902834,0.333928,-2.493329,-0.879294,0.002335,-1.358415,-1.204789,-0.038142,-0.096365
8.140000,0.885006,0.333968,-2.520506,-0.903615,0.001600,-1.358731,-1.227342,-0.035362,0.064756
8.160000,0.866687,0.333993,-2.547657,-0.928388,0.000921,-1.355825,-1.249894,-0.032581,0.225877
8.180000,0.847868,0.334005,-2.574717,-0.953611,0.000297,-1.349696,-1.272446,-0.029800,0.386998
8.200000,0.828539,0.334005,-2.601623,-0.979285,-0.000271,-1.340345,-1.294999,-0.027020,0.548119
8.220000,0.808693,0.333994,-2.628310,-1.005411,-0.000784,-1.327771,-1.317551,-0.024239,0.709240
8.240000,0.788320,0.333974,-2.654713,-1.031987,-0.001241,-1.311975,-1.340104,-0.021458,0.870361
8.260000,0.767411,0.333945,-2.680767,-1.059015,-0.001642,-1.292957,-1.362656,-0.018678,1.031482
8.280000,0.745956,0.333909,-2.706409,-1.086494,-0.001988,-1.270716,-1.385209,-0.015897,1.192603
8.300000,0.723948,0.333866,-2.731574,-1.114423,-0.002278,-1.245252,-1.407761,-0.013116,1.353724
8.320000,0.701376,0.333818,-2.756198,-1.142804,-0.002512,-1.216567,-1.430313,-0.010335,1.514845
8.340000,0.678233,0.333766,-2.780216,-1.171636,-0.002691,-1.184659,-1.452866,-0.007555,1.675966
8.360000,0.654508,0.333711,-2.803563,-1.200919,-0.002815,-1.149528,-1.475418,-0.004774,1.837087
8.380000,0.630193,0.333654,-2.826175,-1.230653,-0.002882,-1.111175,-1.497971,-0.001993,1.998208
8.400000,0.605279,0.333596,-2.847988,-1.260838,-0.002894,-1.069600,-1.520523,0.000787,2.159329
8.420000,0.579756,0.333538,-2.868938,-1.291474,-0.002851,-1.024802,-1.543076,0.003568,2.320450
8.440000,0.553617,0.333482,-2.888959,-1.322561,-0.002752,-0.976782,-1.565628,0.006349,2.481571
8.460000,0.526851,0.333428,-2.907988,-1.354099,-0.002597,-0.925539,-1.588181,0.009129,2.642692
8.480000,0.499450,0.333378,-2.925959,-1.386088,-0.002386,-0.871074,-1.610733,0.011910,2.803813
8.500000,0.471405,0.333333,-2.942809,-1.418528,-0.002120,-0.813387,-1.633285,0.014691,2.964934
8.520000,0.442714,0.333294,-2.958485,-1.450150,-0.001834,-0.754291,-1.528946,0.013946,2.944664
8.540000,0.413412,0.333260,-2.972983,-1.479686,-0.001563,-0.695600,-1.424607,0.013201,2.924394
8.560000,0.383541,0.333231,-2.986312,-1.507135,-0.001306,-0.637315,-1.320267,0.012455,2.904124
8.580000,0.353141,0.333208,-2.998479,-1.532497,-0.001064,-0.579435,-1.215928,0.011710,2.883855
8.600000,0.322255,0.333189,-3.009492,-1.555772,-0.000838,-0.521961,-1.111588,0.010965,2.863585
8.620000,0.290924,0.333174,-3.019360,-1.576960,-0.000626,-0.464892,-1.007249,0.010220,2.843315
8.640000,0.259190,0.333163,-3.028090,-1.596062,-0.000429,-0.408228,-0.902910,0.009475,2.823045
8.660000,0.227095,0.333157,-3.035692,-1.613077,-0.000247,-0.351970,-0.798570,0.008730,2.802776
8.680000,0.194681,0.333153,-3.042172,-1.628005,-0.000080,-0.296117,-0.694231,0.007985,2.782506
8.700000,0.161989,0.333153,-3.047539,-1.640846,0.000073,-0.240670,-0.589892,0.007240,2.762236
8.720000,0.129061,0.333156,-3.051801,-1.651600,0.000210,-0.185628,-0.485552,0.006495,2.741967
8.740000,0.095939,0.333162,-3.054967,-1.660268,0.000332,-0.130991,-0.381213,0.005750,2.721697
8.760000,0.062664,0.333169,-3.057044,-1.666849,0.000440,-0.076760,-0.276873,0.005005,2.701427
8.780000,0.029279,0.333179,-3.058040,-1.671343,0.000533,-0.022934,-0.172534,0.004260,2.681157
8.800000,-0.004175,0.333191,-3.057964,-1.673750,0.000610,0.030486,-0.068195,0.003514,2.660888
8.820000,-0.037657,0.333204,-3.056823,-1.674071,0.000673,0.083502,0.036145,0.002769,2.640618
8.840000,-0.071124,0.333217,-3.054626,-1.672304,0.000721,0.136111,0.140484,0.002024,2.620348
8.860000,-0.104535,0.333232,-3.051381,-1.668451,0.000754,0.188315,0.244823,0.001279,2.600079
8.880000,-0.137848,0.333248,-3.047096,-1.662511,0.000772,0.240114,0.349163,0.000534,2.579809
8.900000,-0.171022,0.333263,-3.041780,-1.654485,0.000776,0.291508,0.453502,-0.000211,2.559539
8.920000,-0.204014,0.333278,-3.035439,-1.644371,0.000764,0.342496,0.557842,-0.000956,2.539269
8.940000,-0.236783,0.333293,-3.028082,-1.632171,0.000737,0.393079,0.662181,-0.001701,2.519000
8.960000,-0.269287,0.333308,-3.019718,-1.617884,0.000696,0.443256,0.766520,-0.002446,2.498730
8.980000,-0.301484,0.333321,-3.010355,-1.601510,0.000639,0.493028,0.870860,-0.003191,2.478460
9.000000,-0.333333,0.333333,-3.000000,-1.583050,0.000568,0.542394,0.975199,-0.003936,2.458191
9.020000,-0.364795,0.333344,-2.988664,-1.562968,0.000491,0.591079,1.032942,-0.003737,2.410310
9.040000,-0.395844,0.333353,-2.976363,-1.541732,0.000419,0.638807,1.090686,-0.003537,2.362430
9.060000,-0.426457,0.333361,-2.963118,-1.519341,0.000350,0.685576,1.148429,-0.003337,2.314549
9.080000,-0.456610,0.333367,-2.948947,-1.495795,0.000285,0.731389,1.206172,-0.003138,2.266669
9.100000,-0.486281,0.333372,-2.933869,-1.471094,0.000224,0.776243,1.263915,-0.002938,2.218788
9.120000,-0.515446,0.333376,-2.917903,-1.445238,0.000168,0.820140,1.321659,-0.002738,2.170908
9.140000,-0.544083,0.333379,-2.901069,-1.418228,0.000115,0.863080,1.379402,-0.002539,2.123027
9.160000,-0.572168,0.333381,-2.883386,-1.390062,0.000066,0.905061,1.437145,-0.002339,2.075147
9.180000,-0.599678,0.333382,-2.864873,-1.360742,0.000021,0.946085,1.494888,-0.002140,2.027266
9.200000,-0.626590,0.333382,-2.845549,-1.330267,-0.000019,0.986152,1.552632,-0.001940,1.979386
9.220000,-0.652881,0.333381,-2.825434,-1.298637,-0.000056,1.025261,1.610375,-0.001740,1.931505
9.240000,-0.678527,0.333379,-2.804545,-1.265852,-0.000089,1.063412,1.668118,-0.001541,1.883625
9.260000,-0.703507,0.333377,-2.782904,-1.231912,-0.000118,1.100606,1.725862,-0.001341,1.835744
9.280000,-0.727796,0.333375,-2.760527,-1.196817,-0.000143,1.136842,1.783605,-0.001141,1.787864
9.300000,-0.751372,0.333372,-2.737436,-1.160568,-0.000164,1.172120,1.841348,-0.000942,1.739983
9.320000,-0.774211,0.333368,-2.713649,-1.123163,-0.000180,1.206441,1.899091,-0.000742,1.692103
9.340000,-0.796291,0.333364,-2.689185,-1.084604,-0.000193,1.239805,1.956835,-0.000542,1.644222
9.360000,-0.817588,0.333360,-2.664063,-1.044890,-0.000202,1.272210,2.014578,-0.000343,1.596342
9.380000,-0.838079,0.333356,-2.638303,-1.004021,-0.000207,1.303658,2.072321,-0.000143,1.548462
9.400000,-0.857741,0.333352,-2.611923,-0.961997,-0.000208,1.334149,2.130064,0.000057,1.500581
9.420000,-0.876551,0.333348,-2.584943,-0.918818,-0.000205,1.363681,2.187808,0.000256,1.452701
9.440000,-0.894486,0.333344,-2.557382,-0.874485,-0.000198,1.392257,2.245551,0.000456,1.404820
9.460000,-0.911523,0.333340,-2.529260,-0.828996,-0.000186,1.419874,2.303294,0.000655,1.356940
9.480000,-0.927638,0.333337,-2.500594,-0.782353,-0.000171,1.446534,2.361037,0.000855,1.309059
9.500000,-0.942809,0.333333,-2.471405,-0.734555,-0.000152,1.472237,2.418781,0.001055,1.261179
9.520000,-0.957016,0.333330,-2.441713,-0.686105,-0.000132,1.496606,2.426210,0.001001,1.175712
9.540000,-0.970252,0.333328,-2.411552,-0.637506,-0.000112,1.519265,2.433639,0.000948,1.090245
9.560000,-0.982515,0.333326,-2.380954,-0.588759,-0.000094,1.540215,2.441068,0.000894,1.004779
9.580000,-0.993802,0.333324,-2.349954,-0.539864,-0.000076,1.559456,2.448498,0.000841,0.919312
9.600000,-1.004109,0.333323,-2.318587,-0.490819,-0.000060,1.576988,2.455927,0.000787,0.833845
9.620000,-1.013433,0.333322,-2.286886,-0.441626,-0.000045,1.592810,2.463356,0.000734,0.748379
9.640000,-1.021773,0.333321,-2.254886,-0.392285,-0.000031,1.606923,2.470786,0.000680,0.662912
9.660000,-1.029124,0.333321,-2.222621,-0.342795,-0.000018,1.619327,2.478215,0.000627,0.577445
9.680000,-1.035484,0.333320,-2.190125,-0.293156,-0.000006,1.630021,2.485644,0.000573,0.491979
9.700000,-1.040849,0.333320,-2.157431,-0.243369,0.000005,1.639006,2.493073,0.000520,0.406512
9.720000,-1.045217,0.333321,-2.124576,-0.193434,0.000015,1.646281,2.500503,0.000466,0.321045
9.740000,-1.048585,0.333321,-2.091592,-0.143349,0.000024,1.651847,2.507932,0.000413,0.235579
9.760000,-1.050950,0.333322,-2.058513,-0.093116,0.000032,1.655704,2.515361,0.000359,0.150112
9.780000,-1.052309,0.333322,-2.025375,-0.042735,0.000038,1.657852,2.522790,0.000306,0.064645
9.800000,-1.052659,0.333323,-1.992210,0.007795,0.000044,1.658290,2.530220,0.000252,-0.020822
9.820000,-1.051996,0.333324,-1.959055,0.058474,0.000048,1.657019,2.537649,0.000199,-0.106288
9.840000,-1.050319,0.333325,-1.925941,0.109301,0.000052,1.654039,2.545078,0.000145,-0.191755
9.860000,-1.047623,0.333326,-1.892904,0.160277,0.000054,1.649349,2.552507,0.000092,-0.277222
9.880000,-1.043907,0.333327,-1.859979,0.211402,0.000055,1.642950,2.559937,0.000038,-0.362688
9.900000,-1.039166,0.333328,-1.827198,0.262675,0.000056,1.634841,2.567366,-0.000015,-0.448155
9.920000,-1.033399,0.333329,-1.794596,0.314096,0.000055,1.625024,2.574795,-0.000069,-0.533622
9.940000,-1.026601,0.333330,-1.762208,0.365666,0.000053,1.613497,2.582224,-0.000122,-0.619088
9.960000,-1.018771,0.333332,-1.730068,0.417385,0.000050,1.600260,2.589654,-0.000176,-0.704555
9.980000,-1.009905,0.333332,-1.698209,0.469253,0.000046,1.585314,2.597083,-0.000229,-0.790022
10.000000,-1.000000,0.333333,-1.666667,0.521268,0.000041,1.568659,2.604512,-0.000283,-0.875488
10.020000,-0.989057,0.333334,-1.635473,0.572806,0.000035,1.550521,2.549213,-0.000268,-0.938289
10.040000,-0.977095,0.333335,-1.604654,0.623237,0.000030,1.531128,2.493915,-0.000254,-1.001091
10.060000,-0.964135,0.333335,-1.574236,0.672562,0.000025,1.510478,2.438616,-0.000240,-1.063892
10.080000,-0.950200,0.333336,-1.544243,0.720782,0.000020,1.488572,2.383317,-0.000225,-1.126693
10.100000,-0.935311,0.333336,-1.514702,0.767895,0.000016,1.465410,2.328019,-0.000211,-1.189494
10.120000,-0.919492,0.333336,-1.485635,0.813902,0.000012,1.440992,2.272720,-0.000197,-1.252295
10.140000,-0.902763,0.333337,-1.457070,0.858804,0.000008,1.415318,2.217421,-0.000182,-1.315096
10.160000,-0.885147,0.333337,-1.429031,0.902599,0.000005,1.388388,2.162123,-0.000168,-1.377897
10.180000,-0.866666,0.333337,-1.401543,0.945289,0.000002,1.360202,2.106824,-0.000154,-1.440699
10.200000,-0.847343,0.333337,-1.374631,0.986872,-0.000001,1.330760,2.051525,-0.000139,-1.503500
10.220000,-0.827199,0.333337,-1.348321,1.027350,-0.000004,1.300062,1.996227,-0.000125,-1.566301
10.240000,-0.806256,0.333337,-1.322637,1.066721,-0.000006,1.268108,1.940928,-0.000111,-1.629102
10.260000,-0.784537,0.333336,-1.297605,1.104987,-0.000008,1.234898,1.885629,-0.000096,-1.691903
10.280000,-0.762064,0.333336,-1.273250,1.142146,-0.000010,1.200432,1.830331,-0.000082,-1.754704
10.300000,-0.738859,0.333336,-1.249596,1.178200,-0.000012,1.164710,1.775032,-0.000068,-1.817505
10.320000,-0.714943,0.333336,-1.226670,1.213148,-0.000013,1.127732,1.719733,-0.000053,-1.880307
10.340000,-0.690340,0.333336,-1.204495,1.246989,-0.000014,1.089498,1.664435,-0.000039,-1.943108
10.360000,-0.665071,0.333335,-1.183098,1.279725,-0.000015,1.050008,1.609136,-0.000025,-2.005909
10.380000,-0.639158,0.333335,-1.162503,1.311355,-0.000015,1.009262,1.553837,-0.000010,-2.068710
10.400000,-0.612624,0.333335,-1.142736,1.341879,-0.000015,0.967259,1.498539,0.000004,-2.131511
10.420000,-0.585491,0.333334,-1.123821,1.371296,-0.000015,0.924001,1.443240,0.000018,-2.194312
10.440000,-0.557780,0.333334,-1.105784,1.399608,-0.000014,0.879487,1.387941,0.000033,-2.257113
10.460000,-0.529514,0.333334,-1.088650,1.426814,-0.000013,0.833717,1.332643,0.000047,-2.319915
10.480000,-0.500715,0.333334,-1.072444,1.452914,-0.000012,0.786690,1.277344,0.000061,-2.382716
10.500000,-0.471405,0.333333,-1.057191,1.477908,-0.000011,0.738408,1.222045,0.000076,-2.445517
10.520000,-0.441608,0.333333,-1.042912,1.501514,-0.000009,0.689437,1.138553,0.000072,-2.451587
10.540000,-0.411355,0.333333,-1.029614,1.523450,-0.000008,0.640344,1.055060,0.000068,-2.457658
10.560000,-0.380681,0.333333,-1.017299,1.543716,-0.000007,0.591131,0.971567,0.000064,-2.463728
10.580000,-0.349618,0.333333,-1.005970,1.562313,-0.000005,0.541795,0.888074,0.000060,-2.469799
10.600000,-0.318199,0.333333,-0.995628,1.579239,-0.000004,0.492339,0.804581,0.000057,-2.475869
10.620000,-0.286459,0.333333,-0.986277,1.594496,-0.000003,0.442761,0.721088,0.000053,-2.481940
10.640000,-0.254431,0.333332,-0.977919,1.608083,-0.000002,0.393061,0.637595,0.000049,-2.488010
10.660000,-0.222147,0.333332,-0.970556,1.620000,-0.000001,0.343240,0.554102,0.000045,-2.494080
10.680000,-0.189642,0.333332,-0.964190,1.630247,-0.000000,0.293298,0.470609,0.000041,-2.500151
10.700000,-0.156948,0.333332,-0.958824,1.638824,0.000000,0.243234,0.387117,0.000037,-2.506221
10.720000,-0.124100,0.333332,-0.954461,1.645731,0.000001,0.193049,0.303624,0.000033,-2.512292
10.740000,-0.091130,0.333332,-0.951103,1.650969,0.000002,0.142742,0.220131,0.000030,-2.518362
10.760000,-0.058072,0.333332,-0.948752,1.654537,0.000002,0.092314,0.136638,0.000026,-2.524433
10.780000,-0.024960,0.333333,-0.947411,1.656435,0.000003,0.041765,0.053145,0.000022,-2.530503
10.800000,0.008174,0.333333,-0.947083,1.656662,0.000003,-0.008906,-0.030348,0.000018,-2.536574
10.820000,0.041296,0.333333,-0.947769,1.655221,0.000003,-0.059698,-0.113841,0.000014,-2.542644
10.840000,0.074372,0.333333,-0.949471,1.652109,0.000004,-0.110611,-0.197334,0.000010,-2.548715
10.860000,0.107369,0.333333,-0.952194,1.647327,0.000004,-0.161646,-0.280827,0.000007,-2.554785
10.880000,0.140254,0.333333,-0.955938,1.640876,0.000004,-0.212803,-0.364319,0.000003,-2.560855
10.900000,0.172993,0.333333,-0.960707,1.632754,0.000004,-0.264081,-0.447812,-0.000001,-2.566926
10.920000,0.205553,0.333333,-0.966502,1.622963,0.000004,-0.315480,-0.531305,-0.000005,-2.572996
10.940000,0.237900,0.333333,-0.973327,1.611502,0.000004,-0.367000,-0.614798,-0.000009,-2.579067
10.960000,0.270002,0.333333,-0.981183,1.598371,0.000004,-0.418643,-0.698291,-0.000013,-2.585137
10.980000,0.301824,0.333333,-0.990073,1.583571,0.000003,-0.470406,-0.781784,-0.000016,-2.591208
11.000000,0.333333,0.333333,-1.000000,1.567100,0.000003,-0.522291,-0.865277,-0.000020,-2.597278
11.020000,0.364498,0.333333,-1.010962,1.549162,0.000003,-0.573687,-0.928555,-0.000019,-2.542357
11.040000,0.395291,0.333333,-1.022940,1.529958,0.000002,-0.623985,-0.991833,-0.000018,-2.487435
11.060000,0.425688,0.333333,-1.035914,1.509488,0.000002,-0.673185,-1.055111,-0.000017,-2.432514
11.080000,0.455662,0.333334,-1.049860,1.487753,0.000001,-0.721286,-1.118389,-0.000016,-2.377593
11.100000,0.485190,0.333334,-1.064758,1.464753,0.000001,-0.768288,-1.181667,-0.000015,-2.322672
11.120000,0.514244,0.333334,-1.080584,1.440487,0.000001,-0.814193,-1.244946,-0.000014,-2.267750
11.140000,0.542801,0.333334,-1.097318,1.414955,0.000001,-0.858998,-1.308224,-0.000013,-2.212829
11.160000,0.570834,0.333334,-1.114937,1.388158,0.000000,-0.902706,-1.371502,-0.000012,-2.157908
11.180000,0.598319,0.333334,-1.133419,1.360095,0.000000,-0.945315,-1.434780,-0.000011,-2.102986
11.200000,0.625229,0.333334,-1.152742,1.330767,-0.000000,-0.986825,-1.498058,-0.000010,-2.048065
11.220000,0.651541,0.333334,-1.172885,1.300173,-0.000000,-1.027237,-1.561336,-0.000009,-1.993144
11.240000,0.677228,0.333334,-1.193824,1.268313,-0.000000,-1.066551,-1.624614,-0.000008,-1.938222
11.260000,0.702265,0.333334,-1.215539,1.235188,-0.000001,-1.104766,-1.687892,-0.000007,-1.883301
11.280000,0.726627,0.333334,-1.238008,1.200797,-0.000001,-1.141883,-1.751170,-0.000006,-1.828380
11.300000,0.750288,0.333334,-1.261207,1.165141,-0.000001,-1.177901,-1.814449,-0.000005,-1.773458
11.320000,0.773224,0.333334,-1.285117,1.128219,-0.000001,-1.212821,-1.877727,-0.000004,-1.718537
11.340000,0.795409,0.333333,-1.309713,1.090032,-0.000001,-1.246643,-1.941005,-0.000003,-1.663616
11.360000,0.816817,0.333333,-1.334975,1.050579,-0.000001,-1.279366,-2.004283,-0.000002,-1.608694
11.380000,0.837423,0.333333,-1.360880,1.009861,-0.000001,-1.310991,-2.067561,-0.000001,-1.553773
11.400000,0.857203,0.333333,-1.387407,0.967877,-0.000001,-1.341517,-2.130839,0.000000,-1.498852
11.420000,0.876130,0.333333,-1.414534,0.924627,-0.000001,-1.370945,-2.194117,0.000001,-1.443930
11.440000,0.894180,0.333333,-1.442238,0.880112,-0.000001,-1.399274,-2.257395,0.000002,-1.389009
11.460000,0.911326,0.333333,-1.470497,0.834331,-0.000001,-1.426505,-2.320673,0.000003,-1.334088
11.480000,0.927544,0.333333,-1.499291,0.787285,-0.000001,-1.452638,-2.383952,0.000004,-1.279166
11.500000,0.942809,0.333333,-1.528595,0.738973,-0.000001,-1.477672,-2.447230,0.000005,-1.224245
11.520000,0.957099,0.333333,-1.558388,0.689967,-0.000001,-1.501320,-2.453366,0.000005,-1.140602
11.540000,0.970407,0.333333,-1.588637,0.640839,-0.000001,-1.523296,-2.459502,0.000005,-1.056958
11.560000,0.982731,0.333333,-1.619309,0.591587,-0.000000,-1.543598,-2.465639,0.000005,-0.973315
11.580000,0.994070,0.333333,-1.650370,0.542213,-0.000000,-1.562228,-2.471775,0.000004,-0.889671
11.600000,1.004419,0.333333,-1.681787,0.492716,-0.000000,-1.579185,-2.477911,0.000004,-0.806028
11.620000,1.013777,0.333333,-1.713526,0.443097,-0.000000,-1.594469,-2.484048,0.000004,-0.722384
11.640000,1.022142,0.333333,-1.745554,0.393354,-0.000000,-1.608081,-2.490184,0.000004,-0.638741
11.660000,1.029511,0.333333,-1.777838,0.343489,-0.000000,-1.620019,-2.496320,0.000003,-0.555097
11.680000,1.035881,0.333333,-1.810344,0.293502,-0.000000,-1.630285,-2.502457,0.000003,-0.471454
11.700000,1.041250,0.333333,-1.843038,0.243391,0.000000,-1.638877,-2.508593,0.000003,-0.387810
11.720000,1.045616,0.333333,-1.875888,0.193158,0.000000,-1.645797,-2.514730,0.000002,-0.304167
11.740000,1.048976,0.333333,-1.908859,0.142802,0.000000,-1.651044,-2.520866,0.000002,-0.220523
11.760000,1.051327,0.333333,-1.941919,0.092323,0.000000,-1.654618,-2.527002,0.000002,-0.136880
11.780000,1.052668,0.333333,-1.975033,0.041722,0.000000,-1.656519,-2.533139,0.000002,-0.053236
11.800000,1.052995,0.333333,-2.008168,-0.009002,0.000000,-1.656747,-2.539275,0.000001,0.030407
11.820000,1.052307,0.333333,-2.041292,-0.059849,0.000000,-1.655303,-2.545411,0.000001,0.114050
11.840000,1.050600,0.333333,-2.074369,-0.110819,0.000000,-1.652185,-2.551548,0.000001,0.197694
11.860000,1.047873,0.333333,-2.107368,-0.161911,0.000000,-1.647395,-2.557684,0.000000,0.281337
11.880000,1.044123,0.333333,-2.140254,-0.213126,0.000000,-1.640932,-2.563820,0.000000,0.364981
11.900000,1.039347,0.333333,-2.172994,-0.264464,0.000000,-1.632796,-2.569957,-0.000000,0.448624
11.920000,1.033544,0.333333,-2.205555,-0.315924,0.000000,-1.622987,-2.576093,-0.000000,0.532268
11.940000,1.026710,0.333333,-2.237902,-0.367508,0.000000,-1.611505,-2.582229,-0.000001,0.615911
11.960000,1.018843,0.333333,-2.270004,-0.419214,0.000000,-1.598350,-2.588366,-0.000001,0.699555
11.980000,1.009940,0.333333,-2.301825,-0.471042,0.000000,-1.583523,-2.594502,-0.000001,0.783198
12.000000,1.000000,0.333333,-2.333333,-0.522994,0.000000,-1.567023,-2.600638,-0.000001,0.866842
12.020000,0.989024,0.333333,-2.364496,-0.574450,0.000000,-1.549055,-2.544977,-0.000001,0.929895
12.040000,0.977029,0.333333,-2.395287,-0.624793,0.000000,-1.529827,-2.489315,-0.000001,0.992948
12.060000,0.964039,0.333333,-2.425681,-0.674022,0.000000,-1.509337,-2.433653,-0.000001,1.056001
12.080000,0.950076,0.333333,-2.455652,-0.722139,0.000000,-1.487587,-2.377991,-0.000001,1.119054
12.100000,0.935161,0.333333,-2.485176,-0.769142,0.000000,-1.464575,-2.322329,-0.000001,1.182107
12.120000,0.919318,0.333333,-2.514227,-0.815032,0.000000,-1.440302,-2.266667,-0.000001,1.245160
12.140000,0.902567,0.333333,-2.542780,-0.859809,0.000000,-1.414769,-2.211005,-0.000001,1.308214
12.160000,0.884933,0.333333,-2.570809,-0.903472,0.000000,-1.387974,-2.155343,-0.000001,1.371267
12.180000,0.866436,0.333333,-2.598290,-0.946022,0.000000,-1.359918,-2.099681,-0.000001,1.434320
12.200000,0.847099,0.333333,-2.625197,-0.987459,-0.000000,-1.330601,-2.044019,-0.000001,1.497373
12.220000,0.826945,0.333333,-2.651506,-1.027783,-0.000000,-1.300023,-1.988358,-0.000001,1.560426
12.240000,0.805995,0.333333,-2.677190,-1.066994,-0.000000,-1.268184,-1.932696,-0.000001,1.623479
12.260000,0.784273,0.333333,-2.702225,-1.105091,-0.000000,-1.235084,-1.877034,-0.000000,1.686532
12.280000,0.761799,0.333333,-2.726585,-1.142075,-0.000000,-1.200723,-1.821372,-0.000000,1.749585
12.300000,0.738597,0.333333,-2.750245,-1.177946,-0.000000,-1.165100,-1.765710,-0.000000,1.812638
12.320000,0.714689,0.333333,-2.773181,-1.212703,-0.000000,-1.128217,-1.710048,-0.000000,1.875692
12.340000,0.690096,0.333333,-2.795366,-1.246348,-0.000000,-1.090073,-1.654386,-0.000000,1.938745
12.360000,0.664842,0.333333,-2.816775,-1.278879,-0.000000,-1.050667,-1.598724,-0.000000,2.001798
12.380000,0.638949,0.333333,-2.837384,-1.310297,-0.000000,-1.010001,-1.543062,-0.000000,2.064851
12.400000,0.612438,0.333333,-2.857167,-1.340601,-0.000000,-0.968073,-1.487401,0.000000,2.127904
12.420000,0.585332,0.333333,-2.876098,-1.369793,-0.000000,-0.924885,-1.431739,0.000000,2.190957
12.440000,0.557654,0.333333,-2.894154,-1.397871,-0.000000,-0.880435,-1.376077,0.000000,2.254010
12.460000,0.529425,0.333333,-2.911307,-1.424836,-0.000000,-0.834724,-1.320415,0.000000,2.317063
12.480000,0.500668,0.333333,-2.927534,-1.450688,-0.000000,-0.787753,-1.264753,0.000000,2.380117
12.500000,0.471405,0.333333,-2.942809,-1.475426,-0.000000,-0.739520,-1.209091,0.000000,2.443170
12.520000,0.441660,0.333333,-2.957110,-1.498800,-0.000000,-0.690587,-1.128344,0.000000,2.450055
12.540000,0.411463,0.333333,-2.970432,-1.520560,-0.000000,-0.641517,-1.047597,0.000000,2.456941
12.560000,0.380848,0.333333,-2.982770,-1.540704,-0.000000,-0.592310,-0.966850,0.000000,2.463827
12.580000,0.349846,0.333333,-2.994123,-1.559234,-0.000000,-0.542964,-0.886103,0.000000,2.470713
12.600000,0.318489,0.333333,-3.004488,-1.576148,-0.000000,-0.493481,-0.805356,0.000000,2.477598
12.620000,0.286811,0.333333,-3.013861,-1.591448,-0.000000,-0.443860,-0.724609,0.000000,2.484484
12.640000,0.254842,0.333333,-3.022241,-1.605133,-0.000000,-0.394102,-0.643862,0.000000,2.491370
12.660000,0.222616,0.333333,-3.029625,-1.617202,-0.000000,-0.344206,-0.563115,0.000000,2.498256
12.680000,0.190165,0.333333,-3.036009,-1.627657,-0.000000,-0.294172,-0.482367,0.000000,2.505142
12.700000,0.157521,0.333333,-3.041391,-1.636497,0.000000,-0.244000,-0.401620,0.000000,2.512027
12.720000,0.124716,0.333333,-3.045768,-1.643722,0.000000,-0.193691,-0.320873,0.000000,2.518913
12.740000,0.091783,0.333333,-3.049137,-1.649332,0.000000,-0.143243,-0.240126,0.000000,2.525799
12.760000,0.058753,0.333333,-3.051496,-1.653327,0.000000,-0.092659,-0.159379,0.000000,2.532685
12.780000,0.025660,0.333333,-3.052843,-1.655707,0.000000,-0.041936,-0.078632,0.000000,2.539570
12.800000,-0.007464,0.333333,-3.053173,-1.656472,0.000000,0.008924,0.002115,0.000000,2.546456
12.820000,-0.040588,0.333333,-3.052485,-1.655623,0.000000,0.059922,0.082862,0.000000,2.553342
12.840000,-0.073678,0.333333,-3.050775,-1.653158,0.000000,0.111058,0.163609,0.000000,2.560228
12.860000,-0.106703,0.333333,-3.048042,-1.649078,0.000000,0.162331,0.244356,0.000000,2.567113
12.880000,-0.139631,0.333333,-3.044281,-1.643384,0.000000,0.213742,0.325103,0.000000,2.573999
12.900000,-0.172428,0.333333,-3.039491,-1.636074,0.000000,0.265291,0.405850,-0.000000,2.580885
12.920000,-0.205063,0.333333,-3.033668,-1.627150,0.000000,0.316978,0.486597,-0.000000,2.587771
12.940000,-0.237503,0.333333,-3.026811,-1.616610,0.000000,0.368802,0.567344,-0.000000,2.594656
12.960000,-0.269717,0.333333,-3.018915,-1.604456,0.000000,0.420764,0.648092,-0.000000,2.601542
12.980000,-0.301671,0.333333,-3.009979,-1.590687,0.000000,0.472864,0.728839,-0.000000,2.608428
13.000000,-0.333333,0.333333,-3.000000,-1.575302,0.000000,0.525101,0.809586,-0.000000,2.615314
13.020000,-0.364673,0.333333,-2.988979,-1.558372,0.000000,0.576823,0.883484,-0.000000,2.556879
13.040000,-0.395658,0.333333,-2.976935,-1.539963,0.000000,0.627376,0.957382,-0.000000,2.498445
13.060000,-0.426261,0.333333,-2.963892,-1.520076,0.000000,0.676761,1.031280,-0.000000,2.440010
13.080000,-0.456452,0.333333,-2.949872,-1.498712,0.000000,0.724977,1.105178,-0.000000,2.381576
13.100000,-0.486200,0.333333,-2.934900,-1.475869,0.000000,0.772024,1.179077,-0.000000,2.323141
13.120000,-0.515476,0.333333,-2.918999,-1.451549,0.000000,0.817902,1.252975,-0.000000,2.264706
13.140000,-0.544252,0.333333,-2.902192,-1.425750,0.000000,0.862612,1.326873,-0.000000,2.206272
13.160000,-0.572497,0.333333,-2.884502,-1.398474,0.000000,0.906153,1.400771,-0.000000,2.147837
13.180000,-0.600181,0.333333,-2.865954,-1.369719,0.000000,0.948526,1.474669,-0.000000,2.089403
13.200000,-0.627276,0.333333,-2.846569,-1.339487,-0.000000,0.989729,1.548567,-0.000000,2.030968
13.220000,-0.653751,0.333333,-2.826372,-1.307777,-0.000000,1.029764,1.622466,-0.000000,1.972534
13.240000,-0.679577,0.333333,-2.805386,-1.274588,-0.000000,1.068631,1.696364,-0.000000,1.914099
13.260000,-0.704724,0.333333,-2.783635,-1.239922,-0.000000,1.106328,1.770262,-0.000000,1.855665
13.280000,-0.729164,0.333333,-2.761141,-1.203778,-0.000000,1.142857,1.844160,-0.000000,1.797230
13.300000,-0.752866,0.333333,-2.737928,-1.166156,-0.000000,1.178218,1.918058,-0.000000,1.738795
13.320000,-0.775800,0.333333,-2.714020,-1.127056,-0.000000,1.212409,1.991956,-0.000000,1.680361
13.340000,-0.797938,0.333333,-2.689440,-1.086478,-0.000000,1.245432,2.065855,-0.000000,1.621926
13.360000,-0.819249,0.333333,-2.664211,-1.044421,-0.000000,1.277286,2.139753,-0.000000,1.563492
13.380000,-0.839705,0.333333,-2.638356,-1.000887,-0.000000,1.307972,2.213651,-0.000000,1.505057
13.400000,-0.859275,0.333333,-2.611900,-0.955875,-0.000000,1.337488,2.287549,0.000000,1.446623
13.420000,-0.877930,0.333333,-2.584864,-0.909385,-0.000000,1.365837,2.361447,0.000000,1.388188
13.440000,-0.895641,0.333333,-2.557274,-0.861418,-0.000000,1.393016,2.435345,0.000000,1.329754
13.460000,-0.912377,0.333333,-2.529151,-0.811972,-0.000000,1.419027,2.509244,0.000000,1.271319
13.480000,-0.928110,0.333333,-2.500521,-0.761048,-0.000000,1.443869,2.583142,0.000000,1.212884
13.500000,-0.942809,0.333333,-2.471405,-0.708646,-0.000000,1.467542,2.657040,0.000000,1.154450
13.520000,-0.956453,0.333333,-2.441827,-0.655841,-0.000000,1.489927,2.623442,0.000000,1.084044
13.540000,-0.969047,0.333333,-2.411817,-0.603708,-0.000000,1.510904,2.589844,0.000000,1.013638
13.560000,-0.980606,0.333333,-2.381401,-0.552247,-0.000000,1.530473,2.556246,0.000000,0.943232
13.580000,-0.991142,0.333333,-2.350607,-0.501458,-0.000000,1.548633,2.522648,0.000000,0.872826
13.600000,-1.000668,0.333333,-2.319465,-0.451341,-0.000000,1.565386,2.489050,0.000000,0.802421
13.620000,-1.009200,0.333333,-2.288001,-0.401896,-0.000000,1.580730,2.455452,0.000000,0.732015
13.640000,-1.016749,0.333333,-2.256245,-0.353123,-0.000000,1.594666,2.421854,0.000000,0.661609
13.660000,-1.023329,0.333333,-2.224224,-0.305022,-0.000000,1.607194,2.388255,0.000000,0.591203
13.680000,-1.028954,0.333333,-2.191967,-0.257593,-0.000000,1.618314,2.354657,0.000000,0.520797
13.700000,-1.033637,0.333333,-2.159501,-0.210836,0.000000,1.628026,2.321059,0.000000,0.450391
13.720000,-1.037392,0.333333,-2.126855,-0.164751,0.000000,1.636330,2.287461,0.000000,0.379986
13.740000,-1.040232,0.333333,-2.094057,-0.119338,0.000000,1.643226,2.253863,0.000000,0.309580
13.760000,-1.042170,0.333333,-2.061135,-0.074596,0.000000,1.648713,2.220265,0.000000,0.239174
13.780000,-1.043220,0.333333,-2.028118,-0.030527,0.000000,1.652793,2.186667,0.000000,0.168768
13.800000,-1.043396,0.333333,-1.995033,0.012870,0.000000,1.655464,2.153069,0.000000,0.098362
13.820000,-1.042710,0.333333,-1.961909,0.055596,0.000000,1.656727,2.119471,0.000000,0.027956
13.840000,-1.041176,0.333333,-1.928773,0.097649,0.000000,1.656582,2.085873,0.000000,-0.042450
13.860000,-1.038808,0.333333,-1.895655,0.139031,0.000000,1.655029,2.052275,0.000000,-0.112855
13.880000,-1.035619,0.333333,-1.862581,0.179740,0.000000,1.652068,2.018677,0.000000,-0.183261
13.900000,-1.031623,0.333333,-1.829581,0.219778,0.000000,1.647699,1.985079,-0.000000,-0.253667
13.920000,-1.026833,0.333333,-1.796683,0.259143,0.000000,1.641921,1.951481,-0.000000,-0.324073
13.940000,-1.021262,0.333333,-1.763914,0.297837,0.000000,1.634736,1.917883,-0.000000,-0.394479
13.960000,-1.014924,0.333333,-1.731303,0.335859,0.000000,1.626142,1.884285,-0.000000,-0.464885
13.980000,-1.007832,0.333333,-1.698878,0.373208,0.000000,1.616140,1.850686,-0.000000,-0.535290
14.000000,-1.000000,0.333333,-1.666667,0.409886,0.000000,1.604730,1.817088,-0.000000,-0.605696
14.020000,-0.991433,0.333333,-1.634701,0.447154,0.000000,1.591492,1.909744,-0.000000,-0.718187
14.040000,-0.982101,0.333333,-1.603022,0.486276,0.000000,1.576003,2.002400,-0.000000,-0.830677
14.060000,-0.971969,0.333333,-1.571676,0.527250,0.000000,1.558265,2.095056,-0.000000,-0.943168
14.080000,-0.960999,0.333333,-1.540706,0.570078,0.000000,1.538276,2.187711,-0.000000,-1.055658
14.100000,-0.949154,0.333333,-1.510160,0.614759,0.000000,1.516038,2.280367,-0.000000,-1.168148
14.120000,-0.936396,0.333333,-1.480080,0.661293,0.000000,1.491550,2.373023,-0.000000,-1.280639
14.140000,-0.922690,0.333333,-1.450513,0.709680,0.000000,1.464813,2.465678,-0.000000,-1.393129
14.160000,-0.907997,0.333333,-1.421502,0.759920,0.000000,1.435825,2.558334,-0.000000,-1.505619
14.180000,-0.892281,0.333333,-1.393094,0.812013,0.000000,1.404588,2.650990,-0.000000,-1.618110
14.200000,-0.875504,0.333333,-1.365334,0.865960,-0.000000,1.371101,2.743645,-0.000000,-1.730600
14.220000,-0.857630,0.333333,-1.338265,0.921759,-0.000000,1.335364,2.836301,-0.000000,-1.843091
14.240000,-0.838621,0.333333,-1.311934,0.979412,-0.000000,1.297377,2.928957,-0.000000,-1.955581
14.260000,-0.818441,0.333333,-1.286385,1.038917,-0.000000,1.257141,3.021612,-0.000000,-2.068071
14.280000,-0.797052,0.333333,-1.261664,1.100276,-0.000000,1.214654,3.114268,-0.000000,-2.180562
14.300000,-0.774418,0.333333,-1.237814,1.163488,-0.000000,1.169918,3.206924,-0.000000,-2.293052
14.320000,-0.750500,0.333333,-1.214882,1.228553,-0.000000,1.122932,3.299580,-0.000000,-2.405543
14.340000,-0.725263,0.333333,-1.192912,1.295471,-0.000000,1.073696,3.392235,-0.000000,-2.518033
14.360000,-0.698669,0.333333,-1.171949,1.364242,-0.000000,1.022211,3.484891,-0.000000,-2.630523
14.380000,-0.670681,0.333333,-1.152038,1.434867,-0.000000,0.968476,3.577547,-0.000000,-2.743014
14.400000,-0.641262,0.333333,-1.133225,1.507344,-0.000000,0.912490,3.670202,0.000000,-2.855504
14.420000,-0.610375,0.333333,-1.115554,1.581675,-0.000000,0.854255,3.762858,0.000000,-2.967994
14.440000,-0.577983,0.333333,-1.099070,1.657859,-0.000000,0.793771,3.855514,0.000000,-3.080485
14.460000,-0.544048,0.333333,-1.083818,1.735895,-0.000000,0.731036,3.948169,0.000000,-3.192975
14.480000,-0.508535,0.333333,-1.069843,1.815785,-0.000000,0.666052,4.040825,0.000000,-3.305466
14.500000,-0.471405,0.333333,-1.057191,1.897528,-0.000000,0.598817,4.133481,0.000000,-3.417956
14.520000,-0.432670,0.333333,-1.045886,1.973855,-0.000000,0.532235,3.499198,0.000000,-3.240330
14.540000,-0.392535,0.333333,-1.035878,2.037496,-0.000000,0.469204,2.864915,0.000000,-3.062705
14.560000,-0.351254,0.333333,-1.027095,2.088452,-0.000000,0.409726,2.230632,0.000000,-2.885079
14.580000,-0.309081,0.333333,-1.019465,2.126722,-0.000000,0.353801,1.596349,0.000000,-2.707453
14.600000,-0.266270,0.333333,-1.012919,2.152306,-0.000000,0.301428,0.962066,0.000000,-2.529828
14.620000,-0.223074,0.333333,-1.007384,2.165204,-0.000000,0.252608,0.327783,0.000000,-2.352202
14.640000,-0.179746,0.333333,-1.002791,2.165417,-0.000000,0.207340,-0.306500,0.000000,-2.174576
14.660000,-0.136542,0.333333,-0.999067,2.152944,-0.000000,0.165625,-0.940783,0.000000,-1.996950
14.680000,-0.093713,0.333333,-0.996142,2.127786,0.000000,0.127462,-1.575066,0.000000,-1.819325
14.700000,-0.051515,0.333333,-0.993945,2.089942,0.000000,0.092852,-2.209349,0.000000,-1.641699
14.720000,-0.010200,0.333333,-0.992404,2.039412,0.000000,0.061794,-2.843632,0.000000,-1.464073
14.740000,0.029977,0.333333,-0.991449,1.976196,0.000000,0.034289,-3.477915,0.000000,-1.286448
14.760000,0.068763,0.333333,-0.991009,1.900295,0.000000,0.010336,-4.112198,0.000000,-1.108822
14.780000,0.105904,0.333333,-0.991012,1.811708,0.000000,-0.010064,-4.746481,0.000000,-0.931196
14.800000,0.141147,0.333333,-0.991388,1.710436,0.000000,-0.026912,-5.380764,0.000000,-0.753571
14.820000,0.174237,0.333333,-0.992065,1.596478,0.000000,-0.040207,-6.015047,0.000000,-0.575945
14.840000,0.204922,0.333333,-0.992973,1.469834,0.000000,-0.049949,-6.649331,-0.000000,-0.398319
14.860000,0.232946,0.333333,-0.994039,1.330505,0.000000,-0.056140,-7.283614,-0.000000,-0.220693
14.880000,0.258057,0.333333,-0.995194,1.178489,0.000000,-0.058777,-7.917897,-0.000000,-0.043068
14.900000,0.280001,0.333333,-0.996367,1.013789,0.000000,-0.057862,-8.552180,-0.000000,0.134558
14.920000,0.298524,0.333333,-0.997485,0.836402,0.000000,-0.053395,-9.186463,-0.000000,0.312184
14.940000,0.313373,0.333333,-0.998479,0.646330,0.000000,-0.045375,-9.820746,-0.000000,0.489809
14.960000,0.324293,0.333333,-0.999277,0.443572,0.000000,-0.033802,-10.455029,-0.000000,0.667435
14.980000,0.331031,0.333333,-0.999807,0.228129,0.000000,-0.018677,-11.089312,-0.000000,0.845061
