0.000000,0.000000,0.000000,0.000000,0.000000,0.000000,0.000000,6.127405,-3.011567,-7.695126
0.020000,0.001211,-0.000595,-0.001521,0.120372,-0.059162,-0.151169,5.909761,-2.904597,-7.421797
0.040000,0.004786,-0.002352,-0.006010,0.236390,-0.116184,-0.296872,5.692117,-2.797626,-7.148467
0.060000,0.010638,-0.005228,-0.013359,0.348056,-0.171067,-0.437108,5.474472,-2.690656,-6.875138
0.080000,0.018679,-0.009181,-0.023458,0.455369,-0.223810,-0.571877,5.256828,-2.583686,-6.601808
0.100000,0.028823,-0.014166,-0.036198,0.558329,-0.274414,-0.701180,5.039184,-2.476715,-6.328479
0.120000,0.040983,-0.020143,-0.051469,0.656937,-0.322879,-0.825017,4.821539,-2.369745,-6.055149
0.140000,0.055072,-0.027067,-0.069162,0.751191,-0.369204,-0.943386,4.603895,-2.262775,-5.781820
0.160000,0.071002,-0.034897,-0.089168,0.841092,-0.413390,-1.056289,4.386251,-2.155804,-5.508491
0.180000,0.088686,-0.043589,-0.111377,0.926641,-0.455436,-1.163726,4.168606,-2.048834,-5.235161
0.200000,0.108038,-0.053100,-0.135681,1.007837,-0.495343,-1.265696,3.950962,-1.941864,-4.961832
0.220000,0.128971,-0.063388,-0.161969,1.084680,-0.533111,-1.362199,3.733318,-1.834893,-4.688502
0.240000,0.151397,-0.074410,-0.190132,1.157169,-0.568739,-1.453236,3.515673,-1.727923,-4.415173
0.260000,0.175229,-0.086123,-0.220062,1.225306,-0.602228,-1.538806,3.298029,-1.620953,-4.141843
0.280000,0.200380,-0.098485,-0.251648,1.289091,-0.633577,-1.618910,3.080385,-1.513982,-3.868514
0.300000,0.226763,-0.111452,-0.284782,1.348522,-0.662787,-1.693547,2.862741,-1.407012,-3.595184
0.320000,0.254292,-0.124982,-0.319353,1.403600,-0.689857,-1.762717,2.645096,-1.300042,-3.321855
0.340000,0.282878,-0.139032,-0.355254,1.454326,-0.714788,-1.826421,2.427452,-1.193071,-3.048526
0.360000,0.312436,-0.153559,-0.392374,1.500698,-0.737580,-1.884658,2.209808,-1.086101,-2.775196
0.380000,0.342877,-0.168521,-0.430604,1.542718,-0.758233,-1.937429,1.992163,-0.979131,-2.501867
0.400000,0.374115,-0.183875,-0.469834,1.580385,-0.776745,-1.984733,1.774519,-0.872160,-2.228537
0.420000,0.406064,-0.199577,-0.509957,1.613699,-0.793119,-2.026570,1.556875,-0.765190,-1.955208
0.440000,0.438634,-0.215585,-0.550861,1.642660,-0.807353,-2.062941,1.339230,-0.658220,-1.681878
0.460000,0.471741,-0.231857,-0.592438,1.667268,-0.819448,-2.093845,1.121586,-0.551249,-1.408549
0.480000,0.505296,-0.248349,-0.634578,1.687523,-0.829403,-2.119283,0.903942,-0.444279,-1.135219
0.500000,0.539213,-0.265018,-0.677173,1.703426,-0.837219,-2.139254,0.686297,-0.337309,-0.861890
0.520000,0.573404,-0.281823,-0.720112,1.714975,-0.842895,-2.153759,0.468653,-0.230338,-0.588560
0.540000,0.607783,-0.298720,-0.763286,1.722172,-0.846432,-2.162796,0.251009,-0.123368,-0.315231
0.560000,0.642262,-0.315666,-0.806587,1.725015,-0.847830,-2.166368,0.033365,-0.016398,-0.041902
0.580000,0.676754,-0.332619,-0.849905,1.723506,-0.847088,-2.164473,-0.184280,0.090573,0.231428
0.600000,0.711173,-0.349535,-0.893130,1.717644,-0.844207,-2.157111,-0.401924,0.197543,0.504757
0.620000,0.745431,-0.366373,-0.936153,1.707429,-0.839187,-2.144282,-0.619568,0.304513,0.778087
0.640000,0.779441,-0.383089,-0.978865,1.692862,-0.832027,-2.125987,-0.837213,0.411484,1.051416
0.660000,0.813117,-0.399640,-1.021156,1.673941,-0.822727,-2.102226,-1.054857,0.518454,1.324746
0.680000,0.846370,-0.415983,-1.062917,1.650667,-0.811288,-2.072997,-1.272501,0.625424,1.598075
0.700000,0.879114,-0.432077,-1.104039,1.623041,-0.797710,-2.038303,-1.490146,0.732395,1.871405
0.720000,0.911263,-0.447878,-1.144413,1.591061,-0.781993,-1.998141,-1.707790,0.839365,2.144734
0.740000,0.942728,-0.463342,-1.183928,1.554729,-0.764136,-1.952513,-1.925434,0.946335,2.418064
0.760000,0.973423,-0.478429,-1.222477,1.514044,-0.744139,-1.901419,-2.143079,1.053306,2.691393
0.780000,1.003260,-0.493094,-1.259949,1.469006,-0.722003,-1.844857,-2.360723,1.160276,2.964722
0.800000,1.032154,-0.507295,-1.296235,1.419615,-0.697728,-1.782830,-2.578367,1.267246,3.238052
0.820000,1.060016,-0.520989,-1.331225,1.365871,-0.671314,-1.715335,-2.796011,1.374217,3.511381
0.840000,1.086760,-0.534133,-1.364812,1.307775,-0.642760,-1.642374,-3.013656,1.481187,3.784711
0.860000,1.112298,-0.546685,-1.396884,1.245325,-0.612066,-1.563947,-3.231300,1.588157,4.058040
0.880000,1.136544,-0.558601,-1.427333,1.178523,-0.579233,-1.480053,-3.448944,1.695128,4.331370
0.900000,1.159410,-0.569840,-1.456050,1.107367,-0.544261,-1.390692,-3.666589,1.802098,4.604699
0.920000,1.180809,-0.580358,-1.482924,1.031859,-0.507149,-1.295865,-3.884233,1.909068,4.878029
0.940000,1.200655,-0.590112,-1.507848,0.951998,-0.467898,-1.195571,-4.101877,2.016039,5.151358
0.960000,1.218860,-0.599059,-1.530711,0.867784,-0.426508,-1.089811,-4.319522,2.123009,5.424687
0.980000,1.235338,-0.607158,-1.551404,0.779217,-0.382978,-0.978584,-4.537166,2.229979,5.698017
1.000000,1.250000,-0.614364,-1.569818,0.686297,-0.337309,-0.861890,-4.754810,2.336949,5.971346
1.020000,1.262791,-0.620651,-1.585881,0.593613,-0.291755,-0.745492,-4.513656,2.218424,5.668492
1.040000,1.273777,-0.626050,-1.599678,0.505751,-0.248572,-0.635150,-4.272501,2.099898,5.365638
1.060000,1.283053,-0.630609,-1.611328,0.422713,-0.207759,-0.530866,-4.031347,1.981372,5.062783
1.080000,1.290717,-0.634376,-1.620953,0.344497,-0.169317,-0.432639,-3.790192,1.862846,4.759929
1.100000,1.296865,-0.637398,-1.628674,0.271105,-0.133245,-0.340469,-3.549038,1.744321,4.457074
1.120000,1.301594,-0.639722,-1.634612,0.202536,-0.099544,-0.254356,-3.307883,1.625795,4.154220
1.140000,1.304999,-0.641395,-1.638888,0.138790,-0.068213,-0.174300,-3.066729,1.507269,3.851366
1.160000,1.307177,-0.642466,-1.641624,0.079867,-0.039253,-0.100301,-2.825575,1.388743,3.548511
1.180000,1.308226,-0.642981,-1.642941,0.025767,-0.012664,-0.032360,-2.584420,1.270218,3.245657
1.200000,1.308240,-0.642988,-1.642959,-0.023510,0.011555,0.029525,-2.343266,1.151692,2.942802
1.220000,1.307317,-0.642535,-1.641800,-0.067964,0.033404,0.085352,-2.102111,1.033166,2.639948
1.240000,1.305554,-0.641668,-1.639585,-0.107595,0.052882,0.135123,-1.860957,0.914640,2.337094
1.260000,1.303046,-0.640435,-1.636436,-0.142402,0.069990,0.178836,-1.619802,0.796114,2.034239
1.280000,1.299890,-0.638884,-1.632472,-0.172387,0.084727,0.216492,-1.378648,0.677589,1.731385
1.300000,1.296183,-0.637062,-1.627816,-0.197548,0.097093,0.248092,-1.137493,0.559063,1.428530
1.320000,1.292020,-0.635016,-1.622589,-0.217886,0.107089,0.273634,-0.896339,0.440537,1.125676
1.340000,1.287499,-0.632794,-1.616911,-0.233402,0.114715,0.293119,-0.655184,0.322011,0.822821
1.360000,1.282716,-0.630444,-1.610905,-0.244094,0.119970,0.306547,-0.414030,0.203486,0.519967
1.380000,1.277768,-0.628011,-1.604690,-0.249963,0.122854,0.313917,-0.172875,0.084960,0.217113
1.400000,1.272750,-0.625545,-1.598388,-0.251009,0.123368,0.315231,0.068279,-0.033566,-0.085742
1.420000,1.267759,-0.623093,-1.592121,-0.247232,0.121511,0.310488,0.309433,-0.152092,-0.388596
1.440000,1.262893,-0.620701,-1.586009,-0.238631,0.117284,0.299687,0.550588,-0.270618,-0.691451
1.460000,1.258246,-0.618417,-1.580174,-0.225208,0.110687,0.282830,0.791742,-0.389143,-0.994305
1.480000,1.253917,-0.616289,-1.574736,-0.206962,0.101719,0.259915,1.032897,-0.507669,-1.297159
1.500000,1.250000,-0.614364,-1.569818,-0.183892,0.090380,0.230943,1.274051,-0.626195,-1.600014
1.520000,1.246573,-0.612680,-1.565513,-0.159057,0.078174,0.199754,1.209433,-0.594434,-1.518865
1.540000,1.243629,-0.611233,-1.561817,-0.135515,0.066603,0.170189,1.144816,-0.562673,-1.437716
1.560000,1.241143,-0.610011,-1.558695,-0.113265,0.055667,0.142246,1.080198,-0.530912,-1.356567
1.580000,1.239090,-0.609002,-1.556116,-0.092307,0.045366,0.115926,1.015580,-0.499151,-1.275418
1.600000,1.237443,-0.608192,-1.554047,-0.072642,0.035701,0.091229,0.950962,-0.467390,-1.194269
1.620000,1.236176,-0.607570,-1.552456,-0.054269,0.026671,0.068155,0.886344,-0.435629,-1.113120
1.640000,1.235263,-0.607121,-1.551310,-0.037188,0.018276,0.046704,0.821726,-0.403868,-1.031971
1.660000,1.234679,-0.606834,-1.550577,-0.021400,0.010516,0.026876,0.757109,-0.372107,-0.950823
1.680000,1.234399,-0.606696,-1.550224,-0.006904,0.003391,0.008671,0.692491,-0.340346,-0.869674
1.700000,1.234395,-0.606695,-1.550219,0.006300,-0.003098,-0.007911,0.627873,-0.308585,-0.788525
1.720000,1.234642,-0.606816,-1.550530,0.018211,-0.008952,-0.022870,0.563255,-0.276824,-0.707376
1.740000,1.235115,-0.607048,-1.551123,0.028830,-0.014171,-0.036206,0.498637,-0.245063,-0.626227
1.760000,1.235787,-0.607379,-1.551967,0.038157,-0.018755,-0.047919,0.434019,-0.213302,-0.545078
1.780000,1.236632,-0.607794,-1.553029,0.046191,-0.022703,-0.058009,0.369401,-0.181541,-0.463929
1.800000,1.237626,-0.608283,-1.554277,0.052933,-0.026016,-0.066476,0.304784,-0.149780,-0.382780
1.820000,1.238741,-0.608831,-1.555677,0.058382,-0.028694,-0.073320,0.240166,-0.118019,-0.301631
1.840000,1.239952,-0.609426,-1.557199,0.062540,-0.030737,-0.078541,0.175548,-0.086258,-0.220483
1.860000,1.241234,-0.610056,-1.558808,0.065404,-0.032145,-0.082139,0.110930,-0.054497,-0.139334
1.880000,1.242560,-0.610708,-1.560474,0.066977,-0.032917,-0.084114,0.046312,-0.022736,-0.058185
1.900000,1.243904,-0.611368,-1.562162,0.067257,-0.033054,-0.084467,-0.018306,0.009025,0.022964
1.920000,1.245241,-0.612026,-1.563841,0.066245,-0.032556,-0.083196,-0.082924,0.040786,0.104113
1.940000,1.246545,-0.612666,-1.565479,0.063940,-0.031423,-0.080302,-0.147541,0.072547,0.185262
1.960000,1.247790,-0.613278,-1.567043,0.060343,-0.029654,-0.075785,-0.212159,0.104308,0.266411
1.980000,1.248951,-0.613848,-1.568500,0.055454,-0.027250,-0.069646,-0.276777,0.136069,0.347560
2.000000,1.250000,-0.614364,-1.569818,0.049272,-0.024211,-0.061883,-0.341395,0.167830,0.428709
2.020000,1.250918,-0.614815,-1.570971,0.042617,-0.020940,-0.053526,-0.324078,0.159312,0.406967
2.040000,1.251707,-0.615203,-1.571962,0.036309,-0.017839,-0.045604,-0.306761,0.150794,0.385226
2.060000,1.252373,-0.615530,-1.572798,0.030347,-0.014908,-0.038117,-0.289444,0.142275,0.363485
2.080000,1.252923,-0.615800,-1.573489,0.024731,-0.012148,-0.031065,-0.272127,0.133757,0.341744
2.100000,1.253365,-0.616017,-1.574044,0.019462,-0.009558,-0.024447,-0.254810,0.125239,0.320003
2.120000,1.253704,-0.616184,-1.574470,0.014538,-0.007138,-0.018265,-0.237493,0.116721,0.298262
2.140000,1.253948,-0.616304,-1.574777,0.009962,-0.004889,-0.012517,-0.220176,0.108203,0.276520
2.160000,1.254105,-0.616380,-1.574974,0.005731,-0.002810,-0.007204,-0.202859,0.099684,0.254779
2.180000,1.254180,-0.616417,-1.575068,0.001847,-0.000902,-0.002326,-0.185543,0.091166,0.233038
2.200000,1.254181,-0.616418,-1.575070,-0.001690,0.000837,0.002118,-0.168226,0.082648,0.211297
2.220000,1.254115,-0.616385,-1.574986,-0.004882,0.002404,0.006126,-0.150909,0.074130,0.189556
2.240000,1.253988,-0.616323,-1.574827,-0.007727,0.003802,0.009700,-0.133592,0.065611,0.167814
2.260000,1.253808,-0.616234,-1.574601,-0.010225,0.005029,0.012839,-0.116275,0.057093,0.146073
2.280000,1.253581,-0.616123,-1.574317,-0.012378,0.006085,0.015543,-0.098958,0.048575,0.124332
2.300000,1.253315,-0.615992,-1.573982,-0.014184,0.006972,0.017812,-0.081641,0.040057,0.102591
2.320000,1.253016,-0.615845,-1.573607,-0.015643,0.007688,0.019646,-0.064324,0.031539,0.080850
2.340000,1.252692,-0.615685,-1.573200,-0.016757,0.008233,0.021046,-0.047007,0.023020,0.059109
2.360000,1.252348,-0.615517,-1.572768,-0.017524,0.008609,0.022011,-0.029690,0.014502,0.037367
2.380000,1.251993,-0.615342,-1.572322,-0.017944,0.008813,0.022541,-0.012373,0.005984,0.015626
2.400000,1.251633,-0.615165,-1.571869,-0.018018,0.008848,0.022636,0.004944,-0.002534,-0.006115
2.420000,1.251275,-0.614989,-1.571419,-0.017746,0.008712,0.022296,0.022261,-0.011053,-0.027856
2.440000,1.250925,-0.614818,-1.570981,-0.017128,0.008406,0.021521,0.039578,-0.019571,-0.049597
2.460000,1.250592,-0.614654,-1.570561,-0.016163,0.007929,0.020312,0.056895,-0.028089,-0.071339
2.480000,1.250281,-0.614502,-1.570171,-0.014852,0.007282,0.018668,0.074212,-0.036607,-0.093080
2.500000,1.250000,-0.614364,-1.569818,-0.013195,0.006465,0.016589,0.091528,-0.045125,-0.114821
2.520000,1.249754,-0.614244,-1.569508,-0.011411,0.005586,0.014351,0.086879,-0.042814,-0.109005
2.540000,1.249543,-0.614140,-1.569243,-0.009720,0.004752,0.012229,0.082229,-0.040502,-0.103189
2.560000,1.249365,-0.614053,-1.569019,-0.008122,0.003965,0.010223,0.077579,-0.038190,-0.097373
2.580000,1.249217,-0.613981,-1.568833,-0.006617,0.003225,0.008334,0.072929,-0.035878,-0.091558
2.600000,1.249099,-0.613924,-1.568684,-0.005204,0.002530,0.006561,0.068279,-0.033566,-0.085742
2.620000,1.249009,-0.613880,-1.568570,-0.003885,0.001882,0.004904,0.063629,-0.031254,-0.079926
2.640000,1.248943,-0.613848,-1.568487,-0.002659,0.001280,0.003364,0.058979,-0.028942,-0.074110
2.660000,1.248902,-0.613828,-1.568435,-0.001526,0.000724,0.001940,0.054329,-0.026630,-0.068294
2.680000,1.248882,-0.613819,-1.568409,-0.000486,0.000215,0.000632,0.049679,-0.024318,-0.062478
2.700000,1.248882,-0.613819,-1.568409,0.000461,-0.000248,-0.000559,0.045029,-0.022007,-0.056663
2.720000,1.248900,-0.613829,-1.568431,0.001315,-0.000665,-0.001635,0.040380,-0.019695,-0.050847
2.740000,1.248934,-0.613846,-1.568473,0.002076,-0.001036,-0.002593,0.035730,-0.017383,-0.045031
2.760000,1.248982,-0.613870,-1.568534,0.002744,-0.001361,-0.003436,0.031080,-0.015071,-0.039215
2.780000,1.249043,-0.613900,-1.568610,0.003319,-0.001639,-0.004162,0.026430,-0.012759,-0.033399
2.800000,1.249114,-0.613935,-1.568699,0.003801,-0.001871,-0.004772,0.021780,-0.010447,-0.027583
2.820000,1.249194,-0.613974,-1.568800,0.004191,-0.002057,-0.005265,0.017130,-0.008135,-0.021768
2.840000,1.249281,-0.614017,-1.568909,0.004487,-0.002196,-0.005642,0.012480,-0.005823,-0.015952
2.860000,1.249373,-0.614062,-1.569025,0.004690,-0.002290,-0.005903,0.007830,-0.003511,-0.010136
2.880000,1.249468,-0.614108,-1.569145,0.004800,-0.002337,-0.006048,0.003180,-0.001200,-0.004320
2.900000,1.249564,-0.614155,-1.569266,0.004817,-0.002338,-0.006076,-0.001469,0.001112,0.001496
2.920000,1.249660,-0.614201,-1.569387,0.004741,-0.002292,-0.005988,-0.006119,0.003424,0.007312
2.940000,1.249753,-0.614246,-1.569505,0.004572,-0.002201,-0.005784,-0.010769,0.005736,0.013127
2.960000,1.249842,-0.614289,-1.569617,0.004310,-0.002063,-0.005463,-0.015419,0.008048,0.018943
2.980000,1.249925,-0.614329,-1.569722,0.003955,-0.001879,-0.005026,-0.020069,0.010360,0.024759
3.000000,1.250000,-0.614364,-1.569818,0.003508,-0.001648,-0.004473,-0.024719,0.012672,0.030575
3.020000,1.250065,-0.614395,-1.569901,0.003026,-0.001402,-0.003876,-0.023436,0.011942,0.029053
3.040000,1.250121,-0.614420,-1.569973,0.002570,-0.001171,-0.003310,-0.022154,0.011213,0.027531
3.060000,1.250168,-0.614441,-1.570034,0.002140,-0.000954,-0.002775,-0.020871,0.010484,0.026008
3.080000,1.250207,-0.614458,-1.570084,0.001735,-0.000751,-0.002270,-0.019588,0.009754,0.024486
3.100000,1.250238,-0.614472,-1.570125,0.001356,-0.000564,-0.001796,-0.018306,0.009025,0.022964
3.120000,1.250261,-0.614481,-1.570156,0.001003,-0.000390,-0.001352,-0.017023,0.008296,0.021442
3.140000,1.250278,-0.614487,-1.570179,0.000675,-0.000232,-0.000938,-0.015740,0.007566,0.019920
3.160000,1.250289,-0.614490,-1.570194,0.000373,-0.000088,-0.000555,-0.014458,0.006837,0.018398
3.180000,1.250293,-0.614491,-1.570201,0.000097,0.000042,-0.000202,-0.013175,0.006108,0.016876
3.200000,1.250293,-0.614489,-1.570202,-0.000154,0.000157,0.000120,-0.011892,0.005378,0.015353
3.220000,1.250287,-0.614485,-1.570197,-0.000379,0.000257,0.000412,-0.010610,0.004649,0.013831
3.240000,1.250278,-0.614479,-1.570186,-0.000578,0.000342,0.000673,-0.009327,0.003920,0.012309
3.260000,1.250264,-0.614471,-1.570170,-0.000752,0.000414,0.000904,-0.008044,0.003190,0.010787
3.280000,1.250248,-0.614462,-1.570150,-0.000900,0.000470,0.001105,-0.006762,0.002461,0.009265
3.300000,1.250229,-0.614452,-1.570126,-0.001022,0.000512,0.001275,-0.005479,0.001732,0.007743
3.320000,1.250207,-0.614442,-1.570099,-0.001119,0.000539,0.001415,-0.004196,0.001002,0.006221
3.340000,1.250184,-0.614431,-1.570070,-0.001190,0.000552,0.001524,-0.002914,0.000273,0.004698
3.360000,1.250160,-0.614420,-1.570038,-0.001235,0.000550,0.001603,-0.001631,-0.000456,0.003176
3.380000,1.250135,-0.614409,-1.570006,-0.001255,0.000534,0.001651,-0.000348,-0.001186,0.001654
3.400000,1.250110,-0.614399,-1.569973,-0.001249,0.000503,0.001669,0.000934,-0.001915,0.000132
3.420000,1.250085,-0.614389,-1.569939,-0.001218,0.000457,0.001656,0.002217,-0.002644,-0.001390
3.440000,1.250061,-0.614380,-1.569906,-0.001161,0.000397,0.001613,0.003500,-0.003374,-0.002912
3.460000,1.250039,-0.614373,-1.569875,-0.001078,0.000322,0.001540,0.004782,-0.004103,-0.004434
3.480000,1.250018,-0.614368,-1.569845,-0.000969,0.000233,0.001436,0.006065,-0.004833,-0.005956
3.500000,1.250000,-0.614364,-1.569818,-0.000835,0.000129,0.001301,0.007347,-0.005562,-0.007479
3.520000,1.249985,-0.614363,-1.569793,-0.000693,0.000024,0.001155,0.006867,-0.004956,-0.007206
3.540000,1.249972,-0.614363,-1.569771,-0.000561,-0.000069,0.001013,0.006386,-0.004351,-0.006933
3.560000,1.249962,-0.614365,-1.569753,-0.000438,-0.000150,0.000877,0.005905,-0.003745,-0.006660
3.580000,1.249955,-0.614369,-1.569736,-0.000324,-0.000219,0.000747,0.005425,-0.003140,-0.006388
3.600000,1.249949,-0.614374,-1.569723,-0.000221,-0.000276,0.000622,0.004944,-0.002534,-0.006115
3.620000,1.249946,-0.614380,-1.569711,-0.000127,-0.000320,0.000502,0.004463,-0.001929,-0.005842
3.640000,1.249944,-0.614387,-1.569703,-0.000042,-0.000353,0.000388,0.003982,-0.001323,-0.005570
3.660000,1.249944,-0.614394,-1.569696,0.000033,-0.000373,0.000279,0.003502,-0.000718,-0.005297
3.680000,1.249945,-0.614401,-1.569691,0.000098,-0.000382,0.000176,0.003021,-0.000112,-0.005024
3.700000,1.249948,-0.614409,-1.569689,0.000153,-0.000378,0.000078,0.002540,0.000493,-0.004751
3.720000,1.249951,-0.614417,-1.569688,0.000199,-0.000362,-0.000014,0.002059,0.001099,-0.004479
3.740000,1.249956,-0.614423,-1.569689,0.000236,-0.000334,-0.000101,0.001579,0.001704,-0.004206
3.760000,1.249961,-0.614430,-1.569692,0.000263,-0.000294,-0.000182,0.001098,0.002310,-0.003933
3.780000,1.249966,-0.614435,-1.569697,0.000280,-0.000242,-0.000258,0.000617,0.002915,-0.003660
3.800000,1.249972,-0.614439,-1.569702,0.000287,-0.000177,-0.000328,0.000136,0.003521,-0.003388
3.820000,1.249978,-0.614442,-1.569710,0.000285,-0.000101,-0.000394,-0.000344,0.004126,-0.003115
3.840000,1.249983,-0.614443,-1.569718,0.000273,-0.000012,-0.000453,-0.000825,0.004732,-0.002842
3.860000,1.249988,-0.614443,-1.569728,0.000252,0.000089,-0.000507,-0.001306,0.005337,-0.002569
3.880000,1.249993,-0.614440,-1.569738,0.000221,0.000201,-0.000556,-0.001787,0.005943,-0.002297
3.900000,1.249997,-0.614434,-1.569750,0.000181,0.000326,-0.000599,-0.002267,0.006548,-0.002024
3.920000,1.250000,-0.614427,-1.569762,0.000131,0.000463,-0.000637,-0.002748,0.007154,-0.001751
3.940000,1.250002,-0.614416,-1.569775,0.000071,0.000612,-0.000669,-0.003229,0.007759,-0.001479
3.960000,1.250003,-0.614402,-1.569789,0.000001,0.000774,-0.000696,-0.003709,0.008365,-0.001206
3.980000,1.250002,-0.614385,-1.569803,-0.000078,0.000947,-0.000717,-0.004190,0.008970,-0.000933
4.000000,1.250000,-0.614364,-1.569818,-0.000166,0.001132,-0.000733,-0.004671,0.009576,-0.000660
4.020000,1.249996,-0.614340,-1.569832,-0.000253,0.001307,-0.000742,-0.004031,0.007883,-0.000229
4.040000,1.249990,-0.614312,-1.569847,-0.000327,0.001448,-0.000742,-0.003390,0.006190,0.000202
4.060000,1.249983,-0.614282,-1.569862,-0.000389,0.001555,-0.000734,-0.002750,0.004498,0.000633
4.080000,1.249974,-0.614250,-1.569877,-0.000437,0.001628,-0.000717,-0.002110,0.002805,0.001065
4.100000,1.249965,-0.614217,-1.569891,-0.000473,0.001667,-0.000692,-0.001469,0.001112,0.001496
4.120000,1.249956,-0.614184,-1.569904,-0.000496,0.001672,-0.000657,-0.000829,-0.000580,0.001927
4.140000,1.249946,-0.614150,-1.569917,-0.000506,0.001644,-0.000614,-0.000189,-0.002273,0.002358
4.160000,1.249935,-0.614118,-1.569929,-0.000504,0.001581,-0.000563,0.000451,-0.003966,0.002789
4.180000,1.249926,-0.614087,-1.569939,-0.000488,0.001485,-0.000503,0.001092,-0.005658,0.003221
4.200000,1.249916,-0.614059,-1.569949,-0.000460,0.001355,-0.000434,0.001732,-0.007351,0.003652
4.220000,1.249907,-0.614033,-1.569957,-0.000419,0.001191,-0.000357,0.002372,-0.009043,0.004083
4.240000,1.249899,-0.614011,-1.569963,-0.000365,0.000993,-0.000271,0.003013,-0.010736,0.004514
4.260000,1.249893,-0.613994,-1.569967,-0.000299,0.000762,-0.000176,0.003653,-0.012429,0.004945
4.280000,1.249887,-0.613981,-1.569970,-0.000219,0.000496,-0.000073,0.004293,-0.014121,0.005377
4.300000,1.249884,-0.613974,-1.569970,-0.000127,0.000197,0.000039,0.004933,-0.015814,0.005808
4.320000,1.249883,-0.613974,-1.569968,-0.000022,-0.000137,0.000159,0.005574,-0.017507,0.006239
4.340000,1.249883,-0.613980,-1.569964,0.000096,-0.000504,0.000288,0.006214,-0.019199,0.006670
4.360000,1.249886,-0.613994,-1.569957,0.000227,-0.000905,0.000426,0.006854,-0.020892,0.007102
4.380000,1.249892,-0.614016,-1.569947,0.000370,-0.001339,0.000572,0.007495,-0.022585,0.007533
4.400000,1.249901,-0.614048,-1.569934,0.000527,-0.001808,0.000727,0.008135,-0.024277,0.007964
4.420000,1.249914,-0.614089,-1.569918,0.000696,-0.002310,0.000891,0.008775,-0.025970,0.008395
4.440000,1.249929,-0.614140,-1.569898,0.000878,-0.002847,0.001063,0.009415,-0.027663,0.008826
4.460000,1.249949,-0.614203,-1.569875,0.001072,-0.003417,0.001244,0.010056,-0.029355,0.009258
4.480000,1.249972,-0.614277,-1.569848,0.001280,-0.004021,0.001434,0.010696,-0.031048,0.009689
4.500000,1.250000,-0.614364,-1.569818,0.001500,-0.004659,0.001632,0.011336,-0.032740,0.010120
4.520000,1.250032,-0.614463,-1.569783,0.001706,-0.005252,0.001814,0.009256,-0.026575,0.008122
4.540000,1.250068,-0.614573,-1.569745,0.001870,-0.005722,0.001957,0.007175,-0.020410,0.006125
4.560000,1.250107,-0.614691,-1.569705,0.001993,-0.006068,0.002059,0.005095,-0.014245,0.004127
4.580000,1.250147,-0.614815,-1.569663,0.002074,-0.006292,0.002122,0.003015,-0.008080,0.002130
4.600000,1.250189,-0.614942,-1.569621,0.002114,-0.006392,0.002144,0.000934,-0.001915,0.000132
4.620000,1.250232,-0.615070,-1.569578,0.002112,-0.006368,0.002127,-0.001146,0.004250,-0.001866
4.640000,1.250274,-0.615196,-1.569536,0.002068,-0.006222,0.002070,-0.003227,0.010415,-0.003863
4.660000,1.250314,-0.615318,-1.569495,0.001982,-0.005952,0.001972,-0.005307,0.016580,-0.005861
4.680000,1.250353,-0.615433,-1.569457,0.001856,-0.005558,0.001835,-0.007387,0.022745,-0.007858
4.700000,1.250388,-0.615540,-1.569422,0.001687,-0.005042,0.001658,-0.009468,0.028910,-0.009856
4.720000,1.250420,-0.615634,-1.569391,0.001477,-0.004402,0.001441,-0.011548,0.035075,-0.011853
4.740000,1.250447,-0.615715,-1.569365,0.001225,-0.003639,0.001184,-0.013629,0.041240,-0.013851
4.760000,1.250468,-0.615779,-1.569344,0.000932,-0.002752,0.000887,-0.015709,0.047405,-0.015849
4.780000,1.250484,-0.615824,-1.569330,0.000597,-0.001743,0.000550,-0.017790,0.053570,-0.017846
4.800000,1.250492,-0.615848,-1.569322,0.000220,-0.000610,0.000173,-0.019870,0.059736,-0.019844
4.820000,1.250492,-0.615848,-1.569323,-0.000198,0.000647,-0.000244,-0.021950,0.065901,-0.021841
4.840000,1.250484,-0.615821,-1.569332,-0.000658,0.002027,-0.000701,-0.024031,0.072066,-0.023839
4.860000,1.250466,-0.615766,-1.569351,-0.001159,0.003529,-0.001197,-0.026111,0.078231,-0.025837
4.880000,1.250437,-0.615679,-1.569380,-0.001702,0.005156,-0.001734,-0.028192,0.084396,-0.027834
4.900000,1.250397,-0.615559,-1.569421,-0.002287,0.006905,-0.002311,-0.030272,0.090561,-0.029832
4.920000,1.250345,-0.615402,-1.569473,-0.002913,0.008778,-0.002927,-0.032352,0.096726,-0.031829
4.940000,1.250281,-0.615207,-1.569538,-0.003581,0.010774,-0.003584,-0.034433,0.102891,-0.033827
4.960000,1.250202,-0.614970,-1.569617,-0.004291,0.012894,-0.004280,-0.036513,0.109056,-0.035825
4.980000,1.250109,-0.614690,-1.569710,-0.005042,0.015137,-0.005017,-0.038594,0.115221,-0.037822
5.000000,1.250000,-0.614364,-1.569818,-0.005834,0.017503,-0.005793,-0.040674,0.121386,-0.039820
5.020000,1.249876,-0.613991,-1.569941,-0.006571,0.019701,-0.006514,-0.032993,0.098419,-0.032261
5.040000,1.249738,-0.613579,-1.570077,-0.007154,0.021439,-0.007084,-0.025311,0.075451,-0.024701
5.060000,1.249591,-0.613137,-1.570223,-0.007583,0.022719,-0.007502,-0.017630,0.052483,-0.017142
5.080000,1.249436,-0.612673,-1.570376,-0.007859,0.023539,-0.007769,-0.009949,0.029516,-0.009583
5.100000,1.249277,-0.612198,-1.570533,-0.007981,0.023899,-0.007885,-0.002267,0.006548,-0.002024
5.120000,1.249118,-0.611720,-1.570691,-0.007950,0.023801,-0.007850,0.005414,-0.016420,0.005535
5.140000,1.248960,-0.611249,-1.570846,-0.007765,0.023243,-0.007664,0.013095,-0.039387,0.013094
5.160000,1.248808,-0.610794,-1.570996,-0.007426,0.022225,-0.007327,0.020777,-0.062355,0.020653
5.180000,1.248664,-0.610363,-1.571138,-0.006934,0.020748,-0.006838,0.028458,-0.085322,0.028213
5.200000,1.248532,-0.609967,-1.571269,-0.006288,0.018812,-0.006198,0.036140,-0.108290,0.035772
5.220000,1.248414,-0.609614,-1.571385,-0.005488,0.016417,-0.005407,0.043821,-0.131258,0.043331
5.240000,1.248313,-0.609313,-1.571484,-0.004535,0.013562,-0.004465,0.051502,-0.154225,0.050890
5.260000,1.248233,-0.609074,-1.571563,-0.003428,0.010248,-0.003371,0.059184,-0.177193,0.058449
5.280000,1.248177,-0.608906,-1.571618,-0.002168,0.006474,-0.002127,0.066865,-0.200160,0.066008
5.300000,1.248148,-0.608819,-1.571647,-0.000753,0.002241,-0.000731,0.074546,-0.223128,0.073568
5.320000,1.248148,-0.608820,-1.571646,0.000814,-0.002451,0.000816,0.082228,-0.246096,0.081127
5.340000,1.248181,-0.608920,-1.571613,0.002536,-0.007602,0.002514,0.089909,-0.269063,0.088686
5.360000,1.248250,-0.609127,-1.571545,0.004411,-0.013213,0.004363,0.097590,-0.292031,0.096245
5.380000,1.248359,-0.609451,-1.571438,0.006439,-0.019284,0.006364,0.105272,-0.314999,0.103804
5.400000,1.248509,-0.609901,-1.571289,0.008621,-0.025813,0.008515,0.112953,-0.337966,0.111363
5.420000,1.248705,-0.610487,-1.571096,0.010957,-0.032802,0.010818,0.120634,-0.360934,0.118922
5.440000,1.248948,-0.611217,-1.570855,0.013447,-0.040251,0.013272,0.128316,-0.383901,0.126482
5.460000,1.249244,-0.612100,-1.570564,0.016090,-0.048158,0.015878,0.135997,-0.406869,0.134041
5.480000,1.249593,-0.613146,-1.570219,0.018887,-0.056525,0.018634,0.143679,-0.429837,0.141600
5.500000,1.250000,-0.614364,-1.569818,0.021837,-0.065352,0.021542,0.151360,-0.452804,0.149159
5.520000,1.250465,-0.615756,-1.569359,0.024578,-0.073551,0.024242,0.122715,-0.367099,0.120920
5.540000,1.250979,-0.617295,-1.568852,0.026746,-0.080036,0.026378,0.094070,-0.281393,0.092681
5.560000,1.251531,-0.618946,-1.568308,0.028341,-0.084807,0.027950,0.065425,-0.195688,0.064442
5.580000,1.252109,-0.620675,-1.567738,0.029363,-0.087863,0.028956,0.036780,-0.109983,0.036203
5.600000,1.252702,-0.622449,-1.567153,0.029812,-0.089206,0.029398,0.008135,-0.024277,0.007964
5.620000,1.253298,-0.624232,-1.566565,0.029688,-0.088834,0.029275,-0.020510,0.061428,-0.020275
5.640000,1.253886,-0.625991,-1.565986,0.028991,-0.086749,0.028587,-0.049155,0.147134,-0.048514
5.660000,1.254454,-0.627691,-1.565426,0.027722,-0.082949,0.027334,-0.077800,0.232839,-0.076753
5.680000,1.254991,-0.629298,-1.564896,0.025879,-0.077435,0.025517,-0.106445,0.318544,-0.104992
5.700000,1.255485,-0.630777,-1.564409,0.023464,-0.070207,0.023134,-0.135090,0.404250,-0.133231
5.720000,1.255925,-0.632094,-1.563975,0.020476,-0.061265,0.020187,-0.163735,0.489955,-0.161470
5.740000,1.256300,-0.633216,-1.563605,0.016915,-0.050609,0.016676,-0.192380,0.575661,-0.189709
5.760000,1.256598,-0.634107,-1.563311,0.012781,-0.038239,0.012599,-0.221025,0.661366,-0.217948
5.780000,1.256808,-0.634734,-1.563105,0.008074,-0.024154,0.007958,-0.249670,0.747071,-0.246187
5.800000,1.256917,-0.635062,-1.562997,0.002794,-0.008356,0.002751,-0.278315,0.832777,-0.274426
5.820000,1.256916,-0.635057,-1.562999,-0.003059,0.009157,-0.003019,-0.306960,0.918482,-0.302665
5.840000,1.256791,-0.634684,-1.563121,-0.009485,0.028383,-0.009355,-0.335605,1.004187,-0.330904
5.860000,1.256532,-0.633910,-1.563377,-0.016483,0.049324,-0.016256,-0.364250,1.089893,-0.359143
5.880000,1.256128,-0.632700,-1.563775,-0.024055,0.071979,-0.023721,-0.392895,1.175598,-0.387382
5.900000,1.255566,-0.631020,-1.564329,-0.032199,0.096348,-0.031751,-0.421540,1.261304,-0.415621
5.920000,1.254836,-0.628835,-1.565049,-0.040916,0.122431,-0.040346,-0.450185,1.347009,-0.443860
5.940000,1.253926,-0.626111,-1.565947,-0.050206,0.150228,-0.049505,-0.478830,1.432714,-0.472099
5.960000,1.252824,-0.622814,-1.567033,-0.060069,0.179740,-0.059230,-0.507475,1.518420,-0.500338
5.980000,1.251519,-0.618910,-1.568320,-0.070505,0.210965,-0.069519,-0.536120,1.604125,-0.528577
6.000000,1.250000,-0.614364,-1.569818,-0.081514,0.243905,-0.080373,-0.564766,1.689831,-0.556816
6.020000,1.248257,-0.609150,-1.571536,-0.092753,0.277363,-0.091433,-0.559127,1.656034,-0.549154
6.040000,1.246291,-0.603274,-1.573474,-0.103879,0.310146,-0.102339,-0.553489,1.622237,-0.541491
6.060000,1.244103,-0.596749,-1.575629,-0.114893,0.342253,-0.113092,-0.547850,1.588441,-0.533828
6.080000,1.241696,-0.589588,-1.577997,-0.125793,0.373684,-0.123692,-0.542212,1.554644,-0.526165
6.100000,1.239072,-0.581806,-1.580575,-0.136581,0.404439,-0.134139,-0.536574,1.520848,-0.518502
6.120000,1.236233,-0.573415,-1.583361,-0.147256,0.434518,-0.144432,-0.530935,1.487051,-0.510839
6.140000,1.233182,-0.564430,-1.586351,-0.157819,0.463921,-0.154572,-0.525297,1.453254,-0.503176
6.160000,1.229921,-0.554863,-1.589543,-0.168268,0.492648,-0.164559,-0.519658,1.419458,-0.495513
6.180000,1.226452,-0.544728,-1.592933,-0.178605,0.520699,-0.174393,-0.514020,1.385661,-0.487850
6.200000,1.222778,-0.534040,-1.596518,-0.188829,0.548074,-0.184073,-0.508382,1.351865,-0.480187
6.220000,1.218900,-0.522810,-1.600295,-0.198940,0.574774,-0.193600,-0.502743,1.318068,-0.472524
6.240000,1.214821,-0.511053,-1.604261,-0.208939,0.600797,-0.202974,-0.497105,1.284271,-0.464861
6.260000,1.210543,-0.498783,-1.608413,-0.218824,0.626144,-0.212195,-0.491466,1.250475,-0.457198
6.280000,1.206069,-0.486012,-1.612747,-0.228597,0.650816,-0.221262,-0.485828,1.216678,-0.449535
6.300000,1.201400,-0.472754,-1.617262,-0.238258,0.674812,-0.230176,-0.480190,1.182882,-0.441872
6.320000,1.196539,-0.459024,-1.621953,-0.247805,0.698131,-0.238937,-0.474551,1.149085,-0.434209
6.340000,1.191488,-0.444834,-1.626819,-0.257240,0.720775,-0.247545,-0.468913,1.115288,-0.426546
6.360000,1.186250,-0.430197,-1.631854,-0.266561,0.742743,-0.255999,-0.463274,1.081492,-0.418883
6.380000,1.180827,-0.415129,-1.637057,-0.275771,0.764035,-0.264300,-0.457636,1.047695,-0.411221
6.400000,1.175220,-0.399641,-1.642425,-0.284867,0.784651,-0.272448,-0.451998,1.013899,-0.403558
6.420000,1.169433,-0.383747,-1.647954,-0.293850,0.804591,-0.280442,-0.446359,0.980102,-0.395895
6.440000,1.163467,-0.367461,-1.653642,-0.302721,0.823855,-0.288283,-0.440721,0.946305,-0.388232
6.460000,1.157325,-0.350797,-1.659485,-0.311479,0.842443,-0.295971,-0.435082,0.912509,-0.380569
6.480000,1.151009,-0.333768,-1.665480,-0.320125,0.860355,-0.303506,-0.429444,0.878712,-0.372906
6.500000,1.144521,-0.316388,-1.671624,-0.328657,0.877591,-0.310888,-0.423806,0.844916,-0.365243
6.520000,1.137863,-0.298669,-1.677914,-0.337077,0.894152,-0.318116,-0.418167,0.811119,-0.357580
6.540000,1.131038,-0.280626,-1.684348,-0.345384,0.910036,-0.325191,-0.412529,0.777322,-0.349917
6.560000,1.124048,-0.262272,-1.690921,-0.353578,0.925245,-0.332113,-0.406891,0.743526,-0.342254
6.580000,1.116896,-0.243621,-1.697631,-0.361659,0.939777,-0.338881,-0.401252,0.709729,-0.334591
6.600000,1.109583,-0.224686,-1.704475,-0.369628,0.953634,-0.345496,-0.395614,0.675933,-0.326928
6.620000,1.102111,-0.205480,-1.711450,-0.377484,0.966814,-0.351958,-0.389975,0.642136,-0.319265
6.640000,1.094484,-0.186017,-1.718552,-0.385227,0.979319,-0.358267,-0.384337,0.608339,-0.311602
6.660000,1.086703,-0.166312,-1.725779,-0.392857,0.991148,-0.364422,-0.378699,0.574543,-0.303939
6.680000,1.078771,-0.146376,-1.733128,-0.400375,1.002301,-0.370424,-0.373060,0.540746,-0.296276
6.700000,1.070689,-0.126224,-1.740595,-0.407780,1.012778,-0.376273,-0.367422,0.506950,-0.288613
6.720000,1.062460,-0.105869,-1.748178,-0.415072,1.022579,-0.381969,-0.361783,0.473153,-0.280950
6.740000,1.054087,-0.085325,-1.755873,-0.422251,1.031704,-0.387511,-0.356145,0.439356,-0.273288
6.760000,1.045571,-0.064606,-1.763678,-0.429318,1.040153,-0.392900,-0.350507,0.405560,-0.265625
6.780000,1.036915,-0.043724,-1.771588,-0.436271,1.047926,-0.398136,-0.344868,0.371763,-0.257962
6.800000,1.028121,-0.022693,-1.779602,-0.443112,1.055024,-0.403219,-0.339230,0.337967,-0.250299
6.820000,1.019191,-0.001527,-1.787716,-0.449841,1.061445,-0.408148,-0.333591,0.304170,-0.242636
6.840000,1.010128,0.019760,-1.795927,-0.456456,1.067190,-0.412924,-0.327953,0.270373,-0.234973
6.860000,1.000934,0.041156,-1.804232,-0.462959,1.072260,-0.417547,-0.322315,0.236577,-0.227310
6.880000,0.991610,0.062646,-1.812628,-0.469349,1.076654,-0.422017,-0.316676,0.202780,-0.219647
6.900000,0.982160,0.084217,-1.821111,-0.475626,1.080371,-0.426333,-0.311038,0.168984,-0.211984
6.920000,0.972586,0.105856,-1.829680,-0.481790,1.083413,-0.430496,-0.305399,0.135187,-0.204321
6.940000,0.962890,0.127549,-1.838330,-0.487842,1.085779,-0.434506,-0.299761,0.101390,-0.196658
6.960000,0.953073,0.149283,-1.847059,-0.493781,1.087468,-0.438362,-0.294123,0.067594,-0.188995
6.980000,0.943139,0.171044,-1.855864,-0.499607,1.088482,-0.442066,-0.288484,0.033797,-0.181332
7.000000,0.933090,0.192818,-1.864741,-0.505320,1.088820,-0.445616,-0.282846,0.000001,-0.173669
7.020000,0.922927,0.214592,-1.873687,-0.510920,1.088482,-0.449012,-0.277207,-0.033796,-0.166006
7.040000,0.912654,0.236352,-1.882700,-0.516408,1.087469,-0.452256,-0.271569,-0.067593,-0.158343
7.060000,0.902271,0.258086,-1.891777,-0.521783,1.085779,-0.455346,-0.265931,-0.101389,-0.150680
7.080000,0.891783,0.279779,-1.900913,-0.527045,1.083413,-0.458283,-0.260292,-0.135186,-0.143018
7.100000,0.881190,0.301418,-1.910107,-0.532195,1.080371,-0.461067,-0.254654,-0.168982,-0.135355
7.120000,0.870496,0.322989,-1.919355,-0.537232,1.076654,-0.463697,-0.249015,-0.202779,-0.127692
7.140000,0.859702,0.344480,-1.928654,-0.542156,1.072260,-0.466175,-0.243377,-0.236576,-0.120029
7.160000,0.848810,0.365875,-1.938001,-0.546967,1.067191,-0.468498,-0.237739,-0.270372,-0.112366
7.180000,0.837824,0.387163,-1.947393,-0.551665,1.061445,-0.470669,-0.232100,-0.304169,-0.104703
7.200000,0.826745,0.408329,-1.956827,-0.556251,1.055024,-0.472687,-0.226462,-0.337965,-0.097040
7.220000,0.815575,0.429359,-1.966299,-0.560724,1.047927,-0.474551,-0.220824,-0.371762,-0.089377
7.240000,0.804316,0.450241,-1.975808,-0.565084,1.040153,-0.476262,-0.215185,-0.405559,-0.081714
7.260000,0.792972,0.470961,-1.985349,-0.569331,1.031704,-0.477819,-0.209547,-0.439355,-0.074051
7.280000,0.781544,0.491505,-1.994919,-0.573466,1.022579,-0.479224,-0.203908,-0.473152,-0.066388
7.300000,0.770034,0.511860,-2.004517,-0.577487,1.012778,-0.480475,-0.198270,-0.506948,-0.058725
7.320000,0.758445,0.532012,-2.014137,-0.581396,1.002301,-0.481573,-0.192632,-0.540745,-0.051062
7.340000,0.746779,0.551947,-2.023778,-0.585193,0.991148,-0.482517,-0.186993,-0.574542,-0.043399
7.360000,0.735038,0.571653,-2.033437,-0.588876,0.979320,-0.483309,-0.181355,-0.608338,-0.035736
7.380000,0.723225,0.591115,-2.043110,-0.592447,0.966815,-0.483947,-0.175716,-0.642135,-0.028073
7.400000,0.711341,0.610321,-2.052794,-0.595905,0.953634,-0.484432,-0.170078,-0.675931,-0.020410
7.420000,0.699389,0.629256,-2.062486,-0.599250,0.939778,-0.484763,-0.164440,-0.709728,-0.012747
7.440000,0.687372,0.647908,-2.072183,-0.602482,0.925245,-0.484942,-0.158801,-0.743525,-0.005085
7.460000,0.675291,0.666262,-2.081883,-0.605602,0.910037,-0.484967,-0.153163,-0.777321,0.002578
7.480000,0.663149,0.684305,-2.091581,-0.608609,0.894152,-0.484838,-0.147524,-0.811118,0.010241
7.500000,0.650947,0.702023,-2.101275,-0.611503,0.877592,-0.484557,-0.141886,-0.844914,0.017904
7.520000,0.638689,0.719404,-2.110962,-0.614284,0.860356,-0.484122,-0.136248,-0.878711,0.025567
7.540000,0.626377,0.736433,-2.120639,-0.616953,0.842443,-0.483534,-0.130609,-0.912508,0.033230
7.560000,0.614012,0.753097,-2.130303,-0.619509,0.823855,-0.482793,-0.124971,-0.946304,0.040893
7.580000,0.601597,0.769383,-2.139950,-0.621952,0.804591,-0.481899,-0.119332,-0.980101,0.048556
7.600000,0.589134,0.785276,-2.149577,-0.624282,0.784651,-0.480851,-0.113694,-1.013897,0.056219
7.620000,0.576626,0.800764,-2.159183,-0.626499,0.764035,-0.479650,-0.108056,-1.047694,0.063882
7.640000,0.564075,0.815833,-2.168762,-0.628604,0.742744,-0.478295,-0.102417,-1.081491,0.071545
7.660000,0.551483,0.830469,-2.178314,-0.630596,0.720776,-0.476788,-0.096779,-1.115287,0.079208
7.680000,0.538852,0.844660,-2.187833,-0.632475,0.698132,-0.475127,-0.091140,-1.149084,0.086871
7.700000,0.526185,0.858390,-2.197318,-0.634242,0.674812,-0.473313,-0.085502,-1.182880,0.094534
7.720000,0.513483,0.871648,-2.206764,-0.635895,0.650817,-0.471346,-0.079864,-1.216677,0.102197
7.740000,0.500750,0.884418,-2.216170,-0.637436,0.626145,-0.469225,-0.074225,-1.250474,0.109860
7.760000,0.487987,0.896689,-2.225532,-0.638864,0.600798,-0.466951,-0.068587,-1.284270,0.117523
7.780000,0.475196,0.908446,-2.234847,-0.640180,0.574774,-0.464524,-0.062949,-1.318067,0.125186
7.800000,0.462380,0.919675,-2.244112,-0.641382,0.548075,-0.461944,-0.057310,-1.351864,0.132848
7.820000,0.449541,0.930364,-2.253324,-0.642472,0.520700,-0.459210,-0.051672,-1.385660,0.140511
7.840000,0.436682,0.940499,-2.262480,-0.643449,0.492649,-0.456324,-0.046033,-1.419457,0.148174
7.860000,0.423804,0.950066,-2.271576,-0.644313,0.463922,-0.453283,-0.040395,-1.453253,0.155837
7.880000,0.410910,0.959051,-2.280610,-0.645065,0.434519,-0.450090,-0.034757,-1.487050,0.163500
7.900000,0.398002,0.967442,-2.289579,-0.645704,0.404440,-0.446743,-0.029118,-1.520847,0.171163
7.920000,0.385083,0.975224,-2.298479,-0.646230,0.373685,-0.443244,-0.023480,-1.554643,0.178826
7.940000,0.372154,0.982385,-2.307307,-0.646643,0.342254,-0.439590,-0.017841,-1.588440,0.186489
7.960000,0.359218,0.988910,-2.316061,-0.646943,0.310147,-0.435784,-0.012203,-1.622236,0.194152
7.980000,0.346277,0.994786,-2.324738,-0.647131,0.277365,-0.431824,-0.006565,-1.656033,0.201815
8.000000,0.333333,1.000000,-2.333333,-0.647206,0.243906,-0.427711,-0.000926,-1.689830,0.209478
8.020000,0.320388,1.004546,-2.341842,-0.647317,0.210966,-0.423046,-0.010156,-1.604125,0.257094
8.040000,0.307439,1.008450,-2.350249,-0.647612,0.179741,-0.417428,-0.019386,-1.518420,0.304709
8.060000,0.294483,1.011747,-2.358533,-0.648092,0.150230,-0.410857,-0.028616,-1.432715,0.352325
8.080000,0.281515,1.014471,-2.366677,-0.648757,0.122432,-0.403335,-0.037846,-1.347011,0.399941
8.100000,0.268531,1.016656,-2.374660,-0.649606,0.096349,-0.394860,-0.047076,-1.261306,0.447557
8.120000,0.255529,1.018336,-2.382465,-0.650640,0.071980,-0.385432,-0.056306,-1.175601,0.495173
8.140000,0.242504,1.019546,-2.390071,-0.651858,0.049325,-0.375053,-0.065536,-1.089896,0.542788
8.160000,0.229453,1.020321,-2.397461,-0.653261,0.028384,-0.363721,-0.074766,-1.004192,0.590404
8.180000,0.216373,1.020693,-2.404614,-0.654849,0.009157,-0.351437,-0.083996,-0.918487,0.638020
8.200000,0.203258,1.020698,-2.411512,-0.656621,-0.008355,-0.338200,-0.093226,-0.832782,0.685636
8.220000,0.190107,1.020370,-2.418135,-0.658578,-0.024154,-0.324011,-0.102456,-0.747078,0.733251
8.240000,0.176914,1.019744,-2.424466,-0.660719,-0.038238,-0.308870,-0.111686,-0.661373,0.780867
8.260000,0.163677,1.018852,-2.430484,-0.663045,-0.050609,-0.292776,-0.120916,-0.575668,0.828483
8.280000,0.150391,1.017731,-2.436170,-0.665556,-0.061265,-0.275731,-0.130146,-0.489963,0.876099
8.300000,0.137053,1.016413,-2.441507,-0.668251,-0.070207,-0.257733,-0.139376,-0.404259,0.923715
8.320000,0.123660,1.014934,-2.446473,-0.671131,-0.077435,-0.238782,-0.148606,-0.318554,0.971330
8.340000,0.110207,1.013327,-2.451052,-0.674196,-0.082950,-0.218879,-0.157836,-0.232849,1.018946
8.360000,0.096691,1.011627,-2.455222,-0.677445,-0.086749,-0.198024,-0.167066,-0.147145,1.066562
8.380000,0.083108,1.009868,-2.458966,-0.680878,-0.088835,-0.176217,-0.176296,-0.061440,1.114178
8.400000,0.069454,1.008085,-2.462265,-0.684496,-0.089207,-0.153457,-0.185526,0.024265,1.161793
8.420000,0.055727,1.006312,-2.465098,-0.688299,-0.087865,-0.129745,-0.194756,0.109970,1.209409
8.440000,0.041921,1.004582,-2.467448,-0.692287,-0.084808,-0.105081,-0.203986,0.195674,1.257025
8.460000,0.028034,1.002931,-2.469295,-0.696459,-0.080038,-0.079464,-0.213216,0.281379,1.304641
8.480000,0.014061,1.001392,-2.470620,-0.700815,-0.073553,-0.052895,-0.222446,0.367084,1.352257
8.500000,0.000000,1.000000,-2.471405,-0.705357,-0.065354,-0.025374,-0.231676,0.452788,1.399872
8.520000,-0.014150,0.998782,-2.471634,-0.709526,-0.056528,0.002391,-0.185304,0.429824,1.376615
8.540000,-0.028375,0.997736,-2.471312,-0.712769,-0.048161,0.029691,-0.138932,0.406859,1.353359
8.560000,-0.042655,0.996852,-2.470449,-0.715084,-0.040254,0.056525,-0.092559,0.383895,1.330102
8.580000,-0.056972,0.996123,-2.469054,-0.716471,-0.032806,0.082895,-0.046187,0.360930,1.306845
8.600000,-0.071308,0.995537,-2.467136,-0.716931,-0.025817,0.108799,0.000185,0.337966,1.283588
8.620000,-0.085643,0.995087,-2.464705,-0.716464,-0.019287,0.134238,0.046557,0.315001,1.260331
8.640000,-0.099960,0.994763,-2.461770,-0.715069,-0.013217,0.159212,0.092930,0.292037,1.237074
8.660000,-0.114240,0.994555,-2.458340,-0.712746,-0.007606,0.183721,0.139302,0.269072,1.213817
8.680000,-0.128464,0.994455,-2.454424,-0.709497,-0.002454,0.207765,0.185674,0.246108,1.190560
8.700000,-0.142613,0.994454,-2.450032,-0.705319,0.002239,0.231344,0.232047,0.223143,1.167303
8.720000,-0.156670,0.994542,-2.445174,-0.700215,0.006472,0.254457,0.278419,0.200179,1.144046
8.740000,-0.170616,0.994710,-2.439857,-0.694183,0.010246,0.277106,0.324791,0.177214,1.120790
8.760000,-0.184431,0.994949,-2.434092,-0.687223,0.013561,0.299289,0.371163,0.154250,1.097533
8.780000,-0.198098,0.995249,-2.427889,-0.679336,0.016416,0.321007,0.417536,0.131285,1.074276
8.800000,-0.211599,0.995602,-2.421255,-0.670522,0.018812,0.342260,0.463908,0.108321,1.051019
8.820000,-0.224913,0.995999,-2.414201,-0.660780,0.020749,0.363048,0.510280,0.085356,1.027762
8.840000,-0.238024,0.996429,-2.406736,-0.650111,0.022226,0.383370,0.556652,0.062392,1.004505
8.860000,-0.250911,0.996885,-2.398870,-0.638514,0.023244,0.403228,0.603025,0.039427,0.981248
8.880000,-0.263558,0.997356,-2.390610,-0.625990,0.023803,0.422620,0.649397,0.016463,0.957991
8.900000,-0.275945,0.997834,-2.381968,-0.612538,0.023903,0.441548,0.695769,-0.006502,0.934734
8.920000,-0.288053,0.998309,-2.372952,-0.598159,0.023543,0.460010,0.742141,-0.029466,0.911477
8.940000,-0.299865,0.998772,-2.363571,-0.582852,0.022724,0.478007,0.788514,-0.052431,0.888221
8.960000,-0.311361,0.999215,-2.353834,-0.566618,0.021446,0.495538,0.834886,-0.075395,0.864964
8.980000,-0.322524,0.999627,-2.343752,-0.549457,0.019708,0.512605,0.881258,-0.098360,0.841707
9.000000,-0.333333,1.000000,-2.333333,-0.531368,0.017512,0.529207,0.927630,-0.121324,0.818450
9.020000,-0.343774,1.000326,-2.322588,-0.512703,0.015147,0.545253,0.938823,-0.115171,0.786217
9.040000,-0.353840,1.000607,-2.311527,-0.493815,0.012905,0.560655,0.950016,-0.109018,0.753983
9.060000,-0.363526,1.000843,-2.300166,-0.474703,0.010786,0.575413,0.961208,-0.102864,0.721750
9.080000,-0.372827,1.001039,-2.288515,-0.455367,0.008790,0.589525,0.972401,-0.096711,0.689517
9.100000,-0.381739,1.001196,-2.276589,-0.435807,0.006918,0.602993,0.983594,-0.090558,0.657284
9.120000,-0.390257,1.001316,-2.264400,-0.416023,0.005168,0.615817,0.994786,-0.084404,0.625051
9.140000,-0.398378,1.001403,-2.251961,-0.396015,0.003541,0.627995,1.005979,-0.078251,0.592817
9.160000,-0.406096,1.001459,-2.239284,-0.375784,0.002038,0.639529,1.017171,-0.072098,0.560584
9.180000,-0.413408,1.001486,-2.226384,-0.355328,0.000657,0.650419,1.028364,-0.065944,0.528351
9.200000,-0.420308,1.001486,-2.213272,-0.334649,-0.000600,0.660663,1.039557,-0.059791,0.496118
9.220000,-0.426792,1.001463,-2.199962,-0.313746,-0.001734,0.670264,1.050749,-0.053638,0.463885
9.240000,-0.432856,1.001418,-2.186466,-0.292619,-0.002745,0.679219,1.061942,-0.047484,0.431651
9.260000,-0.438496,1.001354,-2.172797,-0.271268,-0.003634,0.687530,1.073134,-0.041331,0.399418
9.280000,-0.443706,1.001273,-2.158969,-0.249694,-0.004399,0.695196,1.084327,-0.035178,0.367185
9.300000,-0.448482,1.001178,-2.144994,-0.227895,-0.005041,0.702217,1.095520,-0.029024,0.334952
9.320000,-0.452820,1.001072,-2.130884,-0.205873,-0.005560,0.708594,1.106712,-0.022871,0.302719
9.340000,-0.456715,1.000957,-2.116654,-0.183627,-0.005956,0.714326,1.117905,-0.016718,0.270485
9.360000,-0.460164,1.000835,-2.102316,-0.161157,-0.006228,0.719413,1.129097,-0.010565,0.238252
9.380000,-0.463160,1.000709,-2.087882,-0.138463,-0.006378,0.723856,1.140290,-0.004411,0.206019
9.400000,-0.465701,1.000580,-2.073366,-0.115545,-0.006405,0.727654,1.151483,0.001742,0.173786
9.420000,-0.467781,1.000453,-2.058780,-0.092404,-0.006308,0.730807,1.162675,0.007895,0.141552
9.440000,-0.469395,1.000329,-2.044138,-0.069038,-0.006089,0.733316,1.173868,0.014049,0.109319
9.460000,-0.470541,1.000210,-2.029452,-0.045449,-0.005746,0.735180,1.185061,0.020202,0.077086
9.480000,-0.471212,1.000100,-2.014735,-0.021636,-0.005281,0.736399,1.196253,0.026355,0.044853
9.500000,-0.471405,1.000000,-2.000000,0.002401,-0.004692,0.736974,1.207446,0.032509,0.012620
9.520000,-0.471116,0.999913,-1.985260,0.026415,-0.004059,0.736874,1.193948,0.030860,-0.022642
9.540000,-0.470350,0.999837,-1.970530,0.050159,-0.003458,0.736068,1.180450,0.029211,-0.057904
9.560000,-0.469111,0.999774,-1.955822,0.073633,-0.002890,0.734558,1.166953,0.027562,-0.093166
9.580000,-0.467406,0.999722,-1.941152,0.096837,-0.002355,0.732342,1.153455,0.025914,-0.128428
9.600000,-0.465240,0.999680,-1.926533,0.119771,-0.001854,0.729421,1.139957,0.024265,-0.163690
9.620000,-0.462617,0.999647,-1.911980,0.142435,-0.001385,0.725794,1.126460,0.022616,-0.198952
9.640000,-0.459544,0.999624,-1.897506,0.164830,-0.000949,0.721463,1.112962,0.020967,-0.234214
9.660000,-0.456026,0.999609,-1.883126,0.186954,-0.000546,0.716426,1.099464,0.019319,-0.269476
9.680000,-0.452068,0.999602,-1.868854,0.208808,-0.000176,0.710683,1.085967,0.017670,-0.304738
9.700000,-0.447675,0.999602,-1.854704,0.230393,0.000161,0.704236,1.072469,0.016021,-0.340000
9.720000,-0.442854,0.999608,-1.840689,0.251707,0.000465,0.697083,1.058971,0.014372,-0.375262
9.740000,-0.437609,0.999620,-1.826825,0.272751,0.000736,0.689226,1.045473,0.012723,-0.410523
9.760000,-0.431946,0.999637,-1.813125,0.293526,0.000974,0.680663,1.031976,0.011075,-0.445785
9.780000,-0.425870,0.999659,-1.799603,0.314030,0.001179,0.671394,1.018478,0.009426,-0.481047
9.800000,-0.419386,0.999684,-1.786274,0.334265,0.001351,0.661421,1.004980,0.007777,-0.516309
9.820000,-0.412501,0.999713,-1.773151,0.354230,0.001490,0.650742,0.991483,0.006128,-0.551571
9.840000,-0.405219,0.999744,-1.760249,0.373924,0.001596,0.639358,0.977985,0.004480,-0.586833
9.860000,-0.397546,0.999776,-1.747581,0.393349,0.001669,0.627269,0.964487,0.002831,-0.622095
9.880000,-0.389487,0.999810,-1.735163,0.412504,0.001709,0.614474,0.950990,0.001182,-0.657357
9.900000,-0.381047,0.999844,-1.723007,0.431389,0.001716,0.600974,0.937492,-0.000467,-0.692619
9.920000,-0.372233,0.999879,-1.711129,0.450004,0.001690,0.586769,0.923994,-0.002116,-0.727881
9.940000,-0.363049,0.999912,-1.699541,0.468348,0.001632,0.571859,0.910497,-0.003764,-0.763143
9.960000,-0.353501,0.999944,-1.688259,0.486423,0.001540,0.556244,0.896999,-0.005413,-0.798405
9.980000,-0.343594,0.999973,-1.677296,0.504228,0.001415,0.539923,0.883501,-0.007062,-0.833667
10.000000,-0.333333,1.000000,-1.666667,0.521763,0.001257,0.522897,0.870004,-0.008711,-0.868929
10.020000,-0.322726,1.000023,-1.656383,0.538815,0.001087,0.505377,0.835157,-0.008269,-0.883099
10.040000,-0.311785,1.000044,-1.646453,0.555170,0.000927,0.487573,0.800310,-0.007827,-0.897270
10.060000,-0.300524,1.000061,-1.636882,0.570827,0.000774,0.469486,0.765463,-0.007385,-0.911441
10.080000,-0.288957,1.000075,-1.627676,0.585788,0.000631,0.451115,0.730616,-0.006944,-0.925611
10.100000,-0.277097,1.000086,-1.618840,0.600052,0.000497,0.432461,0.695769,-0.006502,-0.939782
10.120000,-0.264959,1.000095,-1.610379,0.613619,0.000371,0.413524,0.660922,-0.006060,-0.953953
10.140000,-0.252557,1.000101,-1.602301,0.626489,0.000254,0.394303,0.626075,-0.005618,-0.968124
10.160000,-0.239905,1.000105,-1.594609,0.638662,0.000146,0.374799,0.591229,-0.005176,-0.982294
10.180000,-0.227015,1.000107,-1.587311,0.650138,0.000047,0.355011,0.556382,-0.004735,-0.996465
10.200000,-0.213904,1.000107,-1.580411,0.660917,-0.000043,0.334940,0.521535,-0.004293,-1.010636
10.220000,-0.200583,1.000105,-1.573915,0.671000,-0.000125,0.314586,0.486688,-0.003851,-1.024807
10.240000,-0.187068,1.000102,-1.567829,0.680385,-0.000197,0.293948,0.451841,-0.003409,-1.038977
10.260000,-0.173373,1.000097,-1.562159,0.689073,-0.000261,0.273027,0.416994,-0.002967,-1.053148
10.280000,-0.159510,1.000091,-1.556910,0.697065,-0.000316,0.251822,0.382147,-0.002526,-1.067319
10.300000,-0.145495,1.000085,-1.552088,0.704359,-0.000362,0.230334,0.347300,-0.002084,-1.081490
10.320000,-0.131340,1.000077,-1.547698,0.710957,-0.000399,0.208563,0.312453,-0.001642,-1.095660
10.340000,-0.117061,1.000069,-1.543747,0.716857,-0.000428,0.186508,0.277607,-0.001200,-1.109831
10.360000,-0.102671,1.000060,-1.540240,0.722061,-0.000447,0.164169,0.242760,-0.000758,-1.124002
10.380000,-0.088183,1.000051,-1.537182,0.726568,-0.000458,0.141548,0.207913,-0.000317,-1.138173
10.400000,-0.073613,1.000042,-1.534580,0.730377,-0.000460,0.118643,0.173066,0.000125,-1.152343
10.420000,-0.058973,1.000033,-1.532438,0.733490,-0.000453,0.095454,0.138219,0.000567,-1.166514
10.440000,-0.044278,1.000024,-1.530764,0.735906,-0.000437,0.071982,0.103372,0.001009,-1.180685
10.460000,-0.029541,1.000015,-1.529561,0.737625,-0.000413,0.048227,0.068525,0.001450,-1.194856
10.480000,-0.014777,1.000007,-1.528836,0.738647,-0.000379,0.024188,0.033678,0.001892,-1.209026
10.500000,-0.000000,1.000000,-1.528595,0.738972,-0.000337,-0.000135,-0.001168,0.002334,-1.223197
10.520000,0.014777,0.999994,-1.528842,0.738603,-0.000291,-0.024455,-0.035735,0.002216,-1.208897
10.540000,0.029540,0.999988,-1.529572,0.737543,-0.000248,-0.048490,-0.070301,0.002097,-1.194597
10.560000,0.044274,0.999984,-1.530780,0.735791,-0.000207,-0.072239,-0.104868,0.001979,-1.180297
10.580000,0.058967,0.999980,-1.532459,0.733348,-0.000169,-0.095702,-0.139434,0.001861,-1.165998
10.600000,0.073603,0.999977,-1.534606,0.730214,-0.000133,-0.118879,-0.174001,0.001742,-1.151698
10.620000,0.088170,0.999975,-1.537213,0.726388,-0.000099,-0.141770,-0.208567,0.001624,-1.137398
10.640000,0.102654,0.999973,-1.540275,0.721871,-0.000068,-0.164375,-0.243134,0.001505,-1.123098
10.660000,0.117041,0.999972,-1.543786,0.716663,-0.000039,-0.186694,-0.277700,0.001387,-1.108798
10.680000,0.131316,0.999971,-1.547741,0.710763,-0.000013,-0.208727,-0.312267,0.001269,-1.094498
10.700000,0.145467,0.999971,-1.552133,0.704172,0.000012,-0.230474,-0.346833,0.001150,-1.080198
10.720000,0.159478,0.999972,-1.556958,0.696890,0.000033,-0.251935,-0.381399,0.001032,-1.065898
10.740000,0.173338,0.999973,-1.562208,0.688916,0.000053,-0.273110,-0.415966,0.000914,-1.051599
10.760000,0.187030,0.999974,-1.567880,0.680251,0.000070,-0.293999,-0.450532,0.000795,-1.037299
10.780000,0.200543,0.999976,-1.573967,0.670895,0.000085,-0.314602,-0.485099,0.000677,-1.022999
10.800000,0.213862,0.999977,-1.580462,0.660847,0.000097,-0.334919,-0.519665,0.000558,-1.008699
10.820000,0.226972,0.999979,-1.587361,0.650108,0.000107,-0.354950,-0.554232,0.000440,-0.994399
10.840000,0.239861,0.999982,-1.594658,0.638678,0.000115,-0.374695,-0.588798,0.000322,-0.980099
10.860000,0.252515,0.999984,-1.602347,0.626556,0.000120,-0.394154,-0.623365,0.000203,-0.965799
10.880000,0.264919,0.999986,-1.610423,0.613743,0.000123,-0.413327,-0.657931,0.000085,-0.951499
10.900000,0.277060,0.999989,-1.618878,0.600239,0.000123,-0.432214,-0.692497,-0.000034,-0.937200
10.920000,0.288924,0.999991,-1.627709,0.586043,0.000121,-0.450815,-0.727064,-0.000152,-0.922900
10.940000,0.300497,0.999994,-1.636909,0.571156,0.000117,-0.469130,-0.761630,-0.000270,-0.908600
10.960000,0.311766,0.999996,-1.646473,0.555578,0.000111,-0.487159,-0.796197,-0.000389,-0.894300
10.980000,0.322716,0.999998,-1.656394,0.539309,0.000102,-0.504902,-0.830763,-0.000507,-0.880000
11.000000,0.333333,1.000000,-1.666667,0.522348,0.000090,-0.522359,-0.865330,-0.000625,-0.865700
11.020000,0.343606,1.000002,-1.677285,0.504898,0.000078,-0.539327,-0.879669,-0.000594,-0.831084
11.040000,0.353527,1.000003,-1.688235,0.487161,0.000067,-0.555602,-0.894008,-0.000562,-0.796468
11.060000,0.363091,1.000004,-1.699504,0.469137,0.000056,-0.571185,-0.908347,-0.000530,-0.761851
11.080000,0.372291,1.000005,-1.711078,0.450827,0.000045,-0.586076,-0.922686,-0.000499,-0.727235
11.100000,0.381122,1.000006,-1.722943,0.432230,0.000036,-0.600275,-0.937025,-0.000467,-0.692619
11.120000,0.389578,1.000007,-1.735084,0.413346,0.000027,-0.613781,-0.951364,-0.000435,-0.658003
11.140000,0.397654,1.000007,-1.747489,0.394175,0.000018,-0.626595,-0.965703,-0.000403,-0.623386
11.160000,0.405343,1.000008,-1.760143,0.374718,0.000011,-0.638716,-0.980042,-0.000372,-0.588770
11.180000,0.412641,1.000008,-1.773033,0.354974,0.000003,-0.650146,-0.994381,-0.000340,-0.554154
11.200000,0.419540,1.000008,-1.786145,0.334943,-0.000003,-0.660883,-1.008720,-0.000308,-0.519538
11.220000,0.426036,1.000008,-1.799464,0.314625,-0.000009,-0.670927,-1.023059,-0.000276,-0.484921
11.240000,0.432123,1.000007,-1.812977,0.294020,-0.000014,-0.680279,-1.037398,-0.000245,-0.450305
11.260000,0.437795,1.000007,-1.826670,0.273129,-0.000019,-0.688939,-1.051736,-0.000213,-0.415689
11.280000,0.443047,1.000007,-1.840530,0.251951,-0.000023,-0.696907,-1.066075,-0.000181,-0.381073
11.300000,0.447872,1.000006,-1.854542,0.230486,-0.000026,-0.704182,-1.080414,-0.000150,-0.346456
11.320000,0.452264,1.000006,-1.868693,0.208734,-0.000029,-0.710765,-1.094753,-0.000118,-0.311840
11.340000,0.456219,1.000005,-1.882968,0.186696,-0.000031,-0.716656,-1.109092,-0.000086,-0.277224
11.360000,0.459730,1.000004,-1.897354,0.164371,-0.000032,-0.721854,-1.123431,-0.000054,-0.242608
11.380000,0.462792,1.000004,-1.911838,0.141759,-0.000033,-0.726360,-1.137770,-0.000023,-0.207991
11.400000,0.465399,1.000003,-1.926404,0.118860,-0.000033,-0.730174,-1.152109,0.000009,-0.173375
11.420000,0.467544,1.000002,-1.941040,0.095674,-0.000033,-0.733295,-1.166448,0.000041,-0.138759
11.440000,0.469224,1.000002,-1.955731,0.072202,-0.000031,-0.735724,-1.180787,0.000072,-0.104143
11.460000,0.470431,1.000001,-1.970464,0.048443,-0.000030,-0.737461,-1.195126,0.000104,-0.069526
11.480000,0.471159,1.000001,-1.985225,0.024397,-0.000027,-0.738505,-1.209465,0.000136,-0.034910
11.500000,0.471405,1.000000,-2.000000,0.000064,-0.000024,-0.738857,-1.223804,0.000168,-0.000294
11.520000,0.471162,1.000000,-2.014775,-0.024269,-0.000021,-0.738516,-1.209527,0.000159,0.034393
11.540000,0.470436,0.999999,-2.029536,-0.048317,-0.000018,-0.737482,-1.195250,0.000151,0.069080
11.560000,0.469231,0.999999,-2.044270,-0.072079,-0.000015,-0.735753,-1.180972,0.000142,0.103766
11.580000,0.467554,0.999999,-2.058962,-0.095556,-0.000012,-0.733331,-1.166695,0.000134,0.138453
11.600000,0.465411,0.999998,-2.073598,-0.118747,-0.000010,-0.730215,-1.152417,0.000125,0.173140
11.620000,0.462806,0.999998,-2.088166,-0.141652,-0.000007,-0.726405,-1.138140,0.000117,0.207827
11.640000,0.459747,0.999998,-2.102650,-0.164273,-0.000005,-0.721902,-1.123863,0.000108,0.242514
11.660000,0.456237,0.999998,-2.117037,-0.186607,-0.000003,-0.716705,-1.109585,0.000100,0.277200
11.680000,0.452284,0.999998,-2.131313,-0.208656,-0.000001,-0.710814,-1.095308,0.000091,0.311887
11.700000,0.447893,0.999998,-2.145465,-0.230419,0.000001,-0.704229,-1.081031,0.000083,0.346574
11.720000,0.443069,0.999998,-2.159478,-0.251897,0.000002,-0.696951,-1.066753,0.000074,0.381261
11.740000,0.437819,0.999998,-2.173338,-0.273089,0.000004,-0.688979,-1.052476,0.000066,0.415947
11.760000,0.432148,0.999998,-2.187032,-0.293996,0.000005,-0.680313,-1.038198,0.000057,0.450634
11.780000,0.426061,0.999998,-2.200546,-0.314617,0.000006,-0.670954,-1.023921,0.000049,0.485321
11.800000,0.419565,0.999998,-2.213866,-0.334953,0.000007,-0.660900,-1.009644,0.000040,0.520008
11.820000,0.412665,0.999999,-2.226978,-0.355003,0.000008,-0.650153,-0.995366,0.000032,0.554695
11.840000,0.405367,0.999999,-2.239867,-0.374768,0.000008,-0.638712,-0.981089,0.000023,0.589381
11.860000,0.397676,0.999999,-2.252521,-0.394247,0.000009,-0.626578,-0.966812,0.000015,0.624068
11.880000,0.389599,0.999999,-2.264926,-0.413440,0.000009,-0.613750,-0.952534,0.000006,0.658755
11.900000,0.381140,0.999999,-2.277067,-0.432348,0.000009,-0.600228,-0.938257,-0.000002,0.693442
11.920000,0.372307,0.999999,-2.288930,-0.450970,0.000009,-0.586012,-0.923980,-0.000011,0.728128
11.940000,0.363104,1.000000,-2.300503,-0.469307,0.000008,-0.571103,-0.909702,-0.000019,0.762815
11.960000,0.353536,1.000000,-2.311770,-0.487359,0.000008,-0.555499,-0.895425,-0.000028,0.797502
11.980000,0.343611,1.000000,-2.322718,-0.505124,0.000007,-0.539203,-0.881147,-0.000036,0.832189
12.000000,0.333333,1.000000,-2.333333,-0.522604,0.000006,-0.522212,-0.866870,-0.000045,0.866876
12.020000,0.322710,1.000000,-2.343603,-0.539593,0.000006,-0.504733,-0.831996,-0.000043,0.880964
12.040000,0.311754,1.000000,-2.353521,-0.555884,0.000005,-0.486973,-0.797121,-0.000040,0.895052
12.060000,0.300479,1.000000,-2.363080,-0.571478,0.000004,-0.468931,-0.762246,-0.000038,0.909140
12.080000,0.288900,1.000000,-2.372276,-0.586374,0.000003,-0.450608,-0.727372,-0.000036,0.923229
12.100000,0.277029,1.000000,-2.381103,-0.600573,0.000003,-0.432002,-0.692497,-0.000034,0.937317
12.120000,0.264882,1.000000,-2.389554,-0.614074,0.000002,-0.413115,-0.657623,-0.000031,0.951405
12.140000,0.252471,1.000001,-2.397625,-0.626878,0.000001,-0.393946,-0.622748,-0.000029,0.965494
12.160000,0.239811,1.000001,-2.405310,-0.638984,0.000001,-0.374495,-0.587874,-0.000027,0.979582
12.180000,0.226916,1.000001,-2.412603,-0.650393,0.000000,-0.354763,-0.552999,-0.000024,0.993670
12.200000,0.213800,1.000001,-2.419499,-0.661104,-0.000000,-0.334748,-0.518125,-0.000022,1.007759
12.220000,0.200477,1.000001,-2.425991,-0.671118,-0.000001,-0.314452,-0.483250,-0.000020,1.021847
12.240000,0.186960,1.000001,-2.432075,-0.680434,-0.000001,-0.293875,-0.448376,-0.000018,1.035935
12.260000,0.173264,1.000001,-2.437745,-0.689053,-0.000001,-0.273015,-0.413501,-0.000015,1.050023
12.280000,0.159403,1.000000,-2.442994,-0.696974,-0.000002,-0.251874,-0.378627,-0.000013,1.064112
12.300000,0.145390,1.000000,-2.447818,-0.704198,-0.000002,-0.230451,-0.343752,-0.000011,1.078200
12.320000,0.131239,1.000000,-2.452210,-0.710724,-0.000002,-0.208746,-0.308878,-0.000008,1.092288
12.340000,0.116965,1.000000,-2.456166,-0.716553,-0.000002,-0.186759,-0.274003,-0.000006,1.106377
12.360000,0.102582,1.000000,-2.459679,-0.721684,-0.000002,-0.164491,-0.239129,-0.000004,1.120465
12.380000,0.088103,1.000000,-2.462743,-0.726118,-0.000002,-0.141940,-0.204254,-0.000002,1.134553
12.400000,0.073542,1.000000,-2.465354,-0.729854,-0.000002,-0.119108,-0.169380,0.000001,1.148642
12.420000,0.058913,1.000000,-2.467506,-0.732893,-0.000002,-0.095995,-0.134505,0.000003,1.162730
12.440000,0.044231,1.000000,-2.469192,-0.735235,-0.000002,-0.072599,-0.099631,0.000005,1.176818
12.460000,0.029508,1.000000,-2.470408,-0.736878,-0.000002,-0.048922,-0.064756,0.000007,1.190906
12.480000,0.014760,1.000000,-2.471147,-0.737825,-0.000002,-0.024963,-0.029882,0.000010,1.204995
12.500000,0.000000,1.000000,-2.471405,-0.738074,-0.000002,-0.000722,0.004993,0.000012,1.219083
12.520000,-0.014758,1.000000,-2.471176,-0.737637,-0.000002,0.023525,0.038669,0.000011,1.205688
12.540000,-0.029501,1.000000,-2.470465,-0.736527,-0.000001,0.047505,0.072345,0.000011,1.192293
12.560000,-0.044215,1.000000,-2.469278,-0.734743,-0.000001,0.071217,0.106022,0.000010,1.178898
12.580000,-0.058886,1.000000,-2.467618,-0.732286,-0.000001,0.094661,0.139698,0.000010,1.165503
12.600000,-0.073502,1.000000,-2.465493,-0.729155,-0.000001,0.117837,0.173374,0.000009,1.152108
12.620000,-0.088048,1.000000,-2.462907,-0.725351,-0.000001,0.140746,0.207050,0.000008,1.138713
12.640000,-0.102511,1.000000,-2.459865,-0.720873,-0.000000,0.163386,0.240726,0.000008,1.125318
12.660000,-0.116878,1.000000,-2.456373,-0.715722,-0.000000,0.185758,0.274403,0.000007,1.111923
12.680000,-0.131136,1.000000,-2.452436,-0.709897,-0.000000,0.207863,0.308079,0.000007,1.098528
12.700000,-0.145270,1.000000,-2.448060,-0.703399,0.000000,0.229699,0.341755,0.000006,1.085134
12.720000,-0.159267,1.000000,-2.443250,-0.696227,0.000000,0.251268,0.375431,0.000005,1.071739
12.740000,-0.173114,1.000000,-2.438011,-0.688382,0.000000,0.272569,0.409107,0.000005,1.058344
12.760000,-0.186798,1.000000,-2.432349,-0.679863,0.000000,0.293602,0.442784,0.000004,1.044949
12.780000,-0.200304,1.000000,-2.426269,-0.670670,0.000000,0.314367,0.476460,0.000003,1.031554
12.800000,-0.213620,1.000000,-2.419776,-0.660804,0.000000,0.334864,0.510136,0.000003,1.018159
12.820000,-0.226732,1.000000,-2.412876,-0.650265,0.000001,0.355093,0.543812,0.000002,1.004764
12.840000,-0.239626,1.000000,-2.405574,-0.639052,0.000001,0.375055,0.577489,0.000002,0.991369
12.860000,-0.252290,1.000000,-2.397876,-0.627165,0.000001,0.394748,0.611165,0.000001,0.977974
12.880000,-0.264708,1.000000,-2.389786,-0.614605,0.000001,0.414174,0.644841,0.000000,0.964579
12.900000,-0.276869,1.000000,-2.381311,-0.601372,0.000001,0.433331,0.678517,-0.000000,0.951184
12.920000,-0.288759,1.000000,-2.372455,-0.587465,0.000001,0.452221,0.712193,-0.000001,0.937789
12.940000,-0.300363,1.000000,-2.363224,-0.572884,0.000001,0.470843,0.745870,-0.000001,0.924394
12.960000,-0.311670,1.000000,-2.353623,-0.557630,0.000001,0.489197,0.779546,-0.000002,0.910999
12.980000,-0.322664,1.000000,-2.343658,-0.541702,0.000001,0.507283,0.813222,-0.000003,0.897604
13.000000,-0.333333,1.000000,-2.333333,-0.525101,0.000000,0.525101,0.846898,-0.000003,0.884209
13.020000,-0.343665,1.000000,-2.322657,-0.507984,0.000000,0.542403,0.864771,-0.000003,0.846056
13.040000,-0.353650,1.000000,-2.311642,-0.490510,0.000000,0.558943,0.882643,-0.000003,0.807902
13.060000,-0.363283,1.000000,-2.300304,-0.472678,0.000000,0.574720,0.900515,-0.000003,0.769749
13.080000,-0.372555,1.000000,-2.288659,-0.454489,0.000000,0.589733,0.918387,-0.000003,0.731595
13.100000,-0.381460,1.000000,-2.276720,-0.435943,0.000000,0.603983,0.936260,-0.000002,0.693442
13.120000,-0.389990,1.000000,-2.264504,-0.417039,0.000000,0.617471,0.954132,-0.000002,0.655288
13.140000,-0.398139,1.000000,-2.252026,-0.397778,0.000000,0.630195,0.972004,-0.000002,0.617135
13.160000,-0.405899,1.000000,-2.239302,-0.378159,0.000000,0.642156,0.989877,-0.000002,0.578981
13.180000,-0.413263,1.000000,-2.226345,-0.358183,0.000000,0.653354,1.007749,-0.000002,0.540828
13.200000,-0.420224,1.000000,-2.213173,-0.337849,-0.000000,0.663789,1.025621,-0.000002,0.502674
13.220000,-0.426775,1.000000,-2.199799,-0.317158,-0.000000,0.673461,1.043493,-0.000001,0.464521
13.240000,-0.432908,1.000000,-2.186239,-0.296109,-0.000000,0.682370,1.061366,-0.000001,0.426367
13.260000,-0.438617,1.000000,-2.172509,-0.274703,-0.000000,0.690516,1.079238,-0.000001,0.388214
13.280000,-0.443894,1.000000,-2.158624,-0.252940,-0.000000,0.697899,1.097110,-0.000001,0.350060
13.300000,-0.448732,1.000000,-2.144598,-0.230819,-0.000000,0.704518,1.114983,-0.000001,0.311907
13.320000,-0.453124,1.000000,-2.130448,-0.208340,-0.000000,0.710375,1.132855,-0.000001,0.273753
13.340000,-0.457063,1.000000,-2.116188,-0.185505,-0.000000,0.715468,1.150727,-0.000000,0.235600
13.360000,-0.460542,1.000000,-2.101834,-0.162311,-0.000000,0.719799,1.168600,-0.000000,0.197446
13.380000,-0.463553,1.000000,-2.087401,-0.138761,-0.000000,0.723366,1.186472,-0.000000,0.159293
13.400000,-0.466090,1.000000,-2.072905,-0.114852,-0.000000,0.726171,1.204344,0.000000,0.121139
13.420000,-0.468145,1.000000,-2.058360,-0.090587,-0.000000,0.728212,1.222216,0.000000,0.082986
13.440000,-0.469711,1.000000,-2.043781,-0.065964,-0.000000,0.729490,1.240089,0.000000,0.044832
13.460000,-0.470781,1.000000,-2.029185,-0.040983,-0.000000,0.730005,1.257961,0.000001,0.006679
13.480000,-0.471348,1.000000,-2.014586,-0.015645,-0.000000,0.729757,1.275833,0.000001,-0.031475
13.500000,-0.471405,1.000000,-2.000000,0.010050,-0.000000,0.728746,1.293706,0.000001,-0.069628
13.520000,-0.470947,1.000000,-1.985440,0.035649,-0.000000,0.727139,1.266185,0.000001,-0.091071
13.540000,-0.469982,1.000000,-1.970917,0.060697,-0.000000,0.725103,1.238665,0.000001,-0.112514
13.560000,-0.468522,1.000000,-1.956439,0.085196,-0.000000,0.722639,1.211145,0.000001,-0.133956
13.580000,-0.466578,1.000000,-1.942015,0.109143,-0.000000,0.719745,1.183624,0.000001,-0.155399
13.600000,-0.464160,1.000000,-1.927652,0.132541,-0.000000,0.716423,1.156104,0.000001,-0.176842
13.620000,-0.461280,1.000000,-1.913361,0.155387,-0.000000,0.712671,1.128583,0.000001,-0.198285
13.640000,-0.457948,1.000000,-1.899148,0.177684,-0.000000,0.708491,1.101063,0.000001,-0.219727
13.660000,-0.454176,1.000000,-1.885024,0.199430,-0.000000,0.703882,1.073543,0.000001,-0.241170
13.680000,-0.449975,1.000000,-1.870996,0.220626,-0.000000,0.698844,1.046022,0.000000,-0.262613
13.700000,-0.445355,1.000000,-1.857073,0.241271,0.000000,0.693378,1.018502,0.000000,-0.284055
13.720000,-0.440328,1.000000,-1.843264,0.261366,0.000000,0.687482,0.990981,0.000000,-0.305498
13.740000,-0.434904,1.000000,-1.829576,0.280910,0.000000,0.681158,0.963461,0.000000,-0.326941
13.760000,-0.429095,1.000000,-1.816020,0.299904,0.000000,0.674405,0.935941,0.000000,-0.348384
13.780000,-0.422912,1.000000,-1.802603,0.318348,0.000000,0.667222,0.908420,0.000000,-0.369826
13.800000,-0.416365,1.000000,-1.789334,0.336241,0.000000,0.659611,0.880900,0.000000,-0.391269
13.820000,-0.409466,1.000000,-1.776222,0.353584,0.000000,0.651572,0.853380,0.000000,-0.412712
13.840000,-0.402225,1.000000,-1.763274,0.370376,0.000000,0.643103,0.825859,0.000000,-0.434154
13.860000,-0.394654,1.000000,-1.750500,0.386618,0.000000,0.634205,0.798339,0.000000,-0.455597
13.880000,-0.386764,1.000000,-1.737909,0.402310,0.000000,0.624879,0.770818,0.000000,-0.477040
13.900000,-0.378566,1.000000,-1.725508,0.417451,0.000000,0.615124,0.743298,-0.000000,-0.498483
13.920000,-0.370070,1.000000,-1.713307,0.432042,0.000000,0.604940,0.715778,-0.000000,-0.519925
13.940000,-0.361288,1.000000,-1.701313,0.446082,0.000000,0.594327,0.688257,-0.000000,-0.541368
13.960000,-0.352230,1.000000,-1.689536,0.459572,0.000000,0.583285,0.660737,-0.000000,-0.562811
13.980000,-0.342908,1.000000,-1.677985,0.472511,0.000000,0.571814,0.633217,-0.000000,-0.584253
14.000000,-0.333333,1.000000,-1.666667,0.484901,0.000000,0.559915,0.605696,-0.000000,-0.605696
14.020000,-0.323513,1.000000,-1.655594,0.497160,0.000000,0.547166,0.620260,-0.000000,-0.669223
14.040000,-0.313445,1.000000,-1.644789,0.509711,0.000000,0.533146,0.634825,-0.000000,-0.732751
14.060000,-0.303123,1.000000,-1.634276,0.522553,0.000000,0.517856,0.649389,-0.000000,-0.796278
14.080000,-0.292541,1.000000,-1.624083,0.535687,0.000000,0.501295,0.663953,-0.000000,-0.859805
14.100000,-0.281693,1.000000,-1.614233,0.549111,0.000000,0.483464,0.678517,-0.000000,-0.923333
14.120000,-0.270575,1.000000,-1.604753,0.562827,0.000000,0.464362,0.693081,-0.000000,-0.986860
14.140000,-0.259178,1.000000,-1.595667,0.576834,0.000000,0.443989,0.707646,-0.000000,-1.050387
14.160000,-0.247499,1.000000,-1.587002,0.591133,0.000000,0.422346,0.722210,-0.000000,-1.113915
14.180000,-0.235531,1.000000,-1.578782,0.605723,0.000000,0.399433,0.736774,-0.000000,-1.177442
14.200000,-0.223268,1.000000,-1.571033,0.620604,-0.000000,0.375248,0.751338,-0.000000,-1.240969
14.220000,-0.210705,1.000000,-1.563780,0.635776,-0.000000,0.349794,0.765902,-0.000000,-1.304496
14.240000,-0.197835,1.000000,-1.557049,0.651240,-0.000000,0.323069,0.780467,-0.000000,-1.368024
14.260000,-0.184653,1.000000,-1.550866,0.666995,-0.000000,0.295073,0.795031,-0.000000,-1.431551
14.280000,-0.171154,1.000000,-1.545255,0.683041,-0.000000,0.265807,0.809595,-0.000000,-1.495078
14.300000,-0.157330,1.000000,-1.540242,0.699379,-0.000000,0.235270,0.824159,-0.000000,-1.558606
14.320000,-0.143177,1.000000,-1.535853,0.716008,-0.000000,0.203462,0.838723,-0.000000,-1.622133
14.340000,-0.128688,1.000000,-1.532112,0.732928,-0.000000,0.170384,0.853288,-0.000000,-1.685660
14.360000,-0.113857,1.000000,-1.529046,0.750139,-0.000000,0.136036,0.867852,-0.000000,-1.749188
14.380000,-0.098680,1.000000,-1.526679,0.767642,-0.000000,0.100417,0.882416,-0.000000,-1.812715
14.400000,-0.083150,1.000000,-1.525038,0.785436,-0.000000,0.063527,0.896980,0.000000,-1.876242
14.420000,-0.067261,1.000000,-1.524147,0.803521,-0.000000,0.025367,0.911544,0.000000,-1.939769
14.440000,-0.051007,1.000000,-1.524031,0.821898,-0.000000,-0.014063,0.926109,0.000000,-2.003297
14.460000,-0.034383,1.000000,-1.524718,0.840565,-0.000000,-0.054765,0.940673,0.000000,-2.066824
14.480000,-0.017383,1.000000,-1.526230,0.859524,-0.000000,-0.096736,0.955237,0.000000,-2.130351
14.500000,0.000000,1.000000,-1.528595,0.878775,-0.000000,-0.139979,0.969801,0.000000,-2.193879
14.520000,0.017755,1.000000,-1.531821,0.895989,-0.000000,-0.181877,0.751613,0.000000,-1.995972
14.540000,0.035810,1.000000,-1.535844,0.908839,-0.000000,-0.219818,0.533425,0.000000,-1.798065
14.560000,0.054079,1.000000,-1.540587,0.917326,-0.000000,-0.253800,0.315237,0.000000,-1.600158
14.580000,0.072474,1.000000,-1.545970,0.921449,-0.000000,-0.283824,0.097049,0.000000,-1.402251
14.600000,0.090908,1.000000,-1.551914,0.921208,-0.000000,-0.309890,-0.121139,0.000000,-1.204344
14.620000,0.109294,1.000000,-1.558339,0.916603,-0.000000,-0.331998,-0.339327,0.000000,-1.006437
14.640000,0.127543,1.000000,-1.565167,0.907635,-0.000000,-0.350147,-0.557515,0.000000,-0.808530
14.660000,0.145570,1.000000,-1.572319,0.894303,-0.000000,-0.364339,-0.775703,0.000000,-0.610624
14.680000,0.163286,1.000000,-1.579714,0.876607,0.000000,-0.374572,-0.993891,0.000000,-0.412717
14.700000,0.180605,1.000000,-1.587275,0.854547,0.000000,-0.380848,-1.212080,0.000000,-0.214810
14.720000,0.197439,1.000000,-1.594922,0.828124,0.000000,-0.383165,-1.430268,0.000000,-0.016903
14.740000,0.213701,1.000000,-1.602575,0.797336,0.000000,-0.381524,-1.648456,0.000000,0.181004
14.760000,0.229303,1.000000,-1.610156,0.762185,0.000000,-0.375925,-1.866644,0.000000,0.378911
14.780000,0.244159,1.000000,-1.617586,0.722671,0.000000,-0.366367,-2.084832,0.000000,0.576818
14.800000,0.258181,1.000000,-1.624785,0.678792,0.000000,-0.352852,-2.303020,0.000000,0.774725
14.820000,0.271282,1.000000,-1.631673,0.630550,0.000000,-0.335378,-2.521208,0.000000,0.972632
14.840000,0.283374,1.000000,-1.638173,0.577944,0.000000,-0.313947,-2.739396,-0.000000,1.170538
14.860000,0.294371,1.000000,-1.644205,0.520974,0.000000,-0.288557,-2.957584,-0.000000,1.368445
14.880000,0.304184,1.000000,-1.649689,0.459640,0.000000,-0.259209,-3.175772,-0.000000,1.566352
14.900000,0.312727,1.000000,-1.654547,0.393943,0.000000,-0.225903,-3.393960,-0.000000,1.764259
14.920000,0.319913,1.000000,-1.658699,0.323882,0.000000,-0.188638,-3.612148,-0.000000,1.962166
14.940000,0.325653,1.000000,-1.662066,0.249457,0.000000,-0.147416,-3.830336,-0.000000,2.160073
14.960000,0.329862,1.000000,-1.664569,0.170668,0.000000,-0.102235,-4.048524,-0.000000,2.357980
14.980000,0.332451,1.000000,-1.666129,0.087516,0.000000,-0.053097,-4.266712,-0.000000,2.555887
