0.000000,0.000000,0.000000,0.000000,0.000000,0.000000,0.000000,6.127406,-3.011565,-7.695126
0.020000,0.001211,-0.000595,-0.001521,0.120372,-0.059162,-0.151169,5.909761,-2.904595,-7.421796
0.040000,0.004786,-0.002352,-0.006010,0.236390,-0.116184,-0.296872,5.692117,-2.797625,-7.148467
0.060000,0.010638,-0.005228,-0.013359,0.348056,-0.171067,-0.437108,5.474473,-2.690655,-6.875137
0.080000,0.018679,-0.009181,-0.023458,0.455369,-0.223810,-0.571877,5.256828,-2.583684,-6.601808
0.100000,0.028823,-0.014166,-0.036198,0.558329,-0.274414,-0.701180,5.039184,-2.476714,-6.328479
0.120000,0.040983,-0.020143,-0.051469,0.656937,-0.322879,-0.825016,4.821540,-2.369744,-6.055149
0.140000,0.055072,-0.027067,-0.069162,0.751191,-0.369204,-0.943386,4.603895,-2.262774,-5.781820
0.160000,0.071002,-0.034897,-0.089168,0.841093,-0.413390,-1.056289,4.386251,-2.155803,-5.508490
0.180000,0.088686,-0.043589,-0.111377,0.926641,-0.455436,-1.163726,4.168607,-2.048833,-5.235161
0.200000,0.108038,-0.053100,-0.135681,1.007837,-0.495343,-1.265696,3.950962,-1.941863,-4.961832
0.220000,0.128971,-0.063388,-0.161969,1.084680,-0.533110,-1.362199,3.733318,-1.834893,-4.688502
0.240000,0.151397,-0.074410,-0.190132,1.157170,-0.568739,-1.453236,3.515674,-1.727923,-4.415173
0.260000,0.175229,-0.086123,-0.220062,1.225307,-0.602227,-1.538806,3.298029,-1.620952,-4.141843
0.280000,0.200380,-0.098485,-0.251648,1.289091,-0.633577,-1.618910,3.080385,-1.513982,-3.868514
0.300000,0.226763,-0.111452,-0.284782,1.348522,-0.662787,-1.693547,2.862741,-1.407012,-3.595184
0.320000,0.254292,-0.124982,-0.319353,1.403600,-0.689857,-1.762717,2.645096,-1.300042,-3.321855
0.340000,0.282878,-0.139032,-0.355254,1.454326,-0.714788,-1.826421,2.427452,-1.193071,-3.048526
0.360000,0.312436,-0.153559,-0.392374,1.500698,-0.737580,-1.884658,2.209808,-1.086101,-2.775196
0.380000,0.342877,-0.168521,-0.430604,1.542718,-0.758232,-1.937429,1.992163,-0.979131,-2.501867
0.400000,0.374115,-0.183874,-0.469834,1.580385,-0.776745,-1.984733,1.774519,-0.872161,-2.228537
0.420000,0.406064,-0.199577,-0.509957,1.613699,-0.793119,-2.026570,1.556875,-0.765190,-1.955208
0.440000,0.438634,-0.215585,-0.550861,1.642660,-0.807353,-2.062941,1.339230,-0.658220,-1.681878
0.460000,0.471741,-0.231856,-0.592438,1.667268,-0.819448,-2.093845,1.121586,-0.551250,-1.408549
0.480000,0.505296,-0.248349,-0.634578,1.687523,-0.829403,-2.119283,0.903941,-0.444280,-1.135220
0.500000,0.539213,-0.265018,-0.677173,1.703426,-0.837219,-2.139254,0.686297,-0.337309,-0.861890
0.520000,0.573404,-0.281823,-0.720112,1.714975,-0.842895,-2.153758,0.468653,-0.230339,-0.588561
0.540000,0.607783,-0.298720,-0.763286,1.722172,-0.846432,-2.162796,0.251008,-0.123369,-0.315231
0.560000,0.642262,-0.315666,-0.806587,1.725016,-0.847830,-2.166368,0.033364,-0.016399,-0.041902
0.580000,0.676754,-0.332619,-0.849905,1.723506,-0.847088,-2.164472,-0.184280,0.090572,0.231428
0.600000,0.711173,-0.349535,-0.893130,1.717644,-0.844207,-2.157111,-0.401925,0.197542,0.504757
0.620000,0.745431,-0.366373,-0.936153,1.707429,-0.839187,-2.144282,-0.619569,0.304512,0.778086
0.640000,0.779441,-0.383089,-0.978865,1.692862,-0.832027,-2.125987,-0.837213,0.411482,1.051416
0.660000,0.813117,-0.399640,-1.021156,1.673941,-0.822727,-2.102226,-1.054858,0.518453,1.324745
0.680000,0.846370,-0.415983,-1.062917,1.650667,-0.811288,-2.072997,-1.272502,0.625423,1.598075
0.700000,0.879114,-0.432077,-1.104039,1.623041,-0.797710,-2.038303,-1.490146,0.732393,1.871404
0.720000,0.911263,-0.447878,-1.144413,1.591061,-0.781993,-1.998141,-1.707791,0.839363,2.144734
0.740000,0.942728,-0.463342,-1.183928,1.554729,-0.764136,-1.952513,-1.925435,0.946333,2.418063
0.760000,0.973423,-0.478429,-1.222477,1.514044,-0.744139,-1.901419,-2.143079,1.053304,2.691392
0.780000,1.003261,-0.493094,-1.259949,1.469006,-0.722004,-1.844858,-2.360724,1.160274,2.964722
0.800000,1.032154,-0.507295,-1.296235,1.419615,-0.697728,-1.782830,-2.578368,1.267244,3.238051
0.820000,1.060016,-0.520989,-1.331225,1.365871,-0.671314,-1.715335,-2.796012,1.374214,3.511381
0.840000,1.086760,-0.534133,-1.364812,1.307775,-0.642760,-1.642375,-3.013657,1.481185,3.784710
0.860000,1.112298,-0.546685,-1.396884,1.245325,-0.612067,-1.563947,-3.231301,1.588155,4.058040
0.880000,1.136544,-0.558601,-1.427333,1.178523,-0.579234,-1.480053,-3.448945,1.695125,4.331369
0.900000,1.159410,-0.569840,-1.456050,1.107367,-0.544262,-1.390692,-3.666590,1.802095,4.604698
0.920000,1.180809,-0.580357,-1.482924,1.031859,-0.507150,-1.295865,-3.884234,1.909066,4.878028
0.940000,1.200655,-0.590112,-1.507848,0.951998,-0.467899,-1.195571,-4.101878,2.016036,5.151357
0.960000,1.218860,-0.599059,-1.530711,0.867784,-0.426508,-1.089811,-4.319523,2.123006,5.424687
0.980000,1.235338,-0.607158,-1.551404,0.779217,-0.382979,-0.978584,-4.537167,2.229976,5.698016
1.000000,1.250000,-0.614364,-1.569818,0.686297,-0.337309,-0.861890,-4.754811,2.336947,5.971345
1.020000,1.262791,-0.620651,-1.585881,0.593612,-0.291756,-0.745492,-4.513657,2.218422,5.668491
1.040000,1.273777,-0.626050,-1.599678,0.505751,-0.248573,-0.635150,-4.272502,2.099896,5.365637
1.060000,1.283053,-0.630609,-1.611328,0.422712,-0.207760,-0.530866,-4.031347,1.981371,5.062783
1.080000,1.290717,-0.634376,-1.620953,0.344497,-0.169318,-0.432639,-3.790192,1.862846,4.759929
1.100000,1.296865,-0.637398,-1.628674,0.271105,-0.133246,-0.340469,-3.549038,1.744321,4.457075
1.120000,1.301594,-0.639722,-1.634612,0.202535,-0.099545,-0.254356,-3.307883,1.625796,4.154220
1.140000,1.304999,-0.641396,-1.638888,0.138789,-0.068214,-0.174300,-3.066728,1.507271,3.851366
1.160000,1.307177,-0.642466,-1.641624,0.079866,-0.039254,-0.100302,-2.825573,1.388746,3.548512
1.180000,1.308226,-0.642982,-1.642941,0.025766,-0.012664,-0.032360,-2.584419,1.270221,3.245658
1.200000,1.308240,-0.642989,-1.642959,-0.023510,0.011555,0.029525,-2.343264,1.151696,2.942804
1.220000,1.307317,-0.642535,-1.641800,-0.067964,0.033404,0.085352,-2.102109,1.033171,2.639949
1.240000,1.305554,-0.641668,-1.639585,-0.107595,0.052882,0.135123,-1.860954,0.914646,2.337095
1.260000,1.303046,-0.640436,-1.636436,-0.142402,0.069989,0.178836,-1.619800,0.796121,2.034241
1.280000,1.299890,-0.638885,-1.632472,-0.172387,0.084726,0.216492,-1.378645,0.677596,1.731387
1.300000,1.296182,-0.637062,-1.627816,-0.197548,0.097093,0.248092,-1.137490,0.559070,1.428533
1.320000,1.292020,-0.635017,-1.622589,-0.217886,0.107089,0.273634,-0.896335,0.440545,1.125678
1.340000,1.287499,-0.632795,-1.616911,-0.233402,0.114715,0.293119,-0.655181,0.322020,0.822824
1.360000,1.282716,-0.630444,-1.610905,-0.244094,0.119970,0.306547,-0.414026,0.203495,0.519970
1.380000,1.277768,-0.628012,-1.604690,-0.249963,0.122855,0.313918,-0.172871,0.084970,0.217116
1.400000,1.272750,-0.625545,-1.598388,-0.251008,0.123369,0.315231,0.068284,-0.033555,-0.085738
1.420000,1.267759,-0.623093,-1.592121,-0.247231,0.121513,0.310488,0.309438,-0.152080,-0.388593
1.440000,1.262893,-0.620701,-1.586009,-0.238631,0.117286,0.299688,0.550593,-0.270605,-0.691447
1.460000,1.258246,-0.618417,-1.580174,-0.225208,0.110688,0.282830,0.791748,-0.389130,-0.994301
1.480000,1.253917,-0.616289,-1.574736,-0.206961,0.101721,0.259916,1.032902,-0.507655,-1.297155
1.500000,1.250000,-0.614364,-1.569818,-0.183891,0.090382,0.230944,1.274057,-0.626180,-1.600009
1.520000,1.246573,-0.612680,-1.565513,-0.159056,0.078176,0.199755,1.209438,-0.594422,-1.518861
1.540000,1.243629,-0.611233,-1.561817,-0.135514,0.066605,0.170189,1.144819,-0.562664,-1.437713
1.560000,1.241144,-0.610011,-1.558695,-0.113264,0.055670,0.142247,1.080200,-0.530906,-1.356565
1.580000,1.239090,-0.609002,-1.556116,-0.092306,0.045369,0.115927,1.015581,-0.499148,-1.275417
1.600000,1.237443,-0.608192,-1.554047,-0.072640,0.035704,0.091230,0.950962,-0.467389,-1.194269
1.620000,1.236176,-0.607569,-1.552456,-0.054267,0.026673,0.068156,0.886343,-0.435631,-1.113121
1.640000,1.235263,-0.607121,-1.551310,-0.037187,0.018278,0.046705,0.821724,-0.403873,-1.031973
1.660000,1.234680,-0.606834,-1.550577,-0.021398,0.010519,0.026877,0.757105,-0.372115,-0.950825
1.680000,1.234399,-0.606696,-1.550224,-0.006902,0.003394,0.008672,0.692486,-0.340357,-0.869677
1.700000,1.234395,-0.606694,-1.550219,0.006301,-0.003096,-0.007910,0.627867,-0.308598,-0.788529
1.720000,1.234642,-0.606816,-1.550530,0.018212,-0.008950,-0.022869,0.563248,-0.276840,-0.707381
1.740000,1.235115,-0.607048,-1.551123,0.028831,-0.014169,-0.036205,0.498629,-0.245082,-0.626233
1.760000,1.235787,-0.607378,-1.551967,0.038157,-0.018753,-0.047918,0.434010,-0.213324,-0.545085
1.780000,1.236632,-0.607794,-1.553029,0.046191,-0.022702,-0.058009,0.369391,-0.181566,-0.463937
1.800000,1.237626,-0.608282,-1.554277,0.052933,-0.026016,-0.066476,0.304772,-0.149807,-0.382789
1.820000,1.238741,-0.608830,-1.555677,0.058382,-0.028695,-0.073320,0.240153,-0.118049,-0.301641
1.840000,1.239953,-0.609425,-1.557199,0.062539,-0.030738,-0.078541,0.175534,-0.086291,-0.220493
1.860000,1.241234,-0.610055,-1.558808,0.065404,-0.032146,-0.082140,0.110915,-0.054533,-0.139345
1.880000,1.242560,-0.610707,-1.560473,0.066976,-0.032919,-0.084115,0.046296,-0.022775,-0.058197
1.900000,1.243905,-0.611368,-1.562162,0.067256,-0.033057,-0.084468,-0.018323,0.008984,0.022952
1.920000,1.245242,-0.612025,-1.563841,0.066243,-0.032560,-0.083197,-0.082942,0.040742,0.104100
1.940000,1.246546,-0.612666,-1.565479,0.063938,-0.031428,-0.080304,-0.147561,0.072500,0.185248
1.960000,1.247791,-0.613278,-1.567043,0.060340,-0.029660,-0.075787,-0.212180,0.104258,0.266396
1.980000,1.248951,-0.613848,-1.568500,0.055451,-0.027257,-0.069648,-0.276799,0.136016,0.347544
2.000000,1.250000,-0.614364,-1.569818,0.049269,-0.024219,-0.061885,-0.341418,0.167775,0.428692
2.020000,1.250918,-0.614815,-1.570971,0.042613,-0.020949,-0.053529,-0.324096,0.159267,0.406954
2.040000,1.251707,-0.615203,-1.571962,0.036305,-0.017849,-0.045607,-0.306775,0.150759,0.385216
2.060000,1.252373,-0.615531,-1.572798,0.030342,-0.014918,-0.038120,-0.289454,0.142251,0.363478
2.080000,1.252923,-0.615801,-1.573489,0.024727,-0.012159,-0.031068,-0.272133,0.133744,0.341740
2.100000,1.253364,-0.616018,-1.574044,0.019457,-0.009569,-0.024451,-0.254811,0.125236,0.320002
2.120000,1.253703,-0.616185,-1.574470,0.014534,-0.007149,-0.018268,-0.237490,0.116728,0.298264
2.140000,1.253948,-0.616305,-1.574778,0.009957,-0.004900,-0.012520,-0.220169,0.108221,0.276526
2.160000,1.254104,-0.616382,-1.574974,0.005727,-0.002820,-0.007207,-0.202848,0.099713,0.254788
2.180000,1.254179,-0.616419,-1.575069,0.001844,-0.000911,-0.002329,-0.185527,0.091205,0.233050
2.200000,1.254180,-0.616420,-1.575070,-0.001694,0.000828,0.002115,-0.168205,0.082698,0.211312
2.220000,1.254114,-0.616387,-1.574987,-0.004885,0.002397,0.006124,-0.150884,0.074190,0.189574
2.240000,1.253987,-0.616325,-1.574828,-0.007729,0.003796,0.009698,-0.133563,0.065682,0.167836
2.260000,1.253807,-0.616236,-1.574602,-0.010227,0.005024,0.012837,-0.116242,0.057174,0.146098
2.280000,1.253580,-0.616125,-1.574317,-0.012379,0.006083,0.015542,-0.098921,0.048667,0.124360
2.300000,1.253314,-0.615994,-1.573983,-0.014184,0.006971,0.017812,-0.081599,0.040159,0.102622
2.320000,1.253015,-0.615847,-1.573608,-0.015643,0.007689,0.019647,-0.064278,0.031651,0.080884
2.340000,1.252691,-0.615688,-1.573200,-0.016755,0.008237,0.021047,-0.046957,0.023144,0.059146
2.360000,1.252347,-0.615519,-1.572769,-0.017521,0.008615,0.022012,-0.029636,0.014636,0.037408
2.380000,1.251992,-0.615344,-1.572323,-0.017941,0.008822,0.022543,-0.012314,0.006128,0.015670
2.400000,1.251632,-0.615167,-1.571870,-0.018014,0.008860,0.022639,0.005007,-0.002379,-0.006068
2.420000,1.251274,-0.614991,-1.571420,-0.017740,0.008727,0.022301,0.022328,-0.010887,-0.027806
2.440000,1.250925,-0.614819,-1.570981,-0.017121,0.008424,0.021527,0.039649,-0.019395,-0.049544
2.460000,1.250591,-0.614655,-1.570562,-0.016154,0.007951,0.020319,0.056970,-0.027903,-0.071282
2.480000,1.250281,-0.614502,-1.570171,-0.014842,0.007308,0.018676,0.074292,-0.036410,-0.093020
2.500000,1.250000,-0.614364,-1.569818,-0.013183,0.006495,0.016598,0.091613,-0.044918,-0.114758
2.520000,1.249754,-0.614243,-1.569508,-0.011397,0.005619,0.014361,0.086947,-0.042645,-0.108954
2.540000,1.249543,-0.614139,-1.569242,-0.009705,0.004789,0.012240,0.082281,-0.040373,-0.103150
2.560000,1.249366,-0.614051,-1.569018,-0.008106,0.004004,0.010235,0.077615,-0.038100,-0.097346
2.580000,1.249219,-0.613978,-1.568832,-0.006600,0.003265,0.008346,0.072949,-0.035828,-0.091542
2.600000,1.249101,-0.613920,-1.568683,-0.005188,0.002571,0.006573,0.068284,-0.033555,-0.085738
2.620000,1.249011,-0.613875,-1.568569,-0.003869,0.001923,0.004916,0.063618,-0.031282,-0.079934
2.640000,1.248946,-0.613843,-1.568486,-0.002643,0.001320,0.003376,0.058952,-0.029010,-0.074131
2.660000,1.248904,-0.613822,-1.568433,-0.001511,0.000762,0.001951,0.054286,-0.026737,-0.068327
2.680000,1.248884,-0.613812,-1.568407,-0.000472,0.000250,0.000643,0.049620,-0.024465,-0.062523
2.700000,1.248885,-0.613812,-1.568406,0.000474,-0.000216,-0.000550,0.044954,-0.022192,-0.056719
2.720000,1.248903,-0.613821,-1.568428,0.001326,-0.000637,-0.001626,0.040288,-0.019919,-0.050915
2.740000,1.248937,-0.613837,-1.568471,0.002086,-0.001013,-0.002586,0.035623,-0.017647,-0.045111
2.760000,1.248986,-0.613861,-1.568531,0.002751,-0.001343,-0.003430,0.030957,-0.015374,-0.039307
2.780000,1.249047,-0.613891,-1.568607,0.003324,-0.001628,-0.004159,0.026291,-0.013102,-0.033504
2.800000,1.249118,-0.613926,-1.568696,0.003803,-0.001867,-0.004771,0.021625,-0.010829,-0.027700
2.820000,1.249198,-0.613965,-1.568797,0.004189,-0.002061,-0.005267,0.016959,-0.008556,-0.021896
2.840000,1.249285,-0.614008,-1.568906,0.004481,-0.002209,-0.005646,0.012293,-0.006284,-0.016092
2.860000,1.249377,-0.614053,-1.569022,0.004681,-0.002312,-0.005910,0.007627,-0.004011,-0.010288
2.880000,1.249471,-0.614100,-1.569142,0.004786,-0.002370,-0.006058,0.002961,-0.001739,-0.004484
2.900000,1.249568,-0.614147,-1.569264,0.004799,-0.002382,-0.006090,-0.001704,0.000534,0.001320
2.920000,1.249663,-0.614195,-1.569385,0.004718,-0.002348,-0.006005,-0.006370,0.002807,0.007124
2.940000,1.249756,-0.614241,-1.569503,0.004544,-0.002270,-0.005805,-0.011036,0.005079,0.012927
2.960000,1.249844,-0.614285,-1.569616,0.004277,-0.002145,-0.005488,-0.015702,0.007352,0.018731
2.980000,1.249926,-0.614327,-1.569722,0.003916,-0.001976,-0.005055,-0.020368,0.009624,0.024535
3.000000,1.250000,-0.614364,-1.569818,0.003462,-0.001760,-0.004507,-0.025034,0.011897,0.030339
3.020000,1.250064,-0.614397,-1.569902,0.002975,-0.001528,-0.003915,-0.023691,0.011314,0.028862
3.040000,1.250119,-0.614425,-1.569974,0.002514,-0.001308,-0.003352,-0.022349,0.010732,0.027384
3.060000,1.250165,-0.614449,-1.570036,0.002081,-0.001099,-0.002819,-0.021007,0.010149,0.025907
3.080000,1.250203,-0.614469,-1.570087,0.001674,-0.000902,-0.002316,-0.019665,0.009566,0.024429
3.100000,1.250232,-0.614485,-1.570129,0.001294,-0.000716,-0.001842,-0.018323,0.008984,0.022952
3.120000,1.250255,-0.614498,-1.570161,0.000941,-0.000542,-0.001398,-0.016980,0.008401,0.021474
3.140000,1.250270,-0.614507,-1.570185,0.000615,-0.000380,-0.000983,-0.015638,0.007818,0.019997
3.160000,1.250279,-0.614513,-1.570201,0.000316,-0.000230,-0.000598,-0.014296,0.007235,0.018519
3.180000,1.250283,-0.614516,-1.570209,0.000043,-0.000091,-0.000242,-0.012954,0.006653,0.017042
3.200000,1.250281,-0.614517,-1.570211,-0.000202,0.000036,0.000084,-0.011611,0.006070,0.015564
3.220000,1.250275,-0.614515,-1.570206,-0.000421,0.000152,0.000380,-0.010269,0.005487,0.014086
3.240000,1.250265,-0.614511,-1.570196,-0.000613,0.000256,0.000647,-0.008927,0.004905,0.012609
3.260000,1.250251,-0.614505,-1.570180,-0.000778,0.000348,0.000885,-0.007585,0.004322,0.011131
3.280000,1.250234,-0.614497,-1.570161,-0.000917,0.000429,0.001092,-0.006243,0.003739,0.009654
3.300000,1.250214,-0.614488,-1.570137,-0.001028,0.000498,0.001271,-0.004900,0.003157,0.008176
3.320000,1.250193,-0.614477,-1.570110,-0.001113,0.000555,0.001419,-0.003558,0.002574,0.006699
3.340000,1.250170,-0.614466,-1.570080,-0.001170,0.000601,0.001539,-0.002216,0.001991,0.005221
3.360000,1.250146,-0.614453,-1.570049,-0.001201,0.000635,0.001628,-0.000874,0.001409,0.003744
3.380000,1.250122,-0.614440,-1.570015,-0.001205,0.000657,0.001688,0.000468,0.000826,0.002266
3.400000,1.250098,-0.614427,-1.569981,-0.001182,0.000668,0.001719,0.001811,0.000243,0.000789
3.420000,1.250075,-0.614414,-1.569947,-0.001133,0.000667,0.001720,0.003153,-0.000340,-0.000689
3.440000,1.250053,-0.614401,-1.569913,-0.001056,0.000654,0.001691,0.004495,-0.000922,-0.002166
3.460000,1.250033,-0.614388,-1.569879,-0.000953,0.000630,0.001633,0.005837,-0.001505,-0.003644
3.480000,1.250015,-0.614375,-1.569847,-0.000823,0.000594,0.001546,0.007180,-0.002088,-0.005121
3.500000,1.250000,-0.614364,-1.569818,-0.000666,0.000546,0.001428,0.008522,-0.002670,-0.006599
3.520000,1.249988,-0.614354,-1.569790,-0.000502,0.000494,0.001298,0.007819,-0.002612,-0.006492
3.540000,1.249980,-0.614344,-1.569766,-0.000353,0.000442,0.001169,0.007116,-0.002554,-0.006386
3.560000,1.249974,-0.614336,-1.569744,-0.000218,0.000391,0.001042,0.006413,-0.002496,-0.006280
3.580000,1.249971,-0.614329,-1.569724,-0.000097,0.000342,0.000918,0.005710,-0.002438,-0.006174
3.600000,1.249970,-0.614322,-1.569707,0.000011,0.000294,0.000795,0.005007,-0.002379,-0.006068
3.620000,1.249971,-0.614317,-1.569692,0.000104,0.000247,0.000675,0.004304,-0.002321,-0.005962
3.640000,1.249974,-0.614312,-1.569680,0.000183,0.000201,0.000557,0.003601,-0.002263,-0.005856
3.660000,1.249979,-0.614309,-1.569670,0.000248,0.000156,0.000441,0.002898,-0.002205,-0.005749
3.680000,1.249984,-0.614306,-1.569662,0.000299,0.000113,0.000327,0.002195,-0.002147,-0.005643
3.700000,1.249990,-0.614304,-1.569657,0.000336,0.000070,0.000215,0.001492,-0.002089,-0.005537
3.720000,1.249997,-0.614303,-1.569654,0.000358,0.000029,0.000105,0.000789,-0.002030,-0.005431
3.740000,1.250005,-0.614303,-1.569653,0.000367,-0.000011,-0.000002,0.000086,-0.001972,-0.005325
3.760000,1.250012,-0.614304,-1.569654,0.000362,-0.000050,-0.000108,-0.000617,-0.001914,-0.005219
3.780000,1.250019,-0.614305,-1.569657,0.000342,-0.000087,-0.000211,-0.001320,-0.001856,-0.005112
3.800000,1.250026,-0.614307,-1.569662,0.000309,-0.000124,-0.000312,-0.002023,-0.001798,-0.005006
3.820000,1.250031,-0.614310,-1.569669,0.000261,-0.000159,-0.000411,-0.002726,-0.001739,-0.004900
3.840000,1.250036,-0.614314,-1.569679,0.000200,-0.000193,-0.000508,-0.003429,-0.001681,-0.004794
3.860000,1.250039,-0.614318,-1.569690,0.000124,-0.000226,-0.000603,-0.004132,-0.001623,-0.004688
3.880000,1.250041,-0.614323,-1.569703,0.000035,-0.000258,-0.000696,-0.004835,-0.001565,-0.004582
3.900000,1.250040,-0.614328,-1.569718,-0.000069,-0.000289,-0.000786,-0.005538,-0.001507,-0.004475
3.920000,1.250038,-0.614334,-1.569734,-0.000187,-0.000319,-0.000875,-0.006241,-0.001449,-0.004369
3.940000,1.250033,-0.614341,-1.569753,-0.000319,-0.000347,-0.000961,-0.006944,-0.001390,-0.004263
3.960000,1.250025,-0.614348,-1.569773,-0.000465,-0.000374,-0.001045,-0.007647,-0.001332,-0.004157
3.980000,1.250014,-0.614356,-1.569794,-0.000625,-0.000400,-0.001127,-0.008351,-0.001274,-0.004051
4.000000,1.250000,-0.614364,-1.569818,-0.000799,-0.000425,-0.001207,-0.009054,-0.001216,-0.003945
4.020000,1.249982,-0.614373,-1.569843,-0.000965,-0.000446,-0.001276,-0.007584,-0.000866,-0.002892
4.040000,1.249962,-0.614382,-1.569869,-0.001102,-0.000460,-0.001323,-0.006114,-0.000516,-0.001839
4.060000,1.249938,-0.614391,-1.569895,-0.001210,-0.000467,-0.001349,-0.004644,-0.000166,-0.000786
4.080000,1.249913,-0.614400,-1.569922,-0.001288,-0.000466,-0.001354,-0.003174,0.000184,0.000267
4.100000,1.249887,-0.614410,-1.569949,-0.001337,-0.000459,-0.001339,-0.001704,0.000534,0.001320
4.120000,1.249860,-0.614419,-1.569976,-0.001356,-0.000445,-0.001302,-0.000235,0.000884,0.002373
4.140000,1.249833,-0.614427,-1.570001,-0.001346,-0.000424,-0.001244,0.001235,0.001234,0.003425
4.160000,1.249806,-0.614436,-1.570025,-0.001307,-0.000396,-0.001165,0.002705,0.001584,0.004478
4.180000,1.249781,-0.614443,-1.570048,-0.001238,-0.000361,-0.001065,0.004175,0.001934,0.005531
4.200000,1.249757,-0.614450,-1.570068,-0.001140,-0.000318,-0.000943,0.005645,0.002284,0.006584
4.220000,1.249736,-0.614456,-1.570085,-0.001012,-0.000269,-0.000801,0.007115,0.002634,0.007637
4.240000,1.249717,-0.614461,-1.570100,-0.000855,-0.000213,-0.000638,0.008584,0.002984,0.008690
4.260000,1.249702,-0.614464,-1.570111,-0.000669,-0.000150,-0.000454,0.010054,0.003334,0.009743
4.280000,1.249690,-0.614467,-1.570118,-0.000453,-0.000080,-0.000248,0.011524,0.003684,0.010796
4.300000,1.249684,-0.614468,-1.570120,-0.000208,-0.000002,-0.000022,0.012994,0.004034,0.011848
4.320000,1.249682,-0.614467,-1.570118,0.000067,0.000082,0.000226,0.014464,0.004384,0.012901
4.340000,1.249687,-0.614464,-1.570111,0.000371,0.000173,0.000494,0.015934,0.004734,0.013954
4.360000,1.249697,-0.614460,-1.570099,0.000704,0.000271,0.000784,0.017403,0.005084,0.015007
4.380000,1.249715,-0.614453,-1.570080,0.001067,0.000376,0.001095,0.018873,0.005434,0.016060
4.400000,1.249740,-0.614445,-1.570055,0.001459,0.000488,0.001426,0.020343,0.005784,0.017113
4.420000,1.249773,-0.614434,-1.570023,0.001881,0.000608,0.001779,0.021813,0.006134,0.018166
4.440000,1.249816,-0.614420,-1.569983,0.002332,0.000734,0.002153,0.023283,0.006484,0.019219
4.460000,1.249867,-0.614404,-1.569936,0.002812,0.000867,0.002548,0.024753,0.006834,0.020272
4.480000,1.249928,-0.614386,-1.569881,0.003322,0.001007,0.002964,0.026222,0.007184,0.021324
4.500000,1.250000,-0.614364,-1.569818,0.003861,0.001154,0.003401,0.027692,0.007534,0.022377
4.520000,1.250082,-0.614340,-1.569745,0.004363,0.001290,0.003805,0.022516,0.006076,0.018060
4.540000,1.250174,-0.614313,-1.569666,0.004762,0.001397,0.004123,0.017340,0.004618,0.013742
4.560000,1.250272,-0.614284,-1.569581,0.005057,0.001475,0.004355,0.012163,0.003159,0.009424
4.580000,1.250375,-0.614254,-1.569492,0.005248,0.001524,0.004500,0.006987,0.001701,0.005107
4.600000,1.250481,-0.614223,-1.569402,0.005336,0.001543,0.004559,0.001811,0.000243,0.000789
4.620000,1.250588,-0.614192,-1.569311,0.005321,0.001533,0.004532,-0.003366,-0.001215,-0.003529
4.640000,1.250694,-0.614162,-1.569221,0.005201,0.001495,0.004418,-0.008542,-0.002673,-0.007846
4.660000,1.250796,-0.614133,-1.569134,0.004979,0.001427,0.004218,-0.013718,-0.004131,-0.012164
4.680000,1.250892,-0.614105,-1.569053,0.004653,0.001329,0.003931,-0.018895,-0.005589,-0.016482
4.700000,1.250981,-0.614080,-1.568978,0.004223,0.001203,0.003559,-0.024071,-0.007048,-0.020799
4.720000,1.251060,-0.614057,-1.568911,0.003690,0.001047,0.003099,-0.029247,-0.008506,-0.025117
4.740000,1.251128,-0.614038,-1.568854,0.003053,0.000863,0.002554,-0.034424,-0.009964,-0.029435
4.760000,1.251182,-0.614023,-1.568810,0.002313,0.000649,0.001922,-0.039600,-0.011422,-0.033752
4.780000,1.251220,-0.614012,-1.568778,0.001469,0.000406,0.001204,-0.044776,-0.012880,-0.038070
4.800000,1.251240,-0.614007,-1.568762,0.000522,0.000134,0.000399,-0.049952,-0.014338,-0.042388
4.820000,1.251240,-0.614007,-1.568763,-0.000529,-0.000168,-0.000492,-0.055129,-0.015796,-0.046705
4.840000,1.251218,-0.614014,-1.568782,-0.001683,-0.000498,-0.001469,-0.060305,-0.017255,-0.051023
4.860000,1.251172,-0.614027,-1.568822,-0.002941,-0.000858,-0.002533,-0.065481,-0.018713,-0.055341
4.880000,1.251100,-0.614048,-1.568884,-0.004303,-0.001247,-0.003683,-0.070658,-0.020171,-0.059658
4.900000,1.250999,-0.614077,-1.568970,-0.005767,-0.001665,-0.004919,-0.075834,-0.021629,-0.063976
4.920000,1.250868,-0.614115,-1.569081,-0.007336,-0.002112,-0.006242,-0.081010,-0.023087,-0.068294
4.940000,1.250705,-0.614162,-1.569220,-0.009008,-0.002588,-0.007651,-0.086187,-0.024545,-0.072611
4.960000,1.250507,-0.614219,-1.569388,-0.010783,-0.003094,-0.009146,-0.091363,-0.026003,-0.076929
4.980000,1.250273,-0.614286,-1.569587,-0.012662,-0.003628,-0.010728,-0.096539,-0.027462,-0.081247
5.000000,1.250000,-0.614364,-1.569818,-0.014645,-0.004192,-0.012396,-0.101716,-0.028920,-0.085564
5.020000,1.249688,-0.614453,-1.570082,-0.016487,-0.004716,-0.013945,-0.082480,-0.023437,-0.069347
5.040000,1.249343,-0.614552,-1.570373,-0.017944,-0.005130,-0.015170,-0.063245,-0.017955,-0.053129
5.060000,1.248973,-0.614658,-1.570686,-0.019017,-0.005434,-0.016070,-0.044009,-0.012472,-0.036911
5.080000,1.248585,-0.614769,-1.571014,-0.019705,-0.005629,-0.016646,-0.024774,-0.006989,-0.020693
5.100000,1.248187,-0.614882,-1.571350,-0.020008,-0.005713,-0.016898,-0.005538,-0.001507,-0.004475
5.120000,1.247787,-0.614996,-1.571688,-0.019926,-0.005689,-0.016825,0.013697,0.003976,0.011742
5.140000,1.247393,-0.615109,-1.572021,-0.019460,-0.005554,-0.016428,0.032932,0.009458,0.027960
5.160000,1.247011,-0.615218,-1.572343,-0.018609,-0.005310,-0.015707,0.052168,0.014941,0.044178
5.180000,1.246651,-0.615321,-1.572647,-0.017373,-0.004957,-0.014661,0.071403,0.020424,0.060396
5.200000,1.246319,-0.615415,-1.572927,-0.015753,-0.004493,-0.013291,0.090639,0.025906,0.076614
5.220000,1.246023,-0.615500,-1.573176,-0.013747,-0.003921,-0.011597,0.109874,0.031389,0.092831
5.240000,1.245772,-0.615571,-1.573389,-0.011358,-0.003238,-0.009578,0.129110,0.036871,0.109049
5.260000,1.245572,-0.615628,-1.573557,-0.008583,-0.002446,-0.007235,0.148345,0.042354,0.125267
5.280000,1.245431,-0.615669,-1.573676,-0.005424,-0.001544,-0.004567,0.167581,0.047837,0.141485
5.300000,1.245357,-0.615689,-1.573738,-0.001880,-0.000532,-0.001575,0.186816,0.053319,0.157702
5.320000,1.245358,-0.615689,-1.573737,0.002049,0.000589,0.001741,0.206051,0.058802,0.173920
5.340000,1.245442,-0.615665,-1.573666,0.006362,0.001820,0.005382,0.225287,0.064284,0.190138
5.360000,1.245615,-0.615616,-1.573519,0.011060,0.003160,0.009346,0.244522,0.069767,0.206356
5.380000,1.245887,-0.615538,-1.573290,0.016143,0.004611,0.013636,0.263758,0.075250,0.222574
5.400000,1.246264,-0.615430,-1.572972,0.021611,0.006170,0.018249,0.282993,0.080732,0.238791
5.420000,1.246754,-0.615290,-1.572558,0.027463,0.007840,0.023187,0.302229,0.086215,0.255009
5.440000,1.247365,-0.615116,-1.572042,0.033700,0.009619,0.028450,0.321464,0.091697,0.271227
5.460000,1.248104,-0.614905,-1.571418,0.040321,0.011508,0.034037,0.340700,0.097180,0.287445
5.480000,1.248980,-0.614655,-1.570678,0.047328,0.013506,0.039948,0.359935,0.102663,0.303663
5.500000,1.250000,-0.614364,-1.569818,0.054719,0.015614,0.046183,0.379170,0.108145,0.319880
5.520000,1.251165,-0.614031,-1.568834,0.061585,0.017572,0.051975,0.307405,0.087673,0.259327
5.540000,1.252454,-0.613664,-1.567747,0.067015,0.019121,0.056556,0.235639,0.067201,0.198773
5.560000,1.253836,-0.613269,-1.566580,0.071010,0.020260,0.059926,0.163874,0.046728,0.138220
5.580000,1.255285,-0.612856,-1.565358,0.073570,0.020990,0.062085,0.092109,0.026256,0.077666
5.600000,1.256770,-0.612432,-1.564105,0.074694,0.021311,0.063033,0.020343,0.005784,0.017113
5.620000,1.258263,-0.612006,-1.562845,0.074384,0.021222,0.062769,-0.051422,-0.014688,-0.043441
5.640000,1.259735,-0.611586,-1.561602,0.072638,0.020723,0.061295,-0.123188,-0.035161,-0.103994
5.660000,1.261159,-0.611180,-1.560401,0.069456,0.019815,0.058610,-0.194953,-0.055633,-0.164548
5.680000,1.262504,-0.610796,-1.559266,0.064839,0.018498,0.054713,-0.266719,-0.076105,-0.225101
5.700000,1.263743,-0.610443,-1.558220,0.058787,0.016771,0.049606,-0.338484,-0.096577,-0.285655
5.720000,1.264846,-0.610128,-1.557289,0.051300,0.014635,0.043287,-0.410250,-0.117050,-0.346208
5.740000,1.265785,-0.609860,-1.556497,0.042377,0.012089,0.035757,-0.482015,-0.137522,-0.406762
5.760000,1.266532,-0.609648,-1.555867,0.032019,0.009134,0.027017,-0.553780,-0.157994,-0.467315
5.780000,1.267056,-0.609498,-1.555424,0.020226,0.005769,0.017065,-0.625546,-0.178466,-0.527869
5.800000,1.267331,-0.609419,-1.555193,0.006998,0.001995,0.005902,-0.697311,-0.198938,-0.588422
5.820000,1.267327,-0.609421,-1.555196,-0.007666,-0.002188,-0.006472,-0.769077,-0.219411,-0.648976
5.840000,1.267015,-0.609510,-1.555460,-0.023765,-0.006781,-0.020057,-0.840842,-0.239883,-0.709529
5.860000,1.266367,-0.609695,-1.556007,-0.041300,-0.011784,-0.034853,-0.912608,-0.260355,-0.770083
5.880000,1.265353,-0.609984,-1.556862,-0.060270,-0.017195,-0.050861,-0.984373,-0.280827,-0.830636
5.900000,1.263946,-0.610385,-1.558049,-0.080675,-0.023017,-0.068079,-1.056139,-0.301300,-0.891190
5.920000,1.262117,-0.610907,-1.559593,-0.102515,-0.029247,-0.086508,-1.127904,-0.321772,-0.951743
5.940000,1.259836,-0.611558,-1.561518,-0.125791,-0.035888,-0.106149,-1.199670,-0.342244,-1.012297
5.960000,1.257076,-0.612345,-1.563847,-0.150502,-0.042937,-0.127000,-1.271435,-0.362716,-1.072850
5.980000,1.253806,-0.613278,-1.566606,-0.176648,-0.050396,-0.149063,-1.343200,-0.383189,-1.133404
6.000000,1.250000,-0.614364,-1.569818,-0.204230,-0.058265,-0.172336,-1.414966,-0.403661,-1.193957
6.020000,1.245634,-0.615610,-1.573501,-0.232281,-0.066257,-0.195920,-1.390140,-0.395588,-1.164421
6.040000,1.240712,-0.617013,-1.577651,-0.259836,-0.074088,-0.218913,-1.365314,-0.387514,-1.134885
6.060000,1.235244,-0.618572,-1.582254,-0.286894,-0.081758,-0.241315,-1.340488,-0.379441,-1.105349
6.080000,1.229240,-0.620282,-1.587299,-0.313455,-0.089266,-0.263127,-1.315662,-0.371368,-1.075813
6.100000,1.222709,-0.622142,-1.592775,-0.339520,-0.096613,-0.284348,-1.290837,-0.363295,-1.046277
6.120000,1.215662,-0.624146,-1.598669,-0.365089,-0.103798,-0.304978,-1.266011,-0.355222,-1.016741
6.140000,1.208109,-0.626292,-1.604970,-0.390161,-0.110821,-0.325018,-1.241185,-0.347148,-0.987205
6.160000,1.200059,-0.628578,-1.611666,-0.414736,-0.117684,-0.344466,-1.216359,-0.339075,-0.957669
6.180000,1.191523,-0.630999,-1.618745,-0.438815,-0.124384,-0.363324,-1.191533,-0.331002,-0.928133
6.200000,1.182510,-0.633552,-1.626195,-0.462397,-0.130924,-0.381592,-1.166707,-0.322929,-0.898597
6.220000,1.173030,-0.636235,-1.634005,-0.485483,-0.137302,-0.399268,-1.141881,-0.314855,-0.869061
6.240000,1.163094,-0.639043,-1.642162,-0.508073,-0.143518,-0.416354,-1.117055,-0.306782,-0.839524
6.260000,1.152710,-0.641974,-1.650655,-0.530166,-0.149573,-0.432849,-1.092229,-0.298709,-0.809988
6.280000,1.141890,-0.645025,-1.659472,-0.551762,-0.155466,-0.448754,-1.067404,-0.290636,-0.780452
6.300000,1.130643,-0.648192,-1.668601,-0.572862,-0.161198,-0.464067,-1.042578,-0.282562,-0.750916
6.320000,1.118979,-0.651472,-1.678031,-0.593465,-0.166769,-0.478790,-1.017752,-0.274489,-0.721380
6.340000,1.106908,-0.654861,-1.687749,-0.613572,-0.172178,-0.492922,-0.992926,-0.266416,-0.691844
6.360000,1.094440,-0.658358,-1.697744,-0.633182,-0.177425,-0.506464,-0.968100,-0.258343,-0.662308
6.380000,1.081584,-0.661957,-1.708003,-0.652296,-0.182512,-0.519415,-0.943274,-0.250270,-0.632772
6.400000,1.068351,-0.665657,-1.718516,-0.670913,-0.187436,-0.531775,-0.918448,-0.242196,-0.603236
6.420000,1.054751,-0.669454,-1.729270,-0.689034,-0.192199,-0.543544,-0.893622,-0.234123,-0.573700
6.440000,1.040793,-0.673344,-1.740254,-0.706658,-0.196801,-0.554723,-0.868797,-0.226050,-0.544164
6.460000,1.026488,-0.677325,-1.751455,-0.723786,-0.201241,-0.565311,-0.843971,-0.217977,-0.514628
6.480000,1.011845,-0.681393,-1.762862,-0.740417,-0.205520,-0.575308,-0.819145,-0.209903,-0.485092
6.500000,0.996874,-0.685544,-1.774464,-0.756551,-0.209637,-0.584714,-0.794319,-0.201830,-0.455556
6.520000,0.981586,-0.689777,-1.786247,-0.772189,-0.213593,-0.593530,-0.769493,-0.193757,-0.426019
6.540000,0.965990,-0.694087,-1.798201,-0.787331,-0.217388,-0.601755,-0.744667,-0.185684,-0.396483
6.560000,0.950096,-0.698471,-1.810313,-0.801976,-0.221021,-0.609389,-0.719841,-0.177610,-0.366947
6.580000,0.933914,-0.702927,-1.822573,-0.816125,-0.224492,-0.616433,-0.695015,-0.169537,-0.337411
6.600000,0.917455,-0.707450,-1.834967,-0.829777,-0.227802,-0.622886,-0.670189,-0.161464,-0.307875
6.620000,0.900727,-0.712038,-1.847484,-0.842932,-0.230951,-0.628748,-0.645364,-0.153391,-0.278339
6.640000,0.883741,-0.716687,-1.860113,-0.855591,-0.233938,-0.634019,-0.620538,-0.145318,-0.248803
6.660000,0.866506,-0.721394,-1.872841,-0.867754,-0.236763,-0.638700,-0.595712,-0.137244,-0.219267
6.680000,0.849034,-0.726156,-1.885657,-0.879420,-0.239428,-0.642790,-0.570886,-0.129171,-0.189731
6.700000,0.831333,-0.730970,-1.898549,-0.890589,-0.241930,-0.646289,-0.546060,-0.121098,-0.160195
6.720000,0.813414,-0.735833,-1.911504,-0.901262,-0.244272,-0.649198,-0.521234,-0.113025,-0.130659
6.740000,0.795286,-0.740740,-1.924513,-0.911439,-0.246451,-0.651516,-0.496408,-0.104951,-0.101123
6.760000,0.776959,-0.745690,-1.937561,-0.921118,-0.248470,-0.653243,-0.471582,-0.096878,-0.071587
6.780000,0.758444,-0.750678,-1.950638,-0.930302,-0.250326,-0.654379,-0.446757,-0.088805,-0.042051
6.800000,0.739751,-0.755702,-1.963732,-0.938989,-0.252022,-0.654925,-0.421931,-0.080732,-0.012515
6.820000,0.720888,-0.760758,-1.976831,-0.947179,-0.253556,-0.654880,-0.397105,-0.072659,0.017022
6.840000,0.701867,-0.765843,-1.989924,-0.954873,-0.254928,-0.654244,-0.372279,-0.064585,0.046558
6.860000,0.682696,-0.770954,-2.002997,-0.962070,-0.256139,-0.653018,-0.347453,-0.056512,0.076094
6.880000,0.663387,-0.776087,-2.016040,-0.968771,-0.257189,-0.651200,-0.322627,-0.048439,0.105630
6.900000,0.643949,-0.781240,-2.029041,-0.974975,-0.258077,-0.648792,-0.297801,-0.040366,0.135166
6.920000,0.624392,-0.786409,-2.041988,-0.980683,-0.258803,-0.645794,-0.272975,-0.032292,0.164702
6.940000,0.604725,-0.791591,-2.054869,-0.985894,-0.259368,-0.642204,-0.248150,-0.024219,0.194238
6.960000,0.584959,-0.796783,-2.067672,-0.990609,-0.259772,-0.638024,-0.223324,-0.016146,0.223774
6.980000,0.565104,-0.801981,-2.080386,-0.994827,-0.260014,-0.633253,-0.198498,-0.008073,0.253310
7.000000,0.545169,-0.807182,-2.092999,-0.998549,-0.260095,-0.627892,-0.173672,0.000001,0.282846
7.020000,0.525165,-0.812384,-2.105498,-1.001774,-0.260014,-0.621939,-0.148846,0.008074,0.312382
7.040000,0.505102,-0.817582,-2.117872,-1.004503,-0.259772,-0.615396,-0.124020,0.016147,0.341918
7.060000,0.484988,-0.822773,-2.130110,-1.006735,-0.259368,-0.608263,-0.099194,0.024220,0.371454
7.080000,0.464836,-0.827955,-2.142199,-1.008471,-0.258803,-0.600538,-0.074368,0.032293,0.400990
7.100000,0.444653,-0.833125,-2.154127,-1.009710,-0.258077,-0.592223,-0.049542,0.040367,0.430526
7.120000,0.424450,-0.838277,-2.165884,-1.010452,-0.257188,-0.583317,-0.024717,0.048440,0.460063
7.140000,0.404238,-0.843411,-2.177456,-1.010698,-0.256139,-0.573821,0.000109,0.056513,0.489599
7.160000,0.384026,-0.848522,-2.188833,-1.010448,-0.254928,-0.563733,0.024935,0.064586,0.519135
7.180000,0.363823,-0.853607,-2.200002,-1.009701,-0.253555,-0.553055,0.049761,0.072660,0.548671
7.200000,0.343641,-0.858663,-2.210951,-1.008458,-0.252022,-0.541786,0.074587,0.080733,0.578207
7.220000,0.323489,-0.863687,-2.221669,-1.006718,-0.250326,-0.529927,0.099413,0.088806,0.607743
7.240000,0.303376,-0.868675,-2.232144,-1.004481,-0.248469,-0.517477,0.124239,0.096879,0.637279
7.260000,0.283313,-0.873624,-2.242364,-1.001748,-0.246451,-0.504436,0.149065,0.104953,0.666815
7.280000,0.263309,-0.878532,-2.252318,-0.998518,-0.244271,-0.490804,0.173890,0.113026,0.696351
7.300000,0.243375,-0.883394,-2.261992,-0.994792,-0.241930,-0.476582,0.198716,0.121099,0.725887
7.320000,0.223521,-0.888208,-2.271377,-0.990570,-0.239427,-0.461769,0.223542,0.129172,0.755423
7.340000,0.203756,-0.892970,-2.280459,-0.985851,-0.236763,-0.446365,0.248368,0.137245,0.784959
7.360000,0.184090,-0.897678,-2.289228,-0.980635,-0.233937,-0.430370,0.273194,0.145319,0.814495
7.380000,0.164534,-0.902327,-2.297670,-0.974923,-0.230950,-0.413785,0.298020,0.153392,0.844031
7.400000,0.145096,-0.906914,-2.305775,-0.968714,-0.227802,-0.396609,0.322846,0.161465,0.873568
7.420000,0.125788,-0.911438,-2.313531,-0.962009,-0.224492,-0.378842,0.347672,0.169538,0.903104
7.440000,0.106619,-0.915893,-2.320925,-0.954807,-0.221020,-0.360485,0.372498,0.177612,0.932640
7.460000,0.087599,-0.920277,-2.327946,-0.947109,-0.217387,-0.341537,0.397323,0.185685,0.962176
7.480000,0.068738,-0.924587,-2.334582,-0.938914,-0.213593,-0.321998,0.422149,0.193758,0.991712
7.500000,0.050046,-0.928820,-2.340822,-0.930223,-0.209637,-0.301868,0.446975,0.201831,1.021248
7.520000,0.031533,-0.932972,-2.346653,-0.921035,-0.205520,-0.281148,0.471801,0.209905,1.050784
7.540000,0.013208,-0.937040,-2.352064,-0.911351,-0.201241,-0.259837,0.496627,0.217978,1.080320
7.560000,-0.004918,-0.941020,-2.357043,-0.901170,-0.196800,-0.237935,0.521453,0.226051,1.109856
7.580000,-0.022836,-0.944911,-2.361577,-0.890493,-0.192199,-0.215443,0.546279,0.234124,1.139392
7.600000,-0.040534,-0.948707,-2.365656,-0.879319,-0.187435,-0.192359,0.571105,0.242197,1.168928
7.620000,-0.058005,-0.952407,-2.369268,-0.867649,-0.182511,-0.168686,0.595930,0.250271,1.198464
7.640000,-0.075237,-0.956007,-2.372400,-0.855482,-0.177425,-0.144421,0.620756,0.258344,1.228000
7.660000,-0.092221,-0.959503,-2.375041,-0.842819,-0.172177,-0.119565,0.645582,0.266417,1.257536
7.680000,-0.108947,-0.962893,-2.377179,-0.829659,-0.166768,-0.094119,0.670408,0.274490,1.287072
7.700000,-0.125404,-0.966173,-2.378802,-0.816002,-0.161197,-0.068083,0.695234,0.282564,1.316609
7.720000,-0.141583,-0.969340,-2.379898,-0.801849,-0.155465,-0.041455,0.720060,0.290637,1.346145
7.740000,-0.157475,-0.972390,-2.380456,-0.787200,-0.149572,-0.014237,0.744886,0.298710,1.375681
7.760000,-0.173068,-0.975321,-2.380463,-0.772054,-0.143517,0.013572,0.769712,0.306783,1.405217
7.780000,-0.188354,-0.978130,-2.379909,-0.756411,-0.137301,0.041972,0.794538,0.314857,1.434753
7.800000,-0.203321,-0.980812,-2.378781,-0.740272,-0.130923,0.070962,0.819363,0.322930,1.464289
7.820000,-0.217961,-0.983366,-2.377067,-0.723637,-0.124383,0.100543,0.844189,0.331003,1.493825
7.840000,-0.232263,-0.985787,-2.374755,-0.706505,-0.117683,0.130715,0.869015,0.339076,1.523361
7.860000,-0.246218,-0.988072,-2.371834,-0.688876,-0.110820,0.161478,0.893841,0.347149,1.552897
7.880000,-0.259815,-0.990218,-2.368292,-0.670751,-0.103797,0.192831,0.918667,0.355223,1.582433
7.900000,-0.273045,-0.992223,-2.364117,-0.652130,-0.096611,0.224775,0.943493,0.363296,1.611969
7.920000,-0.285897,-0.994082,-2.359297,-0.633011,-0.089265,0.257310,0.968319,0.371369,1.641505
7.940000,-0.298362,-0.995792,-2.353820,-0.613397,-0.081757,0.290435,0.993145,0.379442,1.671041
7.960000,-0.310430,-0.997351,-2.347676,-0.593286,-0.074087,0.324152,1.017970,0.387516,1.700577
7.980000,-0.322090,-0.998755,-2.340850,-0.572678,-0.066256,0.358458,1.042796,0.395589,1.730113
8.000000,-0.333333,-1.000000,-2.333333,-0.551574,-0.058264,0.393356,1.067622,0.403662,1.759650
8.020000,-0.344151,-1.001086,-2.325120,-0.530180,-0.050395,0.427749,1.071715,0.383189,1.679681
8.040000,-0.354540,-1.002019,-2.316234,-0.508705,-0.042936,0.460543,1.075807,0.362716,1.599712
8.060000,-0.364499,-1.002806,-2.306709,-0.487148,-0.035886,0.491738,1.079900,0.342243,1.519743
8.080000,-0.374025,-1.003457,-2.296575,-0.465509,-0.029246,0.521333,1.083992,0.321770,1.439774
8.100000,-0.383119,-1.003979,-2.285866,-0.443789,-0.023016,0.549329,1.088084,0.301297,1.359805
8.120000,-0.391776,-1.004380,-2.274613,-0.421986,-0.017194,0.575725,1.092177,0.280825,1.279836
8.140000,-0.399997,-1.004669,-2.262848,-0.400101,-0.011783,0.600522,1.096269,0.260352,1.199867
8.160000,-0.407780,-1.004854,-2.250602,-0.378135,-0.006780,0.623720,1.100362,0.239879,1.119899
8.180000,-0.415122,-1.004943,-2.237909,-0.356087,-0.002187,0.645318,1.104454,0.219406,1.039930
8.200000,-0.422023,-1.004944,-2.224800,-0.333957,0.001996,0.665317,1.108547,0.198933,0.959961
8.220000,-0.428480,-1.004866,-2.211307,-0.311745,0.005770,0.683717,1.112639,0.178460,0.879992
8.240000,-0.434492,-1.004716,-2.197462,-0.289451,0.009134,0.700517,1.116731,0.157987,0.800023
8.260000,-0.440057,-1.004503,-2.183297,-0.267076,0.012089,0.715718,1.120824,0.137514,0.720054
8.280000,-0.445175,-1.004235,-2.168844,-0.244618,0.014635,0.729319,1.124916,0.117041,0.640085
8.300000,-0.449842,-1.003921,-2.154135,-0.222079,0.016771,0.741321,1.129009,0.096568,0.560116
8.320000,-0.454057,-1.003567,-2.139202,-0.199458,0.018498,0.751724,1.133101,0.076095,0.480147
8.340000,-0.457819,-1.003184,-2.124077,-0.176755,0.019815,0.760527,1.137194,0.055622,0.400179
8.360000,-0.461127,-1.002777,-2.108792,-0.153970,0.020722,0.767731,1.141286,0.035150,0.320210
8.380000,-0.463978,-1.002357,-2.093378,-0.131104,0.021221,0.773335,1.145379,0.014677,0.240241
8.400000,-0.466370,-1.001931,-2.077869,-0.108155,0.021310,0.777340,1.149471,-0.005796,0.160272
8.420000,-0.468303,-1.001508,-2.062295,-0.085125,0.020989,0.779746,1.153563,-0.026269,0.080303
8.440000,-0.469775,-1.001095,-2.046690,-0.062013,0.020259,0.780553,1.157656,-0.046742,0.000334
8.460000,-0.470783,-1.000700,-2.031084,-0.038819,0.019119,0.779760,1.161748,-0.067215,-0.079635
8.480000,-0.471327,-1.000333,-2.015510,-0.015543,0.017570,0.777367,1.165841,-0.087688,-0.159604
8.500000,-0.471405,-1.000000,-2.000000,0.007815,0.015612,0.773375,1.169933,-0.108161,-0.239572
8.520000,-0.471015,-0.999709,-1.984582,0.031098,0.013503,0.768359,1.158338,-0.102675,-0.262044
8.540000,-0.470162,-0.999459,-1.969269,0.054149,0.011505,0.762894,1.146744,-0.097190,-0.284515
8.560000,-0.468851,-0.999248,-1.954069,0.076967,0.009616,0.756979,1.135149,-0.091704,-0.306987
8.580000,-0.467085,-0.999074,-1.938992,0.099554,0.007837,0.750614,1.123554,-0.086218,-0.329458
8.600000,-0.464870,-0.998934,-1.924048,0.121910,0.006167,0.743800,1.111959,-0.080732,-0.351930
8.620000,-0.462210,-0.998826,-1.909243,0.144033,0.004607,0.736537,1.100364,-0.075247,-0.374401
8.640000,-0.459110,-0.998749,-1.894589,0.165924,0.003157,0.728824,1.088769,-0.069761,-0.396873
8.660000,-0.455575,-0.998699,-1.880093,0.187584,0.001817,0.720662,1.077174,-0.064275,-0.419344
8.680000,-0.451608,-0.998675,-1.865766,0.209011,0.000586,0.712050,1.065580,-0.058790,-0.441816
8.700000,-0.447216,-0.998675,-1.851614,0.230207,-0.000535,0.702989,1.053985,-0.053304,-0.464287
8.720000,-0.442402,-0.998696,-1.837649,0.251171,-0.001546,0.693479,1.042390,-0.047818,-0.486759
8.740000,-0.437171,-0.998736,-1.823878,0.271902,-0.002448,0.683519,1.030795,-0.042332,-0.509230
8.760000,-0.431527,-0.998793,-1.810311,0.292402,-0.003239,0.673110,1.019200,-0.036847,-0.531702
8.780000,-0.425476,-0.998865,-1.796957,0.312670,-0.003921,0.662251,1.007605,-0.031361,-0.554173
8.800000,-0.419022,-0.998949,-1.783824,0.332707,-0.004494,0.650943,0.996010,-0.025875,-0.576645
8.820000,-0.412169,-0.999044,-1.770922,0.352511,-0.004956,0.639185,0.984416,-0.020390,-0.599116
8.840000,-0.404923,-0.999147,-1.758260,0.372083,-0.005309,0.626978,0.972821,-0.014904,-0.621588
8.860000,-0.397288,-0.999256,-1.745846,0.391424,-0.005553,0.614322,0.961226,-0.009418,-0.644059
8.880000,-0.389268,-0.999368,-1.733690,0.410532,-0.005686,0.601216,0.949631,-0.003933,-0.666531
8.900000,-0.380868,-0.999482,-1.721800,0.429409,-0.005710,0.587660,0.938036,0.001553,-0.689002
8.920000,-0.372093,-0.999596,-1.710187,0.448054,-0.005624,0.573656,0.926441,0.007039,-0.711474
8.940000,-0.362947,-0.999707,-1.698857,0.466467,-0.005428,0.559201,0.914846,0.012525,-0.733945
8.960000,-0.353436,-0.999812,-1.687821,0.484648,-0.005123,0.544298,0.903252,0.018010,-0.756417
8.980000,-0.343563,-0.999911,-1.677088,0.502597,-0.004708,0.528945,0.891657,0.023496,-0.778888
9.000000,-0.333333,-1.000000,-1.666667,0.520314,-0.004183,0.513142,0.880062,0.028982,-0.801360
9.020000,-0.322753,-1.000078,-1.656565,0.537561,-0.003618,0.496939,0.844704,0.027512,-0.818957
9.040000,-0.311836,-1.000145,-1.646791,0.554102,-0.003083,0.480384,0.809346,0.026042,-0.836553
9.060000,-0.300594,-1.000201,-1.637352,0.569935,-0.002577,0.463477,0.773988,0.024572,-0.854150
9.080000,-0.289043,-1.000248,-1.628255,0.585061,-0.002100,0.446218,0.738630,0.023102,-0.871747
9.100000,-0.277196,-1.000286,-1.619506,0.599480,-0.001652,0.428607,0.703272,0.021632,-0.889344
9.120000,-0.265068,-1.000314,-1.611113,0.613192,-0.001235,0.410644,0.667914,0.020162,-0.906941
9.140000,-0.252673,-1.000335,-1.603082,0.626197,-0.000846,0.392330,0.632556,0.018692,-0.924537
9.160000,-0.240025,-1.000349,-1.595422,0.638495,-0.000487,0.373663,0.597198,0.017223,-0.942134
9.180000,-0.227138,-1.000355,-1.588138,0.650085,-0.000157,0.354644,0.561839,0.015753,-0.959731
9.200000,-0.214027,-1.000355,-1.581239,0.660968,0.000143,0.335274,0.526481,0.014283,-0.977328
9.220000,-0.200704,-1.000349,-1.574730,0.671144,0.000414,0.315551,0.491123,0.012813,-0.994925
9.240000,-0.187185,-1.000339,-1.568619,0.680613,0.000656,0.295477,0.455765,0.011343,-1.012521
9.260000,-0.173484,-1.000323,-1.562913,0.689375,0.000868,0.275050,0.420407,0.009873,-1.030118
9.280000,-0.159615,-1.000304,-1.557619,0.697429,0.001051,0.254272,0.385049,0.008403,-1.047715
9.300000,-0.145592,-1.000281,-1.552744,0.704777,0.001204,0.233142,0.349691,0.006933,-1.065312
9.320000,-0.131429,-1.000256,-1.548296,0.711417,0.001328,0.211659,0.314333,0.005463,-1.082909
9.340000,-0.117140,-1.000229,-1.544280,0.717350,0.001423,0.189825,0.278975,0.003994,-1.100505
9.360000,-0.102740,-1.000199,-1.540705,0.722576,0.001488,0.167639,0.243617,0.002524,-1.118102
9.380000,-0.088242,-1.000169,-1.537577,0.727095,0.001524,0.145101,0.208259,0.001054,-1.135699
9.400000,-0.073660,-1.000139,-1.534903,0.730906,0.001530,0.122211,0.172901,-0.000416,-1.153296
9.420000,-0.059010,-1.000108,-1.532691,0.734011,0.001507,0.098969,0.137543,-0.001886,-1.170893
9.440000,-0.044305,-1.000079,-1.530947,0.736408,0.001455,0.075375,0.102185,-0.003356,-1.188489
9.460000,-0.029559,-1.000050,-1.529678,0.738098,0.001373,0.051430,0.066827,-0.004826,-1.206086
9.480000,-0.014786,-1.000024,-1.528892,0.739081,0.001261,0.027132,0.031469,-0.006296,-1.223683
9.500000,-0.000000,-1.000000,-1.528595,0.739357,0.001121,0.002482,-0.003889,-0.007766,-1.241280
9.520000,0.014784,-0.999979,-1.528793,0.738935,0.000969,-0.022191,-0.038314,-0.007372,-1.226066
9.540000,0.029553,-0.999961,-1.529481,0.737824,0.000826,-0.046560,-0.072738,-0.006978,-1.210852
9.560000,0.044292,-0.999946,-1.530653,0.736025,0.000690,-0.070625,-0.107163,-0.006584,-1.195639
9.580000,0.058989,-0.999934,-1.532304,0.733538,0.000563,-0.094386,-0.141588,-0.006190,-1.180425
9.600000,0.073629,-0.999923,-1.534427,0.730362,0.000443,-0.117842,-0.176012,-0.005796,-1.165211
9.620000,0.088199,-0.999916,-1.537016,0.726497,0.000331,-0.140994,-0.210437,-0.005402,-1.149998
9.640000,0.102685,-0.999910,-1.540065,0.721944,0.000227,-0.163842,-0.244862,-0.005009,-1.134784
9.660000,0.117072,-0.999907,-1.543567,0.716703,0.000130,-0.186386,-0.279286,-0.004615,-1.119570
9.680000,0.131348,-0.999905,-1.547518,0.710773,0.000042,-0.208625,-0.313711,-0.004221,-1.104357
9.700000,0.145499,-0.999905,-1.551910,0.704154,-0.000038,-0.230560,-0.348136,-0.003827,-1.089143
9.720000,0.159510,-0.999906,-1.556738,0.696848,-0.000111,-0.252191,-0.382560,-0.003433,-1.073929
9.740000,0.173368,-0.999909,-1.561996,0.688852,-0.000176,-0.273517,-0.416985,-0.003039,-1.058716
9.760000,0.187059,-0.999913,-1.567677,0.680168,-0.000233,-0.294539,-0.451409,-0.002645,-1.043502
9.780000,0.200570,-0.999919,-1.573775,0.670796,-0.000282,-0.315257,-0.485834,-0.002252,-1.028288
9.800000,0.213887,-0.999925,-1.580285,0.660735,-0.000323,-0.335671,-0.520259,-0.001858,-1.013075
9.820000,0.226995,-0.999931,-1.587200,0.649985,-0.000356,-0.355780,-0.554683,-0.001464,-0.997861
9.840000,0.239881,-0.999939,-1.594514,0.638547,-0.000381,-0.375585,-0.589108,-0.001070,-0.982647
9.860000,0.252532,-0.999947,-1.602222,0.626421,-0.000399,-0.395086,-0.623533,-0.000676,-0.967434
9.880000,0.264934,-0.999955,-1.610316,0.613606,-0.000408,-0.414283,-0.657957,-0.000282,-0.952220
9.900000,0.277072,-0.999963,-1.618791,0.600103,-0.000410,-0.433175,-0.692382,0.000112,-0.937006
9.920000,0.288933,-0.999971,-1.627641,0.585911,-0.000404,-0.451763,-0.726806,0.000505,-0.921792
9.940000,0.300504,-0.999979,-1.636859,0.571030,-0.000390,-0.470046,-0.761231,0.000899,-0.906579
9.960000,0.311770,-0.999987,-1.646441,0.555462,-0.000368,-0.488026,-0.795656,0.001293,-0.891365
9.980000,0.322718,-0.999994,-1.656378,0.539204,-0.000338,-0.505701,-0.830080,0.001687,-0.876151
10.000000,0.333333,-1.000000,-1.666667,0.522258,-0.000300,-0.523072,-0.864505,0.002081,-0.860938
10.020000,0.343605,-1.000006,-1.677298,0.504824,-0.000260,-0.539947,-0.878900,0.001975,-0.826551
10.040000,0.353524,-1.000010,-1.688260,0.487102,-0.000221,-0.556134,-0.893295,0.001870,-0.792164
10.060000,0.363087,-1.000014,-1.699539,0.469093,-0.000185,-0.571633,-0.907690,0.001764,-0.757776
10.080000,0.372286,-1.000018,-1.711121,0.450795,-0.000151,-0.586445,-0.922085,0.001659,-0.723389
10.100000,0.381117,-1.000021,-1.722992,0.432209,-0.000119,-0.600569,-0.936480,0.001553,-0.689002
10.120000,0.389573,-1.000023,-1.735139,0.413336,-0.000089,-0.614005,-0.950876,0.001448,-0.654615
10.140000,0.397648,-1.000024,-1.747548,0.394174,-0.000061,-0.626754,-0.965271,0.001342,-0.620228
10.160000,0.405338,-1.000025,-1.760204,0.374725,-0.000035,-0.638814,-0.979666,0.001237,-0.585841
10.180000,0.412635,-1.000025,-1.773096,0.354987,-0.000011,-0.650187,-0.994061,0.001131,-0.551454
10.200000,0.419535,-1.000025,-1.786207,0.334962,0.000010,-0.660872,-1.008456,0.001025,-0.517067
10.220000,0.426032,-1.000025,-1.799526,0.314649,0.000030,-0.670870,-1.022851,0.000920,-0.482680
10.240000,0.432119,-1.000024,-1.813038,0.294048,0.000047,-0.680180,-1.037246,0.000814,-0.448293
10.260000,0.437792,-1.000023,-1.826729,0.273159,0.000062,-0.688802,-1.051641,0.000709,-0.413906
10.280000,0.443044,-1.000022,-1.840585,0.251983,0.000075,-0.696736,-1.066036,0.000603,-0.379519
10.300000,0.447869,-1.000020,-1.854593,0.230518,0.000086,-0.703982,-1.080431,0.000498,-0.345132
10.320000,0.452263,-1.000018,-1.868740,0.208765,0.000095,-0.710541,-1.094827,0.000392,-0.310744
10.340000,0.456218,-1.000016,-1.883010,0.186725,0.000102,-0.716412,-1.109222,0.000287,-0.276357
10.360000,0.459730,-1.000014,-1.897392,0.164397,0.000107,-0.721595,-1.123617,0.000181,-0.241970
10.380000,0.462792,-1.000012,-1.911870,0.141780,0.000109,-0.726091,-1.138012,0.000076,-0.207583
10.400000,0.465399,-1.000010,-1.926431,0.118876,0.000110,-0.729899,-1.152407,-0.000030,-0.173196
10.420000,0.467545,-1.000008,-1.941061,0.095684,0.000108,-0.733019,-1.166802,-0.000135,-0.138809
10.440000,0.469224,-1.000006,-1.955747,0.072204,0.000104,-0.735451,-1.181197,-0.000241,-0.104422
10.460000,0.470431,-1.000004,-1.970474,0.048436,0.000099,-0.737196,-1.195592,-0.000346,-0.070035
10.480000,0.471160,-1.000002,-1.985230,0.024380,0.000091,-0.738253,-1.209987,-0.000452,-0.035648
10.500000,0.471405,-1.000000,-2.000000,0.000037,0.000080,-0.738622,-1.224382,-0.000558,-0.001261
10.520000,0.471161,-0.999999,-2.014770,-0.024307,0.000070,-0.738300,-1.210022,-0.000529,0.033429
10.540000,0.470434,-0.999997,-2.029527,-0.048364,0.000059,-0.737284,-1.195662,-0.000501,0.068119
10.560000,0.469229,-0.999996,-2.044257,-0.072134,0.000050,-0.735575,-1.181302,-0.000473,0.102808
10.580000,0.467551,-0.999995,-2.058946,-0.095616,0.000040,-0.733172,-1.166942,-0.000444,0.137498
10.600000,0.465406,-0.999995,-2.073579,-0.118812,0.000032,-0.730075,-1.152582,-0.000416,0.172188
10.620000,0.462800,-0.999994,-2.088144,-0.141720,0.000024,-0.726285,-1.138222,-0.000388,0.206877
10.640000,0.459739,-0.999994,-2.102626,-0.164341,0.000016,-0.721800,-1.123862,-0.000360,0.241567
10.660000,0.456228,-0.999993,-2.117012,-0.186674,0.000009,-0.716622,-1.109502,-0.000331,0.276257
10.680000,0.452274,-0.999993,-2.131286,-0.208721,0.000003,-0.710750,-1.095142,-0.000303,0.310946
10.700000,0.447882,-0.999993,-2.145437,-0.230480,-0.000003,-0.704184,-1.080782,-0.000275,0.345636
10.720000,0.443057,-0.999993,-2.159449,-0.251952,-0.000008,-0.696924,-1.066422,-0.000246,0.380325
10.740000,0.437805,-0.999993,-2.173309,-0.273137,-0.000013,-0.688971,-1.052062,-0.000218,0.415015
10.760000,0.432133,-0.999994,-2.187003,-0.294034,-0.000017,-0.680324,-1.037702,-0.000190,0.449705
10.780000,0.426046,-0.999994,-2.200518,-0.314645,-0.000020,-0.670983,-1.023342,-0.000162,0.484394
10.800000,0.419549,-0.999995,-2.213838,-0.334968,-0.000023,-0.660948,-1.008982,-0.000133,0.519084
10.820000,0.412649,-0.999995,-2.226951,-0.355004,-0.000026,-0.650220,-0.994622,-0.000105,0.553774
10.840000,0.405351,-0.999996,-2.239842,-0.374753,-0.000027,-0.638797,-0.980262,-0.000077,0.588463
10.860000,0.397661,-0.999996,-2.252498,-0.394215,-0.000029,-0.626681,-0.965902,-0.000049,0.623153
10.880000,0.389584,-0.999997,-2.264905,-0.413389,-0.000029,-0.613871,-0.951543,-0.000020,0.657843
10.900000,0.381127,-0.999997,-2.277048,-0.432276,-0.000029,-0.600367,-0.937183,0.000008,0.692532
10.920000,0.372295,-0.999998,-2.288915,-0.450876,-0.000029,-0.586170,-0.922823,0.000036,0.727222
10.940000,0.363094,-0.999998,-2.300491,-0.469189,-0.000028,-0.571278,-0.908463,0.000065,0.761912
10.960000,0.353530,-0.999999,-2.311761,-0.487215,-0.000026,-0.555693,-0.894103,0.000093,0.796601
10.980000,0.343607,-1.000000,-2.322714,-0.504953,-0.000024,-0.539414,-0.879743,0.000121,0.831291
11.000000,0.333333,-1.000000,-2.333333,-0.522405,-0.000022,-0.522442,-0.865383,0.000149,0.865981
11.020000,0.322714,-1.000000,-2.343608,-0.539366,-0.000019,-0.504979,-0.830782,0.000142,0.880287
11.040000,0.311763,-1.000001,-2.353531,-0.555636,-0.000016,-0.487230,-0.796182,0.000134,0.894593
11.060000,0.300494,-1.000001,-2.363095,-0.571214,-0.000013,-0.469195,-0.761582,0.000127,0.908898
11.080000,0.288919,-1.000001,-2.372296,-0.586099,-0.000011,-0.450874,-0.726982,0.000119,0.923204
11.100000,0.277054,-1.000001,-2.381128,-0.600293,-0.000009,-0.432267,-0.692382,0.000112,0.937510
11.120000,0.264912,-1.000002,-2.389585,-0.613795,-0.000006,-0.413374,-0.657782,0.000104,0.951816
11.140000,0.252507,-1.000002,-2.397661,-0.626604,-0.000004,-0.394194,-0.623182,0.000096,0.966122
11.160000,0.239853,-1.000002,-2.405351,-0.638722,-0.000003,-0.374729,-0.588581,0.000089,0.980428
11.180000,0.226963,-1.000002,-2.412649,-0.650147,-0.000001,-0.354977,-0.553981,0.000081,0.994734
11.200000,0.213851,-1.000002,-2.419548,-0.660881,0.000001,-0.334940,-0.519381,0.000074,1.009040
11.220000,0.200532,-1.000002,-2.426044,-0.670923,0.000002,-0.314616,-0.484781,0.000066,1.023346
11.240000,0.187019,-1.000002,-2.432131,-0.680272,0.000003,-0.294006,-0.450181,0.000058,1.037652
11.260000,0.173326,-1.000002,-2.437803,-0.688930,0.000004,-0.273110,-0.415581,0.000051,1.051958
11.280000,0.159467,-1.000002,-2.443054,-0.696895,0.000005,-0.251927,-0.380981,0.000043,1.066264
11.300000,0.145455,-1.000001,-2.447878,-0.704169,0.000006,-0.230459,-0.346380,0.000036,1.080570
11.320000,0.131304,-1.000001,-2.452270,-0.710751,0.000007,-0.208705,-0.311780,0.000028,1.094876
11.340000,0.117029,-1.000001,-2.456224,-0.716640,0.000007,-0.186664,-0.277180,0.000021,1.109182
11.360000,0.102643,-1.000001,-2.459735,-0.721838,0.000008,-0.164337,-0.242580,0.000013,1.123488
11.380000,0.088160,-1.000001,-2.462796,-0.726344,0.000008,-0.141724,-0.207980,0.000005,1.137794
11.400000,0.073594,-1.000001,-2.465402,-0.730157,0.000008,-0.118826,-0.173380,-0.000002,1.152100
11.420000,0.058959,-1.000001,-2.467547,-0.733279,0.000008,-0.095640,-0.138780,-0.000010,1.166406
11.440000,0.044268,-1.000000,-2.469225,-0.735708,0.000007,-0.072169,-0.104179,-0.000017,1.180712
11.460000,0.029535,-1.000000,-2.470432,-0.737446,0.000007,-0.048412,-0.069579,-0.000025,1.195018
11.480000,0.014775,-1.000000,-2.471160,-0.738491,0.000007,-0.024369,-0.034979,-0.000032,1.209324
11.500000,0.000000,-1.000000,-2.471405,-0.738845,0.000006,-0.000039,-0.000379,-0.000040,1.223630
11.520000,-0.014775,-1.000000,-2.471162,-0.738506,0.000005,0.024291,0.034312,-0.000038,1.209361
11.540000,-0.029536,-1.000000,-2.470435,-0.737473,0.000004,0.048335,0.069003,-0.000036,1.195093
11.560000,-0.044269,-1.000000,-2.469230,-0.735746,0.000004,0.072095,0.103694,-0.000034,1.180824
11.580000,-0.058961,-1.000000,-2.467553,-0.733325,0.000003,0.095568,0.138385,-0.000032,1.166556
11.600000,-0.073597,-1.000000,-2.465409,-0.730210,0.000002,0.118757,0.173077,-0.000030,1.152287
11.620000,-0.088165,-1.000000,-2.462805,-0.726402,0.000002,0.141660,0.207768,-0.000028,1.138019
11.640000,-0.102649,-1.000000,-2.459745,-0.721899,0.000001,0.164278,0.242459,-0.000026,1.123750
11.660000,-0.117036,-1.000000,-2.456235,-0.716703,0.000001,0.186610,0.277150,-0.000024,1.109482
11.680000,-0.131312,-1.000000,-2.452282,-0.710813,0.000000,0.208657,0.311841,-0.000022,1.095213
11.700000,-0.145464,-1.000000,-2.447891,-0.704230,-0.000000,0.230418,0.346532,-0.000020,1.080945
11.720000,-0.159477,-1.000000,-2.443067,-0.696952,-0.000001,0.251895,0.381223,-0.000018,1.066676
11.740000,-0.173337,-1.000000,-2.437817,-0.688981,-0.000001,0.273085,0.415914,-0.000016,1.052408
11.760000,-0.187031,-1.000000,-2.432146,-0.680316,-0.000001,0.293991,0.450605,-0.000014,1.038139
11.780000,-0.200545,-1.000000,-2.426059,-0.670957,-0.000001,0.314611,0.485296,-0.000012,1.023871
11.800000,-0.213865,-1.000000,-2.419563,-0.660904,-0.000002,0.334946,0.519987,-0.000010,1.009602
11.820000,-0.226977,-1.000000,-2.412663,-0.650157,-0.000002,0.354995,0.554679,-0.000008,0.995333
11.840000,-0.239867,-1.000000,-2.405365,-0.638717,-0.000002,0.374759,0.589370,-0.000006,0.981065
11.860000,-0.252521,-1.000000,-2.397675,-0.626582,-0.000002,0.394238,0.624061,-0.000003,0.966796
11.880000,-0.264925,-1.000000,-2.389598,-0.613754,-0.000002,0.413431,0.658752,-0.000001,0.952528
11.900000,-0.277066,-1.000000,-2.381140,-0.600232,-0.000002,0.432339,0.693443,0.000001,0.938259
11.920000,-0.288930,-1.000000,-2.372306,-0.586016,-0.000002,0.450961,0.728134,0.000003,0.923991
11.940000,-0.300502,-1.000000,-2.363103,-0.571107,-0.000002,0.469298,0.762825,0.000005,0.909722
11.960000,-0.311770,-1.000000,-2.353536,-0.555503,-0.000002,0.487350,0.797516,0.000007,0.895454
11.980000,-0.322718,-1.000000,-2.343611,-0.539206,-0.000002,0.505117,0.832207,0.000009,0.881185
12.000000,-0.333333,-1.000000,-2.333333,-0.522215,-0.000002,0.522598,0.866898,0.000011,0.866917
12.020000,-0.343603,-1.000000,-2.322710,-0.504736,-0.000001,0.539587,0.880986,0.000010,0.832040
12.040000,-0.353521,-1.000000,-2.311754,-0.486976,-0.000001,0.555879,0.895073,0.000010,0.797163
12.060000,-0.363080,-1.000000,-2.300480,-0.468933,-0.000001,0.571474,0.909160,0.000009,0.762286
12.080000,-0.372276,-1.000000,-2.288900,-0.450609,-0.000001,0.586371,0.923247,0.000009,0.727409
12.100000,-0.381103,-1.000000,-2.277030,-0.432004,-0.000001,0.600570,0.937334,0.000008,0.692532
12.120000,-0.389555,-1.000000,-2.264882,-0.413116,-0.000000,0.614072,0.951421,0.000007,0.657655
12.140000,-0.397626,-1.000000,-2.252471,-0.393947,-0.000000,0.626876,0.965508,0.000007,0.622779
12.160000,-0.405311,-1.000000,-2.239812,-0.374496,-0.000000,0.638983,0.979596,0.000006,0.587902
12.180000,-0.412604,-1.000000,-2.226917,-0.354763,-0.000000,0.650392,0.993683,0.000006,0.553025
12.200000,-0.419499,-1.000000,-2.213801,-0.334748,0.000000,0.661104,1.007770,0.000005,0.518148
12.220000,-0.425992,-1.000000,-2.200477,-0.314452,0.000000,0.671118,1.021857,0.000005,0.483271
12.240000,-0.432075,-1.000000,-2.186961,-0.293874,0.000000,0.680435,1.035944,0.000004,0.448394
12.260000,-0.437745,-1.000000,-2.173264,-0.273014,0.000000,0.689054,1.050031,0.000004,0.413517
12.280000,-0.442994,-1.000000,-2.159403,-0.251873,0.000000,0.696976,1.064118,0.000003,0.378640
12.300000,-0.447818,-1.000000,-2.145390,-0.230450,0.000000,0.704200,1.078206,0.000003,0.343763
12.320000,-0.452210,-1.000000,-2.131240,-0.208745,0.000000,0.710726,1.092293,0.000002,0.308887
12.340000,-0.456166,-1.000000,-2.116966,-0.186758,0.000001,0.716555,1.106380,0.000001,0.274010
12.360000,-0.459679,-1.000000,-2.102582,-0.164489,0.000001,0.721687,1.120467,0.000001,0.239133
12.380000,-0.462743,-1.000000,-2.088103,-0.141939,0.000001,0.726120,1.134554,0.000000,0.204256
12.400000,-0.465354,-1.000000,-2.073542,-0.119107,0.000001,0.729857,1.148641,-0.000000,0.169379
12.420000,-0.467506,-1.000000,-2.058913,-0.095994,0.000001,0.732896,1.162728,-0.000001,0.134502
12.440000,-0.469192,-1.000000,-2.044231,-0.072598,0.000001,0.735237,1.176816,-0.000001,0.099625
12.460000,-0.470408,-1.000000,-2.029508,-0.048921,0.000001,0.736881,1.190903,-0.000002,0.064748
12.480000,-0.471147,-1.000000,-2.014760,-0.024962,0.000000,0.737827,1.204990,-0.000002,0.029871
12.500000,-0.471405,-1.000000,-2.000000,-0.000721,0.000000,0.738075,1.219077,-0.000003,-0.005005
12.520000,-0.471176,-1.000000,-1.985242,0.023526,0.000000,0.737639,1.205682,-0.000003,-0.038681
12.540000,-0.470465,-1.000000,-1.970499,0.047506,0.000000,0.736528,1.192288,-0.000003,-0.072357
12.560000,-0.469278,-1.000000,-1.955785,0.071218,0.000000,0.734744,1.178893,-0.000002,-0.106032
12.580000,-0.467618,-1.000000,-1.941114,0.094662,0.000000,0.732287,1.165498,-0.000002,-0.139708
12.600000,-0.465493,-1.000000,-1.926498,0.117838,0.000000,0.729156,1.152104,-0.000002,-0.173383
12.620000,-0.462907,-1.000000,-1.911952,0.140746,0.000000,0.725352,1.138709,-0.000002,-0.207059
12.640000,-0.459865,-1.000000,-1.897489,0.163386,0.000000,0.720874,1.125314,-0.000002,-0.240735
12.660000,-0.456373,-1.000000,-1.883121,0.185758,0.000000,0.715722,1.111920,-0.000002,-0.274410
12.680000,-0.452436,-1.000000,-1.868864,0.207863,0.000000,0.709897,1.098525,-0.000002,-0.308086
12.700000,-0.448060,-1.000000,-1.854730,0.229699,-0.000000,0.703399,1.085130,-0.000001,-0.341761
12.720000,-0.443250,-1.000000,-1.840733,0.251268,-0.000000,0.696227,1.071736,-0.000001,-0.375437
12.740000,-0.438011,-1.000000,-1.826885,0.272569,-0.000000,0.688381,1.058341,-0.000001,-0.409112
12.760000,-0.432349,-1.000000,-1.813202,0.293602,-0.000000,0.679862,1.044947,-0.000001,-0.442788
12.780000,-0.426269,-1.000000,-1.799695,0.314367,-0.000000,0.670670,1.031552,-0.000001,-0.476464
12.800000,-0.419776,-1.000000,-1.786380,0.334864,-0.000000,0.660804,1.018157,-0.000001,-0.510139
12.820000,-0.412876,-1.000000,-1.773268,0.355093,-0.000000,0.650264,1.004763,-0.000001,-0.543815
12.840000,-0.405574,-1.000000,-1.760374,0.375054,-0.000000,0.639051,0.991368,-0.000000,-0.577490
12.860000,-0.397876,-1.000000,-1.747710,0.394748,-0.000000,0.627165,0.977973,-0.000000,-0.611166
12.880000,-0.389786,-1.000000,-1.735291,0.414173,-0.000000,0.614605,0.964579,-0.000000,-0.644841
12.900000,-0.381311,-1.000000,-1.723131,0.433331,-0.000000,0.601371,0.951184,0.000000,-0.678517
12.920000,-0.372455,-1.000000,-1.711241,0.452221,-0.000000,0.587464,0.937789,0.000000,-0.712193
12.940000,-0.363224,-1.000000,-1.699636,0.470842,-0.000000,0.572883,0.924395,0.000000,-0.745868
12.960000,-0.353623,-1.000000,-1.688330,0.489196,-0.000000,0.557629,0.911000,0.000000,-0.779544
12.980000,-0.343658,-1.000000,-1.677336,0.507282,-0.000000,0.541702,0.897605,0.000001,-0.813219
13.000000,-0.333333,-1.000000,-1.666667,0.525101,-0.000000,0.525100,0.884211,0.000001,-0.846895
13.020000,-0.322657,-1.000000,-1.656335,0.542403,-0.000000,0.507984,0.846057,0.000001,-0.864767
13.040000,-0.311642,-1.000000,-1.646350,0.558943,-0.000000,0.490510,0.807904,0.000001,-0.882640
13.060000,-0.300304,-1.000000,-1.636717,0.574719,-0.000000,0.472678,0.769750,0.000001,-0.900512
13.080000,-0.288659,-1.000000,-1.627445,0.589733,-0.000000,0.454489,0.731596,0.000001,-0.918385
13.100000,-0.276720,-1.000000,-1.618540,0.603983,-0.000000,0.435943,0.693443,0.000001,-0.936257
13.120000,-0.264504,-1.000000,-1.610010,0.617471,-0.000000,0.417039,0.655289,0.000001,-0.954130
13.140000,-0.252026,-1.000000,-1.601861,0.630195,-0.000000,0.397778,0.617136,0.000000,-0.972002
13.160000,-0.239302,-1.000000,-1.594101,0.642156,-0.000000,0.378159,0.578982,0.000000,-0.989875
13.180000,-0.226345,-1.000000,-1.586737,0.653354,-0.000000,0.358183,0.540829,0.000000,-1.007747
13.200000,-0.213173,-1.000000,-1.579776,0.663789,0.000000,0.337849,0.502675,0.000000,-1.025620
13.220000,-0.199799,-1.000000,-1.573225,0.673461,0.000000,0.317158,0.464521,0.000000,-1.043492
13.240000,-0.186239,-1.000000,-1.567092,0.682370,0.000000,0.296109,0.426368,0.000000,-1.061364
13.260000,-0.172509,-1.000000,-1.561383,0.690516,0.000000,0.274703,0.388214,0.000000,-1.079237
13.280000,-0.158624,-1.000000,-1.556106,0.697899,0.000000,0.252940,0.350061,0.000000,-1.097109
13.300000,-0.144598,-1.000000,-1.551268,0.704518,0.000000,0.230819,0.311907,0.000000,-1.114982
13.320000,-0.130448,-1.000000,-1.546876,0.710375,0.000000,0.208341,0.273754,0.000000,-1.132854
13.340000,-0.116188,-1.000000,-1.542937,0.715468,0.000000,0.185505,0.235600,0.000000,-1.150727
13.360000,-0.101834,-1.000000,-1.539458,0.719799,0.000000,0.162311,0.197446,0.000000,-1.168599
13.380000,-0.087401,-1.000000,-1.536447,0.723366,0.000000,0.138761,0.159293,0.000000,-1.186472
13.400000,-0.072905,-1.000000,-1.533910,0.726171,0.000000,0.114853,0.121139,-0.000000,-1.204344
13.420000,-0.058360,-1.000000,-1.531855,0.728212,0.000000,0.090587,0.082986,-0.000000,-1.222217
13.440000,-0.043781,-1.000000,-1.530289,0.729490,0.000000,0.065964,0.044832,-0.000000,-1.240089
13.460000,-0.029185,-1.000000,-1.529219,0.730005,0.000000,0.040983,0.006678,-0.000000,-1.257962
13.480000,-0.014586,-1.000000,-1.528652,0.729757,0.000000,0.015645,-0.031475,-0.000000,-1.275834
13.500000,0.000000,-1.000000,-1.528595,0.728746,0.000000,-0.010050,-0.069629,-0.000000,-1.293707
13.520000,0.014560,-1.000000,-1.529053,0.727139,0.000000,-0.035649,-0.091071,-0.000000,-1.266186
13.540000,0.029083,-1.000000,-1.530018,0.725103,0.000000,-0.060697,-0.112514,-0.000000,-1.238666
13.560000,0.043561,-1.000000,-1.531478,0.722639,0.000000,-0.085196,-0.133957,-0.000000,-1.211145
13.580000,0.057985,-1.000000,-1.533422,0.719745,0.000000,-0.109143,-0.155399,-0.000000,-1.183625
13.600000,0.072348,-1.000000,-1.535840,0.716423,0.000000,-0.132541,-0.176842,-0.000000,-1.156104
13.620000,0.086639,-1.000000,-1.538720,0.712671,0.000000,-0.155387,-0.198285,-0.000000,-1.128584
13.640000,0.100852,-1.000000,-1.542051,0.708491,0.000000,-0.177684,-0.219728,-0.000000,-1.101064
13.660000,0.114976,-1.000000,-1.545824,0.703882,0.000000,-0.199430,-0.241170,-0.000000,-1.073543
13.680000,0.129004,-1.000000,-1.550025,0.698844,0.000000,-0.220626,-0.262613,-0.000000,-1.046023
13.700000,0.142927,-1.000000,-1.554645,0.693378,-0.000000,-0.241271,-0.284056,-0.000000,-1.018502
13.720000,0.156736,-1.000000,-1.559672,0.687482,-0.000000,-0.261366,-0.305498,-0.000000,-0.990982
13.740000,0.170424,-1.000000,-1.565096,0.681158,-0.000000,-0.280910,-0.326941,-0.000000,-0.963461
13.760000,0.183980,-1.000000,-1.570905,0.674405,-0.000000,-0.299904,-0.348384,-0.000000,-0.935941
13.780000,0.197397,-1.000000,-1.577088,0.667222,-0.000000,-0.318348,-0.369826,-0.000000,-0.908421
13.800000,0.210666,-1.000000,-1.583635,0.659611,-0.000000,-0.336241,-0.391269,-0.000000,-0.880900
13.820000,0.223778,-1.000000,-1.590534,0.651572,-0.000000,-0.353584,-0.412712,-0.000000,-0.853380
13.840000,0.236726,-1.000000,-1.597775,0.643103,-0.000000,-0.370376,-0.434154,-0.000000,-0.825859
13.860000,0.249500,-1.000000,-1.605346,0.634205,-0.000000,-0.386618,-0.455597,-0.000000,-0.798339
13.880000,0.262091,-1.000000,-1.613236,0.624879,-0.000000,-0.402310,-0.477040,-0.000000,-0.770818
13.900000,0.274492,-1.000000,-1.621434,0.615124,-0.000000,-0.417451,-0.498483,0.000000,-0.743298
13.920000,0.286693,-1.000000,-1.629930,0.604940,-0.000000,-0.432042,-0.519925,0.000000,-0.715778
13.940000,0.298687,-1.000000,-1.638712,0.594327,-0.000000,-0.446082,-0.541368,0.000000,-0.688257
13.960000,0.310464,-1.000000,-1.647770,0.583285,-0.000000,-0.459572,-0.562811,0.000000,-0.660737
13.980000,0.322015,-1.000000,-1.657092,0.571814,-0.000000,-0.472511,-0.584253,0.000000,-0.633216
14.000000,0.333333,-1.000000,-1.666667,0.559915,-0.000000,-0.484901,-0.605696,0.000000,-0.605696
14.020000,0.344406,-1.000000,-1.676487,0.547166,-0.000000,-0.497160,-0.669223,0.000000,-0.620260
14.040000,0.355211,-1.000000,-1.686555,0.533146,-0.000000,-0.509711,-0.732751,0.000000,-0.634824
14.060000,0.365724,-1.000000,-1.696877,0.517856,-0.000000,-0.522553,-0.796278,0.000000,-0.649389
14.080000,0.375917,-1.000000,-1.707459,0.501295,-0.000000,-0.535687,-0.859805,0.000000,-0.663953
14.100000,0.385767,-1.000000,-1.718307,0.483464,-0.000000,-0.549111,-0.923333,0.000000,-0.678517
14.120000,0.395247,-1.000000,-1.729425,0.464362,-0.000000,-0.562827,-0.986860,0.000000,-0.693081
14.140000,0.404333,-1.000000,-1.740822,0.443989,-0.000000,-0.576834,-1.050387,0.000000,-0.707645
14.160000,0.412998,-1.000000,-1.752501,0.422346,-0.000000,-0.591133,-1.113914,0.000000,-0.722210
14.180000,0.421218,-1.000000,-1.764469,0.399433,-0.000000,-0.605723,-1.177442,0.000000,-0.736774
14.200000,0.428967,-1.000000,-1.776732,0.375248,0.000000,-0.620604,-1.240969,0.000000,-0.751338
14.220000,0.436220,-1.000000,-1.789295,0.349794,0.000000,-0.635776,-1.304496,0.000000,-0.765902
14.240000,0.442951,-1.000000,-1.802165,0.323069,0.000000,-0.651240,-1.368024,0.000000,-0.780466
14.260000,0.449134,-1.000000,-1.815347,0.295073,0.000000,-0.666995,-1.431551,0.000000,-0.795031
14.280000,0.454745,-1.000000,-1.828846,0.265807,0.000000,-0.683041,-1.495078,0.000000,-0.809595
14.300000,0.459758,-1.000000,-1.842670,0.235270,0.000000,-0.699379,-1.558606,0.000000,-0.824159
14.320000,0.464147,-1.000000,-1.856823,0.203462,0.000000,-0.716008,-1.622133,0.000000,-0.838723
14.340000,0.467888,-1.000000,-1.871312,0.170384,0.000000,-0.732928,-1.685660,0.000000,-0.853287
14.360000,0.470954,-1.000000,-1.886143,0.136036,0.000000,-0.750139,-1.749188,0.000000,-0.867852
14.380000,0.473321,-1.000000,-1.901320,0.100417,0.000000,-0.767642,-1.812715,0.000000,-0.882416
14.400000,0.474962,-1.000000,-1.916850,0.063527,0.000000,-0.785436,-1.876242,-0.000000,-0.896980
14.420000,0.475853,-1.000000,-1.932739,0.025367,0.000000,-0.803521,-1.939769,-0.000000,-0.911544
14.440000,0.475969,-1.000000,-1.948993,-0.014063,0.000000,-0.821898,-2.003297,-0.000000,-0.926109
14.460000,0.475282,-1.000000,-1.965617,-0.054765,0.000000,-0.840565,-2.066824,-0.000000,-0.940673
14.480000,0.473770,-1.000000,-1.982617,-0.096736,0.000000,-0.859524,-2.130351,-0.000000,-0.955237
14.500000,0.471405,-1.000000,-2.000000,-0.139979,0.000000,-0.878775,-2.193879,-0.000000,-0.969801
14.520000,0.468179,-1.000000,-2.017755,-0.181877,0.000000,-0.895989,-1.995972,-0.000000,-0.751613
14.540000,0.464156,-1.000000,-2.035810,-0.219818,0.000000,-0.908839,-1.798065,-0.000000,-0.533425
14.560000,0.459413,-1.000000,-2.054079,-0.253800,0.000000,-0.917326,-1.600158,-0.000000,-0.315237
14.580000,0.454030,-1.000000,-2.072474,-0.283824,0.000000,-0.921449,-1.402251,-0.000000,-0.097049
14.600000,0.448086,-1.000000,-2.090908,-0.309890,0.000000,-0.921208,-1.204344,-0.000000,0.121139
14.620000,0.441661,-1.000000,-2.109294,-0.331998,0.000000,-0.916603,-1.006437,-0.000000,0.339327
14.640000,0.434833,-1.000000,-2.127543,-0.350147,0.000000,-0.907635,-0.808530,-0.000000,0.557515
14.660000,0.427681,-1.000000,-2.145570,-0.364339,0.000000,-0.894303,-0.610624,-0.000000,0.775703
14.680000,0.420286,-1.000000,-2.163286,-0.374572,-0.000000,-0.876607,-0.412717,-0.000000,0.993891
14.700000,0.412725,-1.000000,-2.180605,-0.380848,-0.000000,-0.854547,-0.214810,-0.000000,1.212080
14.720000,0.405078,-1.000000,-2.197439,-0.383165,-0.000000,-0.828124,-0.016903,-0.000000,1.430268
14.740000,0.397425,-1.000000,-2.213701,-0.381524,-0.000000,-0.797336,0.181004,-0.000000,1.648456
14.760000,0.389844,-1.000000,-2.229303,-0.375925,-0.000000,-0.762185,0.378911,-0.000000,1.866644
14.780000,0.382414,-1.000000,-2.244159,-0.366367,-0.000000,-0.722671,0.576818,-0.000000,2.084832
14.800000,0.375215,-1.000000,-2.258181,-0.352852,-0.000000,-0.678792,0.774725,-0.000000,2.303020
14.820000,0.368327,-1.000000,-2.271282,-0.335378,-0.000000,-0.630550,0.972632,-0.000000,2.521208
14.840000,0.361827,-1.000000,-2.283374,-0.313947,-0.000000,-0.577944,1.170538,0.000000,2.739396
14.860000,0.355795,-1.000000,-2.294371,-0.288557,-0.000000,-0.520974,1.368445,0.000000,2.957584
14.880000,0.350311,-1.000000,-2.304184,-0.259209,-0.000000,-0.459640,1.566352,0.000000,3.175772
14.900000,0.345453,-1.000000,-2.312727,-0.225903,-0.000000,-0.393943,1.764259,0.000000,3.393960
14.920000,0.341301,-1.000000,-2.319913,-0.188638,-0.000000,-0.323882,1.962166,0.000000,3.612148
14.940000,0.337934,-1.000000,-2.325653,-0.147416,-0.000000,-0.249457,2.160073,0.000000,3.830336
14.960000,0.335431,-1.000000,-2.329862,-0.102235,-0.000000,-0.170669,2.357980,0.000000,4.048524
14.980000,0.333871,-1.000000,-2.332451,-0.053097,-0.000000,-0.087516,2.555887,0.000000,4.266713
