0.000000,0.000000,0.000000,0.000000,0.000000,0.000000,0.000000,-1.813647,0.104599,-1.490385
0.020000,-0.000360,0.000021,-0.000297,-0.035879,0.002061,-0.029661,-1.774238,0.101461,-1.475674
0.040000,-0.001430,0.000082,-0.001184,-0.070970,0.004058,-0.059027,-1.734828,0.098323,-1.460962
0.060000,-0.003194,0.000183,-0.002656,-0.105272,0.005994,-0.088099,-1.695419,0.095185,-1.446250
0.080000,-0.005636,0.000321,-0.004706,-0.138786,0.007866,-0.116877,-1.656010,0.092047,-1.431539
0.100000,-0.008740,0.000497,-0.007329,-0.171512,0.009675,-0.145361,-1.616600,0.088909,-1.416827
0.120000,-0.012491,0.000708,-0.010519,-0.203450,0.011422,-0.173550,-1.577191,0.085771,-1.402116
0.140000,-0.016873,0.000953,-0.014269,-0.234600,0.013106,-0.201445,-1.537781,0.082633,-1.387404
0.160000,-0.021870,0.001232,-0.018575,-0.264962,0.014728,-0.229046,-1.498372,0.079495,-1.372693
0.180000,-0.027466,0.001542,-0.023429,-0.294535,0.016286,-0.256353,-1.458962,0.076357,-1.357981
0.200000,-0.033646,0.001883,-0.028827,-0.323320,0.017782,-0.283365,-1.419553,0.073219,-1.343270
0.220000,-0.040393,0.002253,-0.034762,-0.351317,0.019215,-0.310084,-1.380144,0.070081,-1.328558
0.240000,-0.047693,0.002651,-0.041228,-0.378526,0.020585,-0.336508,-1.340734,0.066943,-1.313846
0.260000,-0.055529,0.003076,-0.048220,-0.404946,0.021893,-0.362638,-1.301325,0.063805,-1.299135
0.280000,-0.063886,0.003526,-0.055732,-0.430579,0.023137,-0.388473,-1.261915,0.060667,-1.284423
0.300000,-0.072747,0.004001,-0.063757,-0.455423,0.024319,-0.414015,-1.222506,0.057529,-1.269712
0.320000,-0.082097,0.004499,-0.072290,-0.479479,0.025438,-0.439262,-1.183097,0.054391,-1.255000
0.340000,-0.091921,0.005018,-0.081326,-0.502747,0.026495,-0.464215,-1.143687,0.051253,-1.240289
0.360000,-0.102202,0.005558,-0.090857,-0.525226,0.027489,-0.488873,-1.104278,0.048116,-1.225577
0.380000,-0.112925,0.006117,-0.100879,-0.546918,0.028420,-0.513238,-1.064868,0.044978,-1.210866
0.400000,-0.124073,0.006694,-0.111385,-0.567821,0.029288,-0.537308,-1.025459,0.041840,-1.196154
0.420000,-0.135632,0.007288,-0.122369,-0.587936,0.030093,-0.561084,-0.986049,0.038702,-1.181442
0.440000,-0.147586,0.007898,-0.133826,-0.607263,0.030836,-0.584566,-0.946640,0.035564,-1.166731
0.460000,-0.159918,0.008521,-0.145750,-0.625802,0.031516,-0.607753,-0.907231,0.032426,-1.152019
0.480000,-0.172612,0.009158,-0.158134,-0.643552,0.032133,-0.630646,-0.867821,0.029288,-1.137308
0.500000,-0.185654,0.009806,-0.170974,-0.660515,0.032687,-0.653245,-0.828412,0.026150,-1.122596
0.520000,-0.199028,0.010465,-0.184262,-0.676689,0.033179,-0.675550,-0.789002,0.023012,-1.107885
0.540000,-0.212717,0.011133,-0.197994,-0.692075,0.033608,-0.697561,-0.749593,0.019874,-1.093173
0.560000,-0.226706,0.011809,-0.212163,-0.706673,0.033974,-0.719277,-0.710184,0.016736,-1.078462
0.580000,-0.240978,0.012491,-0.226763,-0.720482,0.034277,-0.740699,-0.670774,0.013598,-1.063750
0.600000,-0.255520,0.013179,-0.241789,-0.733504,0.034518,-0.761827,-0.631365,0.010460,-1.049039
0.620000,-0.270313,0.013872,-0.257234,-0.745737,0.034695,-0.782661,-0.591955,0.007322,-1.034327
0.640000,-0.285344,0.014567,-0.273093,-0.757182,0.034811,-0.803200,-0.552546,0.004184,-1.019615
0.660000,-0.300595,0.015264,-0.289360,-0.767839,0.034863,-0.823445,-0.513136,0.001046,-1.004904
0.680000,-0.316052,0.015961,-0.306029,-0.777707,0.034852,-0.843396,-0.473727,-0.002092,-0.990192
0.700000,-0.331698,0.016657,-0.323094,-0.786788,0.034779,-0.863053,-0.434318,-0.005230,-0.975481
0.720000,-0.347518,0.017352,-0.340549,-0.795080,0.034643,-0.882416,-0.394908,-0.008368,-0.960769
0.740000,-0.363496,0.018043,-0.358388,-0.802584,0.034444,-0.901484,-0.355499,-0.011506,-0.946058
0.760000,-0.379616,0.018729,-0.376606,-0.809300,0.034183,-0.920258,-0.316089,-0.014644,-0.931346
0.780000,-0.395863,0.019410,-0.395197,-0.815228,0.033859,-0.938738,-0.276680,-0.017782,-0.916635
0.800000,-0.412220,0.020083,-0.414154,-0.820367,0.033472,-0.956923,-0.237271,-0.020920,-0.901923
0.820000,-0.428672,0.020748,-0.433472,-0.824718,0.033022,-0.974815,-0.197861,-0.024058,-0.887211
0.840000,-0.445204,0.021403,-0.453145,-0.828282,0.032509,-0.992412,-0.158452,-0.027196,-0.872500
0.860000,-0.461798,0.022048,-0.473166,-0.831057,0.031934,-1.009715,-0.119042,-0.030334,-0.857788
0.880000,-0.478441,0.022680,-0.493531,-0.833043,0.031296,-1.026723,-0.079633,-0.033472,-0.843077
0.900000,-0.495115,0.023299,-0.514233,-0.834242,0.030595,-1.043438,-0.040223,-0.036610,-0.828365
0.920000,-0.511805,0.023904,-0.535267,-0.834652,0.029832,-1.059858,-0.000814,-0.039748,-0.813654
0.940000,-0.528496,0.024492,-0.556626,-0.834274,0.029005,-1.075984,0.038595,-0.042886,-0.798942
0.960000,-0.545171,0.025064,-0.578304,-0.833108,0.028116,-1.091816,0.078005,-0.046024,-0.784231
0.980000,-0.561815,0.025616,-0.600296,-0.831154,0.027164,-1.107353,0.117414,-0.049162,-0.769519
1.000000,-0.578412,0.026150,-0.622596,-0.828412,0.026150,-1.122596,0.156824,-0.052299,-0.754807
1.020000,-0.594946,0.026662,-0.645198,-0.824881,0.025072,-1.137545,0.196233,-0.055437,-0.740096
1.040000,-0.611402,0.027152,-0.668096,-0.820562,0.023932,-1.152200,0.235642,-0.058575,-0.725384
1.060000,-0.627763,0.027619,-0.691284,-0.815456,0.022729,-1.166561,0.275052,-0.061713,-0.710673
1.080000,-0.644015,0.028061,-0.714757,-0.809560,0.021464,-1.180627,0.314461,-0.064851,-0.695961
1.100000,-0.660140,0.028477,-0.738507,-0.802877,0.020135,-1.194399,0.353871,-0.067989,-0.681250
1.120000,-0.676125,0.028866,-0.762531,-0.795406,0.018744,-1.207877,0.393280,-0.071127,-0.666538
1.140000,-0.691951,0.029226,-0.786820,-0.787146,0.017290,-1.221061,0.432690,-0.074265,-0.651827
1.160000,-0.707605,0.029557,-0.811371,-0.778098,0.015774,-1.233950,0.472099,-0.077403,-0.637115
1.180000,-0.723070,0.029857,-0.836177,-0.768262,0.014194,-1.246545,0.511508,-0.080541,-0.622403
1.200000,-0.738330,0.030125,-0.861231,-0.757638,0.012552,-1.258846,0.550918,-0.083679,-0.607692
1.220000,-0.753370,0.030359,-0.886528,-0.746225,0.010847,-1.270853,0.590327,-0.086817,-0.592980
1.240000,-0.768174,0.030558,-0.912063,-0.734025,0.009079,-1.282565,0.629737,-0.089955,-0.578269
1.260000,-0.782726,0.030721,-0.937829,-0.721036,0.007249,-1.293984,0.669146,-0.093093,-0.563557
1.280000,-0.797010,0.030847,-0.963820,-0.707259,0.005355,-1.305108,0.708555,-0.096231,-0.548846
1.300000,-0.811011,0.030935,-0.990031,-0.692694,0.003399,-1.315938,0.747965,-0.099369,-0.534134
1.320000,-0.824713,0.030983,-1.016456,-0.677340,0.001381,-1.326473,0.787374,-0.102507,-0.519423
1.340000,-0.838100,0.030990,-1.043088,-0.661199,-0.000701,-1.336714,0.826784,-0.105645,-0.504711
1.360000,-0.851156,0.030955,-1.069923,-0.644269,-0.002845,-1.346662,0.866193,-0.108783,-0.489999
1.380000,-0.863865,0.030876,-1.096953,-0.626551,-0.005052,-1.356314,0.905603,-0.111921,-0.475288
1.400000,-0.876212,0.030752,-1.124173,-0.608045,-0.007322,-1.365673,0.945012,-0.115059,-0.460576
1.420000,-0.888182,0.030582,-1.151578,-0.588750,-0.009654,-1.374737,0.984421,-0.118197,-0.445865
1.440000,-0.899757,0.030365,-1.179161,-0.568668,-0.012050,-1.383508,1.023831,-0.121335,-0.431153
1.460000,-0.910923,0.030100,-1.206916,-0.547797,-0.014508,-1.391984,1.063240,-0.124473,-0.416442
1.480000,-0.921664,0.029785,-1.234838,-0.526138,-0.017029,-1.400165,1.102650,-0.127611,-0.401730
1.500000,-0.931963,0.029418,-1.262921,-0.503691,-0.019612,-1.408053,1.142059,-0.130749,-0.387019
1.520000,-0.941806,0.029000,-1.291158,-0.480456,-0.022259,-1.415646,1.181468,-0.133887,-0.372307
1.540000,-0.951176,0.028528,-1.319545,-0.456432,-0.024968,-1.422945,1.220878,-0.137025,-0.357596
1.560000,-0.960058,0.028001,-1.348074,-0.431621,-0.027740,-1.429950,1.260287,-0.140163,-0.342884
1.580000,-0.968436,0.027418,-1.376741,-0.406021,-0.030574,-1.436660,1.299697,-0.143301,-0.328172
1.600000,-0.976294,0.026777,-1.405539,-0.379633,-0.033472,-1.443077,1.339106,-0.146439,-0.313461
1.620000,-0.983616,0.026078,-1.434462,-0.352457,-0.036432,-1.449199,1.378516,-0.149577,-0.298749
1.640000,-0.990387,0.025320,-1.463505,-0.324492,-0.039455,-1.455027,1.417925,-0.152714,-0.284038
1.660000,-0.996590,0.024500,-1.492661,-0.295740,-0.042540,-1.460560,1.457334,-0.155852,-0.269326
1.680000,-1.002211,0.023618,-1.521925,-0.266199,-0.045689,-1.465800,1.496744,-0.158990,-0.254615
1.700000,-1.007233,0.022672,-1.551291,-0.235870,-0.048900,-1.470745,1.536153,-0.162128,-0.239903
1.720000,-1.011641,0.021661,-1.580753,-0.204753,-0.052174,-1.475396,1.575563,-0.165266,-0.225192
1.740000,-1.015418,0.020584,-1.610305,-0.172847,-0.055511,-1.479753,1.614972,-0.168404,-0.210480
1.760000,-1.018549,0.019440,-1.639941,-0.140154,-0.058910,-1.483815,1.654381,-0.171542,-0.195768
1.780000,-1.021019,0.018228,-1.669655,-0.106672,-0.062372,-1.487583,1.693791,-0.174680,-0.181057
1.800000,-1.022811,0.016945,-1.699442,-0.072402,-0.065897,-1.491057,1.733200,-0.177818,-0.166345
1.820000,-1.023910,0.015591,-1.729296,-0.037344,-0.069485,-1.494237,1.772610,-0.180956,-0.151634
1.840000,-1.024299,0.014165,-1.759210,-0.001498,-0.073136,-1.497123,1.812019,-0.184094,-0.136922
1.860000,-1.023964,0.012665,-1.789179,0.035137,-0.076849,-1.499714,1.851429,-0.187232,-0.122211
1.880000,-1.022889,0.011091,-1.819197,0.072559,-0.080625,-1.502011,1.890838,-0.190370,-0.107499
1.900000,-1.021057,0.009440,-1.849257,0.110770,-0.084464,-1.504014,1.930247,-0.193508,-0.092788
1.920000,-1.018453,0.007712,-1.879355,0.149769,-0.088365,-1.505723,1.969657,-0.196646,-0.078076
1.940000,-1.015061,0.005905,-1.909484,0.189556,-0.092330,-1.507137,2.009066,-0.199784,-0.063364
1.960000,-1.010865,0.004018,-1.939639,0.230132,-0.096357,-1.508257,2.048476,-0.202922,-0.048653
1.980000,-1.005850,0.002050,-1.969813,0.271495,-0.100446,-1.509083,2.087885,-0.206060,-0.033941
2.000000,-1.000000,-0.000000,-2.000000,0.313647,-0.104599,-1.509615,2.127294,-0.209198,-0.019230
2.020000,-0.993304,-0.002134,-2.030194,0.355761,-0.108839,-1.509691,2.084066,-0.214784,0.011636
2.040000,-0.985775,-0.004354,-2.060384,0.397010,-0.113190,-1.509149,2.040838,-0.220370,0.042501
2.060000,-0.977430,-0.006663,-2.090556,0.437394,-0.117654,-1.507991,1.997610,-0.225956,0.073366
2.080000,-0.968285,-0.009061,-2.120699,0.476914,-0.122229,-1.506215,1.954381,-0.231542,0.104232
2.100000,-0.958359,-0.011552,-2.150800,0.515570,-0.126915,-1.503822,1.911153,-0.237128,0.135097
2.120000,-0.947668,-0.014139,-2.180848,0.553360,-0.131714,-1.500811,1.867925,-0.242714,0.165962
2.140000,-0.936230,-0.016822,-2.210829,0.590287,-0.136624,-1.497183,1.824697,-0.248301,0.196828
2.160000,-0.924063,-0.019604,-2.240731,0.626348,-0.141646,-1.492938,1.781468,-0.253887,0.227693
2.180000,-0.911182,-0.022488,-2.270542,0.661545,-0.146779,-1.488075,1.738240,-0.259473,0.258558
2.200000,-0.897607,-0.025476,-2.300250,0.695878,-0.152025,-1.482596,1.695012,-0.265059,0.289424
2.220000,-0.883353,-0.028570,-2.329842,0.729346,-0.157382,-1.476498,1.651784,-0.270645,0.320289
2.240000,-0.868438,-0.031772,-2.359306,0.761949,-0.162850,-1.469784,1.608555,-0.276231,0.351154
2.260000,-0.852881,-0.035085,-2.388629,0.793688,-0.168431,-1.462452,1.565327,-0.281817,0.382020
2.280000,-0.836697,-0.038510,-2.417800,0.824562,-0.174123,-1.454503,1.522099,-0.287403,0.412885
2.300000,-0.819904,-0.042050,-2.446805,0.854572,-0.179927,-1.445937,1.478871,-0.292989,0.443750
2.320000,-0.802520,-0.045708,-2.475633,0.883717,-0.185843,-1.436753,1.435642,-0.298575,0.474616
2.340000,-0.784561,-0.049485,-2.504271,0.911998,-0.191870,-1.426952,1.392414,-0.304162,0.505481
2.360000,-0.766045,-0.053384,-2.532707,0.939414,-0.198009,-1.416534,1.349186,-0.309748,0.536346
2.380000,-0.746990,-0.057406,-2.560928,0.965965,-0.204260,-1.405498,1.305958,-0.315334,0.567212
2.400000,-0.727413,-0.061555,-2.588923,0.991652,-0.210623,-1.393845,1.262729,-0.320920,0.598077
2.420000,-0.707330,-0.065832,-2.616678,1.016474,-0.217097,-1.381575,1.219501,-0.326506,0.628942
2.440000,-0.686759,-0.070239,-2.644182,1.040432,-0.223683,-1.368688,1.176273,-0.332092,0.659808
2.460000,-0.665718,-0.074780,-2.671421,1.063525,-0.230380,-1.355183,1.133045,-0.337678,0.690673
2.480000,-0.644224,-0.079455,-2.698385,1.085754,-0.237190,-1.341061,1.089816,-0.343264,0.721538
2.500000,-0.622294,-0.084268,-2.725060,1.107118,-0.244111,-1.326321,1.046588,-0.348850,0.752404
2.520000,-0.599945,-0.089220,-2.751434,1.127617,-0.251144,-1.310965,1.003360,-0.354436,0.783269
2.540000,-0.577195,-0.094315,-2.777494,1.147252,-0.258288,-1.294991,0.960132,-0.360022,0.814134
2.560000,-0.554061,-0.099553,-2.803229,1.166023,-0.265545,-1.278399,0.916903,-0.365609,0.845000
2.580000,-0.530560,-0.104937,-2.828626,1.183928,-0.272913,-1.261191,0.873675,-0.371195,0.875865
2.600000,-0.506709,-0.110470,-2.853673,1.200970,-0.280393,-1.243365,0.830447,-0.376781,0.906730
2.620000,-0.482527,-0.116154,-2.878357,1.217146,-0.287984,-1.224921,0.787219,-0.382367,0.937596
2.640000,-0.458029,-0.121990,-2.902665,1.232458,-0.295687,-1.205861,0.743990,-0.387953,0.968461
2.660000,-0.433234,-0.127982,-2.926587,1.246906,-0.303502,-1.186183,0.700762,-0.393539,0.999326
2.680000,-0.408159,-0.134131,-2.950109,1.260489,-0.311429,-1.165888,0.657534,-0.399125,1.030192
2.700000,-0.382821,-0.140440,-2.973218,1.273207,-0.319467,-1.144975,0.614306,-0.404711,1.061057
2.720000,-0.357236,-0.146910,-2.995904,1.285061,-0.327617,-1.123446,0.571077,-0.410297,1.091922
2.740000,-0.331424,-0.153545,-3.018152,1.296050,-0.335879,-1.101298,0.527849,-0.415883,1.122788
2.760000,-0.305400,-0.160346,-3.039951,1.306175,-0.344253,-1.078534,0.484621,-0.421469,1.153653
2.780000,-0.279183,-0.167316,-3.061289,1.315435,-0.352738,-1.055152,0.441393,-0.427056,1.184518
2.800000,-0.252789,-0.174457,-3.082153,1.323831,-0.361335,-1.031153,0.398164,-0.432642,1.215384
2.820000,-0.226235,-0.181770,-3.102531,1.331362,-0.370043,-1.006537,0.354936,-0.438228,1.246249
2.840000,-0.199540,-0.189259,-3.122411,1.338028,-0.378864,-0.981303,0.311708,-0.443814,1.277115
2.860000,-0.172720,-0.196925,-3.141779,1.343830,-0.387796,-0.955452,0.268480,-0.449400,1.307980
2.880000,-0.145792,-0.204772,-3.160625,1.348767,-0.396840,-0.928984,0.225251,-0.454986,1.338845
2.900000,-0.118775,-0.212800,-3.178935,1.352840,-0.405995,-0.901899,0.182023,-0.460572,1.369711
2.920000,-0.091685,-0.221012,-3.196696,1.356048,-0.415263,-0.874196,0.138795,-0.466158,1.400576
2.940000,-0.064539,-0.229411,-3.213898,1.358392,-0.424642,-0.845876,0.095567,-0.471744,1.431441
2.960000,-0.037355,-0.237999,-3.230527,1.359871,-0.434133,-0.816938,0.052338,-0.477330,1.462307
2.980000,-0.010150,-0.246777,-3.246572,1.360486,-0.443735,-0.787383,0.009110,-0.482917,1.493172
3.000000,0.017059,-0.255749,-3.262019,1.360235,-0.453449,-0.757211,-0.034118,-0.488503,1.524037
3.020000,0.044254,-0.264916,-3.276856,1.359121,-0.463275,-0.726422,-0.077346,-0.494089,1.554903
3.040000,0.071418,-0.274280,-3.291071,1.357142,-0.473213,-0.695015,-0.120575,-0.499675,1.585768
3.060000,0.098534,-0.283845,-3.304652,1.354298,-0.483262,-0.662991,-0.163803,-0.505261,1.616633
3.080000,0.125584,-0.293612,-3.317587,1.350589,-0.493423,-0.630350,-0.207031,-0.510847,1.647499
3.100000,0.152552,-0.303583,-3.329862,1.346017,-0.503696,-0.597091,-0.250259,-0.516433,1.678364
3.120000,0.179419,-0.313760,-3.341466,1.340579,-0.514081,-0.563215,-0.293488,-0.522019,1.709229
3.140000,0.206169,-0.324147,-3.352387,1.334277,-0.524577,-0.528722,-0.336716,-0.527605,1.740095
3.160000,0.232784,-0.334744,-3.362611,1.327110,-0.535185,-0.493611,-0.379944,-0.533191,1.770960
3.180000,0.259248,-0.345555,-3.372127,1.319079,-0.545904,-0.457884,-0.423172,-0.538777,1.801825
3.200000,0.285542,-0.356581,-3.380922,1.310184,-0.556736,-0.421538,-0.466401,-0.544364,1.832691
3.220000,0.311649,-0.367825,-3.388985,1.300423,-0.567679,-0.384576,-0.509629,-0.549950,1.863556
3.240000,0.337553,-0.379289,-3.396301,1.289798,-0.578734,-0.346996,-0.552857,-0.555536,1.894421
3.260000,0.363236,-0.390975,-3.402860,1.278309,-0.589900,-0.308799,-0.596085,-0.561122,1.925287
3.280000,0.388680,-0.402886,-3.408649,1.265955,-0.601179,-0.269985,-0.639314,-0.566708,1.956152
3.300000,0.413868,-0.415023,-3.413656,1.252736,-0.612569,-0.230553,-0.682542,-0.572294,1.987017
3.320000,0.438783,-0.427389,-3.417867,1.238653,-0.624070,-0.190504,-0.725770,-0.577880,2.017883
3.340000,0.463408,-0.439987,-3.421272,1.223706,-0.635684,-0.149838,-0.768998,-0.583466,2.048748
3.360000,0.487726,-0.452817,-3.423857,1.207893,-0.647409,-0.108554,-0.812227,-0.589052,2.079613
3.380000,0.511718,-0.465884,-3.425610,1.191217,-0.659246,-0.066653,-0.855455,-0.594638,2.110479
3.400000,0.535369,-0.479188,-3.426519,1.173675,-0.671195,-0.024135,-0.898683,-0.600224,2.141344
3.420000,0.558660,-0.492732,-3.426571,1.155269,-0.683255,0.019001,-0.941911,-0.605811,2.172209
3.440000,0.581574,-0.506519,-3.425754,1.135999,-0.695427,0.062753,-0.985140,-0.611397,2.203075
3.460000,0.604094,-0.520550,-3.424057,1.115864,-0.707711,0.107124,-1.028368,-0.616983,2.233940
3.480000,0.626203,-0.534828,-3.421465,1.094864,-0.720106,0.152111,-1.071596,-0.622569,2.264805
3.500000,0.647883,-0.549355,-3.417968,1.073000,-0.732614,0.197716,-1.114824,-0.628155,2.295671
3.520000,0.669117,-0.564133,-3.413553,1.050271,-0.745233,0.243938,-1.158053,-0.633741,2.326536
3.540000,0.689888,-0.579165,-3.408207,1.026678,-0.757963,0.290777,-1.201281,-0.639327,2.357401
3.560000,0.710178,-0.594453,-3.401917,1.002220,-0.770806,0.338234,-1.244509,-0.644913,2.388267
3.580000,0.729971,-0.609998,-3.394673,0.976897,-0.783760,0.386308,-1.287737,-0.650499,2.419132
3.600000,0.749248,-0.625804,-3.386461,0.950710,-0.796826,0.434999,-1.330966,-0.656085,2.449997
3.620000,0.767993,-0.641872,-3.377269,0.923659,-0.810003,0.484308,-1.374194,-0.661671,2.480863
3.640000,0.786189,-0.658205,-3.367085,0.895743,-0.823292,0.534234,-1.417422,-0.667258,2.511728
3.660000,0.803817,-0.674804,-3.355895,0.866962,-0.836693,0.584777,-1.460650,-0.672844,2.542593
3.680000,0.820861,-0.691673,-3.343689,0.837317,-0.850206,0.635937,-1.503879,-0.678430,2.573459
3.700000,0.837304,-0.708813,-3.330454,0.806807,-0.863831,0.687715,-1.547107,-0.684016,2.604324
3.720000,0.853128,-0.726227,-3.316177,0.775432,-0.877567,0.740110,-1.590335,-0.689602,2.635189
3.740000,0.868316,-0.743917,-3.300845,0.743193,-0.891415,0.793123,-1.633563,-0.695188,2.666055
3.760000,0.882850,-0.761884,-3.284448,0.710090,-0.905374,0.846753,-1.676792,-0.700774,2.696920
3.780000,0.896714,-0.780132,-3.266971,0.676122,-0.919446,0.901000,-1.720020,-0.706360,2.727786
3.800000,0.909889,-0.798663,-3.248404,0.641289,-0.933629,0.955864,-1.763248,-0.711946,2.758651
3.820000,0.922359,-0.817478,-3.228732,0.605592,-0.947924,1.011346,-1.806476,-0.717532,2.789516
3.840000,0.934107,-0.836581,-3.207946,0.569030,-0.962330,1.067445,-1.849705,-0.723119,2.820382
3.860000,0.945115,-0.855972,-3.186031,0.531603,-0.976848,1.124161,-1.892933,-0.728705,2.851247
3.880000,0.955365,-0.875655,-3.162975,0.493313,-0.991478,1.181495,-1.936161,-0.734291,2.882112
3.900000,0.964841,-0.895632,-3.138767,0.454157,-1.006220,1.239445,-1.979389,-0.739877,2.912978
3.920000,0.973526,-0.915905,-3.113393,0.414137,-1.021073,1.298014,-2.022618,-0.745463,2.943843
3.940000,0.981401,-0.936476,-3.086842,0.373252,-1.036038,1.357199,-2.065846,-0.751049,2.974708
3.960000,0.988450,-0.957347,-3.059101,0.331503,-1.051115,1.417002,-2.109074,-0.756635,3.005574
3.980000,0.994656,-0.978521,-3.030158,0.288889,-1.066304,1.477422,-2.152302,-0.762221,3.036439
4.000000,1.000000,-1.000000,-3.000000,0.245411,-1.081604,1.538460,-2.195531,-0.767807,3.067304
4.020000,1.004479,-1.021771,-2.968627,0.202957,-1.094824,1.598340,-2.049864,-0.554145,2.920767
4.040000,1.008138,-1.043764,-2.936086,0.163416,-1.103770,1.655290,-1.904198,-0.340484,2.774230
4.060000,1.011035,-1.065894,-2.902435,0.126789,-1.108443,1.709309,-1.758532,-0.126822,2.627693
4.080000,1.013229,-1.088074,-2.867733,0.093075,-1.108843,1.760398,-1.612865,0.086840,2.481156
4.100000,1.014777,-1.110219,-2.832039,0.062275,-1.104969,1.808556,-1.467199,0.300502,2.334619
4.120000,1.015739,-1.132244,-2.795410,0.034387,-1.096823,1.853783,-1.321532,0.514164,2.188082
4.140000,1.016172,-1.154063,-2.757907,0.009413,-1.084403,1.896079,-1.175866,0.727826,2.041545
4.160000,1.016135,-1.175592,-2.719587,-0.012647,-1.067710,1.935445,-1.030199,0.941488,1.895007
4.180000,1.015686,-1.196743,-2.680509,-0.031795,-1.046743,1.971879,-0.884533,1.155149,1.748470
4.200000,1.014883,-1.217433,-2.640731,-0.048029,-1.021504,2.005383,-0.738867,1.368811,1.601933
4.220000,1.013784,-1.237575,-2.600313,-0.061349,-0.991991,2.035957,-0.593200,1.582473,1.455396
4.240000,1.012448,-1.257084,-2.559312,-0.071757,-0.958205,2.063599,-0.447534,1.796135,1.308859
4.260000,1.010933,-1.275875,-2.517788,-0.079251,-0.920146,2.088311,-0.301867,2.009797,1.162322
4.280000,1.009298,-1.293861,-2.475800,-0.083831,-0.877813,2.110092,-0.156201,2.223459,1.015785
4.300000,1.007599,-1.310959,-2.433404,-0.085499,-0.831207,2.128942,-0.010535,2.437120,0.869248
4.320000,1.005897,-1.327081,-2.390661,-0.084253,-0.780328,2.144862,0.135132,2.650782,0.722711
4.340000,1.004249,-1.342143,-2.347629,-0.080094,-0.725176,2.157851,0.280798,2.864444,0.576173
4.360000,1.002713,-1.356060,-2.304367,-0.073021,-0.665750,2.167909,0.426465,3.078106,0.429636
4.380000,1.001347,-1.368745,-2.260933,-0.063035,-0.602052,2.175036,0.572131,3.291768,0.283099
4.400000,1.000211,-1.380113,-2.217385,-0.050136,-0.534080,2.179233,0.717797,3.505430,0.136562
4.420000,0.999361,-1.390080,-2.173783,-0.034323,-0.461834,2.180499,0.863464,3.719092,-0.009975
4.440000,0.998857,-1.398558,-2.130185,-0.015597,-0.385316,2.178834,1.009130,3.932753,-0.156512
4.460000,0.998757,-1.405464,-2.086649,0.006042,-0.304524,2.174238,1.154797,4.146415,-0.303049
4.480000,0.999118,-1.410711,-2.043235,0.030595,-0.219459,2.166712,1.300463,4.360077,-0.449586
4.500000,1.000000,-1.414214,-2.000000,0.058061,-0.130121,2.156255,1.446129,4.573739,-0.596123
4.520000,1.001437,-1.415907,-1.956994,0.084969,-0.039534,2.144298,1.244725,4.484993,-0.599591
4.540000,1.003372,-1.415807,-1.914229,0.107850,0.049278,2.132271,1.043320,4.396248,-0.603058
4.560000,1.005724,-1.413948,-1.871704,0.126702,0.136316,2.120175,0.841915,4.307503,-0.606526
4.580000,1.008413,-1.410366,-1.829422,0.141526,0.221579,2.108010,0.640511,4.218757,-0.609993
4.600000,1.011358,-1.405097,-1.787384,0.152322,0.305066,2.095776,0.439106,4.130012,-0.613461
4.620000,1.014479,-1.398175,-1.745591,0.159091,0.386779,2.083472,0.237701,4.041266,-0.616928
4.640000,1.017695,-1.389637,-1.704046,0.161831,0.466717,2.071098,0.036297,3.952521,-0.620396
4.660000,1.020926,-1.379518,-1.662748,0.160542,0.544880,2.058656,-0.165108,3.863775,-0.623863
4.680000,1.024090,-1.367854,-1.621700,0.155226,0.621268,2.046144,-0.366512,3.775030,-0.627331
4.700000,1.027108,-1.354679,-1.580903,0.145882,0.695881,2.033563,-0.567917,3.686284,-0.630798
4.720000,1.029898,-1.340030,-1.540358,0.132510,0.768719,2.020912,-0.769322,3.597539,-0.634266
4.740000,1.032381,-1.323942,-1.500067,0.115109,0.839783,2.008192,-0.970726,3.508793,-0.637733
4.760000,1.034476,-1.306451,-1.460031,0.093680,0.909071,1.995403,-1.172131,3.420048,-0.641201
4.780000,1.036102,-1.287591,-1.420251,0.068224,0.976585,1.982544,-1.373536,3.331303,-0.644668
4.800000,1.037178,-1.267399,-1.380729,0.038739,1.042323,1.969616,-1.574940,3.242557,-0.648136
4.820000,1.037624,-1.245910,-1.341467,0.005226,1.106287,1.956619,-1.776345,3.153812,-0.651603
4.840000,1.037360,-1.223160,-1.302465,-0.032315,1.168476,1.943552,-1.977750,3.065066,-0.655071
4.860000,1.036305,-1.199183,-1.263725,-0.073884,1.228889,1.930416,-2.179154,2.976321,-0.658538
4.880000,1.034378,-1.174016,-1.225249,-0.119481,1.287528,1.917210,-2.380559,2.887575,-0.662006
4.900000,1.031499,-1.147694,-1.187037,-0.169106,1.344393,1.903935,-2.581964,2.798830,-0.665473
4.920000,1.027587,-1.120252,-1.149092,-0.222759,1.399482,1.890591,-2.783368,2.710084,-0.668941
4.940000,1.022562,-1.091726,-1.111414,-0.280441,1.452796,1.877178,-2.984773,2.621339,-0.672408
4.960000,1.016342,-1.062152,-1.074005,-0.342150,1.504335,1.863695,-3.186178,2.532593,-0.675876
4.980000,1.008849,-1.031565,-1.036867,-0.407888,1.554100,1.850143,-3.387582,2.443848,-0.679343
5.000000,1.000000,-1.000000,-1.000000,-0.477654,1.602089,1.836521,-3.588987,2.355103,-0.682811
5.020000,0.989742,-0.967493,-0.963418,-0.547499,1.648275,1.821148,-3.395556,2.263487,-0.854550
5.040000,0.978126,-0.934081,-0.927177,-0.613476,1.692629,1.802339,-3.202125,2.171872,-1.026290
5.060000,0.965229,-0.899800,-0.891347,-0.675584,1.735150,1.780096,-3.008694,2.080257,-1.198029
5.080000,0.951128,-0.864687,-0.855996,-0.733824,1.775839,1.754418,-2.815263,1.988642,-1.369769
5.100000,0.935902,-0.828779,-0.821193,-0.788195,1.814696,1.725305,-2.621832,1.897027,-1.541508
5.120000,0.919626,-0.792112,-0.787007,-0.838697,1.851720,1.692758,-2.428400,1.805412,-1.713247
5.140000,0.902380,-0.754722,-0.753506,-0.885331,1.886912,1.656775,-2.234969,1.713797,-1.884987
5.160000,0.884239,-0.716648,-0.720759,-0.928096,1.920272,1.617358,-2.041538,1.622182,-2.056726
5.180000,0.865281,-0.677924,-0.688834,-0.966992,1.951799,1.574506,-1.848107,1.530567,-2.228466
5.200000,0.845585,-0.638588,-0.657801,-1.002020,1.981495,1.528220,-1.654676,1.438952,-2.400205
5.220000,0.825226,-0.598676,-0.627728,-1.033179,2.009357,1.478498,-1.461245,1.347337,-2.571945
5.240000,0.804284,-0.558226,-0.598684,-1.060470,2.035388,1.425342,-1.267814,1.255721,-2.743684
5.260000,0.782833,-0.517273,-0.570738,-1.083892,2.059586,1.368751,-1.074383,1.164106,-2.915423
5.280000,0.760954,-0.475854,-0.543957,-1.103445,2.081952,1.308725,-0.880952,1.072491,-3.087163
5.300000,0.738721,-0.434007,-0.518411,-1.119130,2.102486,1.245264,-0.687521,0.980876,-3.258902
5.320000,0.716214,-0.391767,-0.494169,-1.130946,2.121187,1.178369,-0.494089,0.889261,-3.430642
5.340000,0.693509,-0.349172,-0.471300,-1.138893,2.138056,1.108039,-0.300658,0.797646,-3.602381
5.360000,0.670684,-0.306257,-0.449871,-1.142972,2.153093,1.034274,-0.107227,0.706031,-3.774121
5.380000,0.647816,-0.263060,-0.429952,-1.143183,2.166298,0.957074,0.086204,0.614416,-3.945860
5.400000,0.624983,-0.219618,-0.411611,-1.139524,2.177670,0.876439,0.279635,0.522801,-4.117599
5.420000,0.602261,-0.175966,-0.394917,-1.131997,2.187210,0.792370,0.473066,0.431186,-4.289339
5.440000,0.579729,-0.132141,-0.379939,-1.120601,2.194917,0.704866,0.666497,0.339571,-4.461078
5.460000,0.557463,-0.088181,-0.366745,-1.105337,2.200792,0.613927,0.859928,0.247955,-4.632818
5.480000,0.535541,-0.044122,-0.355405,-1.086204,2.204835,0.519553,1.053359,0.156340,-4.804557
5.500000,0.514040,0.000000,-0.345986,-1.063203,2.207046,0.421744,1.246790,0.064725,-4.976297
5.520000,0.493031,0.044147,-0.338537,-1.037471,2.207269,0.323696,1.326416,-0.042424,-4.828502
5.540000,0.472552,0.088276,-0.333018,-1.010146,2.205349,0.228604,1.406043,-0.149573,-4.680707
5.560000,0.452636,0.132346,-0.329373,-0.981229,2.201286,0.136468,1.485669,-0.256722,-4.532912
5.580000,0.433314,0.176314,-0.327540,-0.950719,2.195080,0.047288,1.565295,-0.363871,-4.385117
5.600000,0.414618,0.220135,-0.327461,-0.918617,2.186731,-0.038937,1.644921,-0.471021,-4.237322
5.620000,0.396580,0.263769,-0.329078,-0.884923,2.176239,-0.122205,1.724547,-0.578170,-4.089527
5.640000,0.379231,0.307171,-0.332330,-0.849635,2.163605,-0.202518,1.804173,-0.685319,-3.941732
5.660000,0.362605,0.350298,-0.337159,-0.812756,2.148827,-0.279874,1.883799,-0.792468,-3.793937
5.680000,0.346732,0.393109,-0.343505,-0.774283,2.131906,-0.354275,1.963426,-0.899617,-3.646142
5.700000,0.331644,0.435560,-0.351310,-0.734219,2.112842,-0.425720,2.043052,-1.006766,-3.498347
5.720000,0.317374,0.477609,-0.360514,-0.692561,2.091635,-0.494209,2.122678,-1.113915,-3.350552
5.740000,0.303952,0.519212,-0.371059,-0.649312,2.068285,-0.559742,2.202304,-1.221065,-3.202757
5.760000,0.291412,0.560326,-0.382884,-0.604469,2.042793,-0.622319,2.281930,-1.328214,-3.054962
5.780000,0.279784,0.600909,-0.395932,-0.558034,2.015157,-0.681940,2.361556,-1.435363,-2.907167
5.800000,0.269101,0.640918,-0.410142,-0.510007,1.985378,-0.738606,2.441182,-1.542512,-2.759372
5.820000,0.259394,0.680310,-0.425456,-0.460387,1.953456,-0.792315,2.520809,-1.649661,-2.611577
5.840000,0.250696,0.719042,-0.441815,-0.409175,1.919392,-0.843069,2.600435,-1.756810,-2.463782
5.860000,0.243038,0.757071,-0.459159,-0.356370,1.883184,-0.890867,2.680061,-1.863960,-2.315987
5.880000,0.236452,0.794355,-0.477430,-0.301972,1.844833,-0.935708,2.759687,-1.971109,-2.168192
5.900000,0.230970,0.830850,-0.496568,-0.245982,1.804340,-0.977594,2.839313,-2.078258,-2.020397
5.920000,0.226623,0.866514,-0.516514,-0.188400,1.761703,-1.016524,2.918939,-2.185407,-1.872602
5.940000,0.223444,0.901304,-0.537209,-0.129225,1.716923,-1.052498,2.998565,-2.292556,-1.724807
5.960000,0.221465,0.935177,-0.558594,-0.068457,1.670001,-1.085517,3.078192,-2.399705,-1.577012
5.980000,0.220717,0.968090,-0.580610,-0.006097,1.620935,-1.115579,3.157818,-2.506854,-1.429217
6.000000,0.221232,1.000000,-0.603198,0.057856,1.569727,-1.142685,3.237444,-2.614004,-1.281422
6.020000,0.223032,1.030869,-0.626299,0.121961,1.517025,-1.166934,3.173071,-2.656147,-1.143436
6.040000,0.226102,1.060675,-0.649857,0.184779,1.463481,-1.188423,3.108699,-2.698290,-1.005451
6.060000,0.230415,1.089403,-0.673817,0.246309,1.409093,-1.207152,3.044326,-2.740433,-0.867465
6.080000,0.235945,1.117033,-0.698124,0.306552,1.353863,-1.223121,2.979953,-2.782577,-0.729479
6.100000,0.242668,1.143551,-0.722724,0.365507,1.297790,-1.236331,2.915581,-2.824720,-0.591493
6.120000,0.250557,1.168939,-0.747559,0.423175,1.240874,-1.246781,2.851208,-2.866863,-0.453508
6.140000,0.259586,1.193181,-0.772576,0.479555,1.183116,-1.254471,2.786836,-2.909006,-0.315522
6.160000,0.269731,1.216259,-0.797720,0.534648,1.124514,-1.259402,2.722463,-2.951150,-0.177536
6.180000,0.280964,1.238156,-0.822934,0.588454,1.065070,-1.261573,2.658090,-2.993293,-0.039551
6.200000,0.293260,1.258856,-0.848164,0.640972,1.004783,-1.260984,2.593718,-3.035436,0.098435
6.220000,0.306594,1.278341,-0.873355,0.692202,0.943652,-1.257635,2.529345,-3.077580,0.236421
6.240000,0.320940,1.296596,-0.898451,0.742146,0.881679,-1.251527,2.464973,-3.119723,0.374407
6.260000,0.336271,1.313603,-0.923398,0.790801,0.818863,-1.242659,2.400600,-3.161866,0.512392
6.280000,0.352563,1.329345,-0.948139,0.838170,0.755205,-1.231031,2.336227,-3.204009,0.650378
6.300000,0.369790,1.343806,-0.972621,0.884250,0.690703,-1.216644,2.271855,-3.246153,0.788364
6.320000,0.387925,1.356968,-0.996787,0.929044,0.625359,-1.199497,2.207482,-3.288296,0.926349
6.340000,0.406943,1.368814,-1.020582,0.972550,0.559171,-1.179590,2.143110,-3.330439,1.064335
6.360000,0.426818,1.379329,-1.043952,1.014768,0.492141,-1.156923,2.078737,-3.372583,1.202321
6.380000,0.447525,1.388494,-1.066841,1.055699,0.424268,-1.131497,2.014364,-3.414726,1.340307
6.400000,0.469037,1.396294,-1.089193,1.095343,0.355552,-1.103311,1.949992,-3.456869,1.478292
6.420000,0.491330,1.402711,-1.110955,1.133699,0.285993,-1.072365,1.885619,-3.499012,1.616278
6.440000,0.514377,1.407728,-1.132069,1.170768,0.215591,-1.038660,1.821246,-3.541156,1.754264
6.460000,0.538152,1.411329,-1.152483,1.206549,0.144347,-1.002195,1.756874,-3.583299,1.892249
6.480000,0.562630,1.413496,-1.172139,1.241042,0.072260,-0.962970,1.692501,-3.625442,2.030235
6.500000,0.587785,1.414214,-1.190983,1.274249,-0.000671,-0.920986,1.628129,-3.667585,2.168221
6.520000,0.613585,1.413469,-1.208968,1.305195,-0.073595,-0.877405,1.466511,-3.624798,2.189809
6.540000,0.639972,1.411275,-1.226076,1.332909,-0.145663,-0.833393,1.304892,-3.582011,2.211397
6.560000,0.666880,1.407649,-1.242300,1.357391,-0.216875,-0.788949,1.143274,-3.539224,2.232985
6.580000,0.694246,1.402606,-1.257631,1.378640,-0.287232,-0.744074,0.981656,-3.496437,2.254574
6.600000,0.722004,1.396165,-1.272061,1.396657,-0.356732,-0.698766,0.820038,-3.453649,2.276162
6.620000,0.750090,1.388343,-1.285579,1.411442,-0.425378,-0.653027,0.658420,-3.410862,2.297750
6.640000,0.778440,1.379156,-1.298179,1.422994,-0.493167,-0.606856,0.496802,-3.368075,2.319338
6.660000,0.806989,1.368622,-1.309851,1.431314,-0.560101,-0.560254,0.335184,-3.325288,2.340926
6.680000,0.835671,1.356757,-1.320586,1.436401,-0.626178,-0.513219,0.173566,-3.282501,2.362514
6.700000,0.864423,1.343580,-1.330376,1.438256,-0.691401,-0.465753,0.011947,-3.239714,2.384103
6.720000,0.893180,1.329107,-1.339213,1.436879,-0.755767,-0.417855,-0.149671,-3.196926,2.405691
6.740000,0.921877,1.313355,-1.347088,1.432270,-0.819278,-0.369526,-0.311289,-3.154139,2.427279
6.760000,0.950449,1.296342,-1.353991,1.424428,-0.881933,-0.320764,-0.472907,-3.111352,2.448867
6.780000,0.978832,1.278084,-1.359915,1.413353,-0.943732,-0.271571,-0.634525,-3.068565,2.470455
6.800000,1.006962,1.258598,-1.364851,1.399047,-1.004675,-0.221946,-0.796143,-3.025778,2.492044
6.820000,1.034773,1.237902,-1.368790,1.381508,-1.064763,-0.171889,-0.957761,-2.982990,2.513632
6.840000,1.062200,1.216013,-1.371724,1.360736,-1.123995,-0.121401,-1.119380,-2.940203,2.535220
6.860000,1.089180,1.192948,-1.373644,1.336732,-1.182371,-0.070480,-1.280998,-2.897416,2.556808
6.880000,1.115648,1.168724,-1.374540,1.309496,-1.239891,-0.019128,-1.442616,-2.854629,2.578396
6.900000,1.141539,1.143358,-1.374406,1.279028,-1.296556,0.032656,-1.604234,-2.811842,2.599984
6.920000,1.166788,1.116868,-1.373231,1.245327,-1.352365,0.084871,-1.765852,-2.769054,2.621573
6.940000,1.191330,1.089269,-1.371008,1.208394,-1.407318,0.137518,-1.927470,-2.726267,2.643161
6.960000,1.215102,1.060581,-1.367728,1.168228,-1.461416,0.190598,-2.089088,-2.683480,2.664749
6.980000,1.238038,1.030818,-1.363381,1.124830,-1.514658,0.244108,-2.250706,-2.640693,2.686337
7.000000,1.260074,1.000000,-1.357960,1.078200,-1.567044,0.298051,-2.412325,-2.597906,2.707925
7.020000,1.281150,0.968146,-1.351466,1.029152,-1.617962,0.350966,-2.492407,-2.493976,2.583552
7.040000,1.301229,0.935295,-1.343938,0.978504,-1.666803,0.401393,-2.572490,-2.390047,2.459178
7.060000,1.320279,0.901488,-1.335427,0.926253,-1.713564,0.449333,-2.652572,-2.286117,2.334805
7.080000,1.338268,0.866767,-1.325982,0.872401,-1.758247,0.494785,-2.732655,-2.182187,2.210431
7.100000,1.355165,0.831172,-1.315652,0.816947,-1.800852,0.537750,-2.812737,-2.078258,2.086058
7.120000,1.370936,0.794746,-1.304488,0.759891,-1.841378,0.578228,-2.892820,-1.974328,1.961685
7.140000,1.385549,0.757531,-1.292540,0.701234,-1.879825,0.616218,-2.972902,-1.870399,1.837311
7.160000,1.398974,0.719567,-1.279856,0.640975,-1.916194,0.651720,-3.052985,-1.766469,1.712938
7.180000,1.411178,0.680897,-1.266487,0.579115,-1.950484,0.684735,-3.133067,-1.662540,1.588564
7.200000,1.422128,0.641562,-1.252483,0.515652,-1.982695,0.715263,-3.213150,-1.558610,1.464191
7.220000,1.431793,0.601603,-1.237894,0.450589,-2.012828,0.743303,-3.293232,-1.454680,1.339817
7.240000,1.440141,0.561063,-1.222768,0.383923,-2.040882,0.768855,-3.373315,-1.350751,1.215444
7.260000,1.447139,0.519982,-1.207156,0.315656,-2.066858,0.791920,-3.453397,-1.246821,1.091070
7.280000,1.452757,0.478402,-1.191108,0.245787,-2.090755,0.812498,-3.533480,-1.142892,0.966697
7.300000,1.456960,0.436365,-1.174673,0.174317,-2.112574,0.830588,-3.613562,-1.038962,0.842323
7.320000,1.459719,0.393913,-1.157901,0.101245,-2.132314,0.846191,-3.693645,-0.935033,0.717950
7.340000,1.460999,0.351087,-1.140842,0.026571,-2.149975,0.859306,-3.773727,-0.831103,0.593576
7.360000,1.460771,0.307928,-1.123545,-0.049704,-2.165558,0.869934,-3.853810,-0.727173,0.469203
7.380000,1.459001,0.264478,-1.106061,-0.127581,-2.179062,0.878074,-3.933892,-0.623244,0.344829
7.400000,1.455657,0.220779,-1.088439,-0.207060,-2.190488,0.883727,-4.013975,-0.519314,0.220456
7.420000,1.450707,0.176873,-1.070728,-0.288140,-2.199834,0.886893,-4.094057,-0.415385,0.096083
7.440000,1.444121,0.132800,-1.052979,-0.370822,-2.207103,0.887571,-4.174140,-0.311455,-0.028291
7.460000,1.435864,0.088602,-1.035242,-0.455106,-2.212293,0.885761,-4.254222,-0.207526,-0.152664
7.480000,1.425906,0.044322,-1.017566,-0.540991,-2.215404,0.881464,-4.334305,-0.103596,-0.277038
7.500000,1.414214,0.000000,-1.000000,-0.628478,-2.216437,0.874680,-4.414387,0.000334,-0.401411
7.520000,1.400767,-0.044322,-0.982595,-0.715865,-2.215391,0.865431,-4.324278,0.104183,-0.523418
7.540000,1.385591,-0.088602,-0.965399,-0.801449,-2.212269,0.853743,-4.234170,0.208033,-0.645424
7.560000,1.368721,-0.132799,-0.948461,-0.885232,-2.207070,0.839614,-4.144061,0.311882,-0.767430
7.580000,1.350194,-0.176871,-0.931831,-0.967212,-2.199794,0.823046,-4.053952,0.415732,-0.889436
7.600000,1.330045,-0.220777,-0.915556,-1.047390,-2.190441,0.804037,-3.963843,0.519581,-1.011443
7.620000,1.308310,-0.264475,-0.899686,-1.125765,-2.179011,0.782588,-3.873734,0.623431,-1.133449
7.640000,1.285026,-0.307923,-0.884269,-1.202339,-2.165504,0.758699,-3.783625,0.727280,-1.255455
7.660000,1.260229,-0.351081,-0.869354,-1.277110,-2.149919,0.732370,-3.693516,0.831130,-1.377461
7.680000,1.233954,-0.393906,-0.854990,-1.350080,-2.132258,0.703600,-3.603407,0.934979,-1.499467
7.700000,1.206237,-0.436357,-0.841226,-1.421247,-2.112520,0.672391,-3.513298,1.038829,-1.621474
7.720000,1.177116,-0.478393,-0.828111,-1.490612,-2.090705,0.638741,-3.423189,1.142678,-1.743480
7.740000,1.146625,-0.519972,-0.815693,-1.558174,-2.066813,0.602652,-3.333080,1.246528,-1.865486
7.760000,1.114801,-0.561052,-0.804021,-1.623935,-2.040844,0.564122,-3.242971,1.350377,-1.987492
7.780000,1.081680,-0.601592,-0.793144,-1.687893,-2.012798,0.523152,-3.152862,1.454227,-2.109499
7.800000,1.047297,-0.641550,-0.783111,-1.750049,-1.982675,0.479742,-3.062753,1.558076,-2.231505
7.820000,1.011690,-0.680885,-0.773971,-1.810403,-1.950475,0.433892,-2.972644,1.661926,-2.353511
7.840000,0.974893,-0.719555,-0.765772,-1.868955,-1.916198,0.385602,-2.882535,1.765775,-2.475517
7.860000,0.936943,-0.757519,-0.758563,-1.925705,-1.879844,0.334871,-2.792427,1.869625,-2.597524
7.880000,0.897877,-0.794735,-0.752393,-1.980652,-1.841413,0.281701,-2.702318,1.973474,-2.719530
7.900000,0.857729,-0.831162,-0.747311,-2.033797,-1.800905,0.226090,-2.612209,2.077324,-2.841536
7.920000,0.816537,-0.866757,-0.743366,-2.085140,-1.758320,0.168039,-2.522100,2.181173,-2.963542
7.940000,0.774336,-0.901480,-0.740606,-2.134681,-1.713658,0.107548,-2.431991,2.285023,-3.085549
7.960000,0.731162,-0.935290,-0.739080,-2.182420,-1.666919,0.044617,-2.341882,2.388872,-3.207555
7.980000,0.687051,-0.968143,-0.738837,-2.228357,-1.618103,-0.020754,-2.251773,2.492722,-3.329561
8.000000,0.642040,-1.000000,-0.739926,-2.272491,-1.567210,-0.088565,-2.161664,2.596571,-3.451567
8.020000,0.596169,-1.030822,-0.742387,-2.314029,-1.514849,-0.157360,-1.992100,2.639599,-3.427882
8.040000,0.549501,-1.060588,-0.746218,-2.352175,-1.461626,-0.225680,-1.822537,2.682626,-3.404197
8.060000,0.502104,-1.089281,-0.751411,-2.386930,-1.407544,-0.293528,-1.652973,2.725653,-3.380512
8.080000,0.454046,-1.116884,-0.757956,-2.418294,-1.352600,-0.360901,-1.483410,2.768681,-3.356827
8.100000,0.405395,-1.143380,-0.765843,-2.446267,-1.296796,-0.427801,-1.313846,2.811708,-3.333142
8.120000,0.356218,-1.168750,-0.775065,-2.470848,-1.240132,-0.494227,-1.144282,2.854736,-3.309457
8.140000,0.306584,-1.192979,-0.785609,-2.492038,-1.182607,-0.560179,-0.974719,2.897763,-3.285772
8.160000,0.256559,-1.216049,-0.797469,-2.509837,-1.124221,-0.625657,-0.805155,2.940790,-3.262087
8.180000,0.206213,-1.237942,-0.810633,-2.524244,-1.064975,-0.690662,-0.635592,2.983818,-3.238402
8.200000,0.155612,-1.258642,-0.825092,-2.535260,-1.004869,-0.755194,-0.466028,3.026845,-3.214716
8.220000,0.104825,-1.278131,-0.840837,-2.542885,-0.943902,-0.819251,-0.296465,3.069873,-3.191031
8.240000,0.053919,-1.296392,-0.857859,-2.547119,-0.882074,-0.882835,-0.126901,3.112900,-3.167346
8.260000,0.002963,-1.313409,-0.876147,-2.547961,-0.819386,-0.945945,0.042663,3.155927,-3.143661
8.280000,-0.047976,-1.329162,-0.895693,-2.545412,-0.755837,-1.008581,0.212226,3.198955,-3.119976
8.300000,-0.098831,-1.343636,-0.916487,-2.539472,-0.691427,-1.070744,0.381790,3.241982,-3.096291
8.320000,-0.149533,-1.356814,-0.938520,-2.530141,-0.626157,-1.132433,0.551353,3.285010,-3.072606
8.340000,-0.200014,-1.368677,-0.961782,-2.517418,-0.560027,-1.193648,0.720917,3.328037,-3.048921
8.360000,-0.250207,-1.379209,-0.986263,-2.501304,-0.493036,-1.254390,0.890481,3.371065,-3.025236
8.380000,-0.300043,-1.388392,-1.011954,-2.481799,-0.425184,-1.314658,1.060044,3.414092,-3.001551
8.400000,-0.349456,-1.396210,-1.038846,-2.458902,-0.356472,-1.374452,1.229608,3.457119,-2.977866
8.420000,-0.398377,-1.402646,-1.066929,-2.432614,-0.286900,-1.433772,1.399171,3.500147,-2.954181
8.440000,-0.446738,-1.407681,-1.096194,-2.402935,-0.216466,-1.492619,1.568735,3.543174,-2.930495
8.460000,-0.494472,-1.411299,-1.126631,-2.369865,-0.145173,-1.550992,1.738299,3.586202,-2.906810
8.480000,-0.541510,-1.413482,-1.158230,-2.333403,-0.073018,-1.608891,1.907862,3.629229,-2.883125
8.500000,-0.587785,-1.414214,-1.190983,-2.293551,-0.000003,-1.666317,2.077426,3.672256,-2.859440
8.520000,-0.633236,-1.413482,-1.224871,-2.251253,0.073011,-1.721967,2.152383,3.629232,-2.705514
8.540000,-0.677825,-1.411299,-1.259841,-2.207455,0.145166,-1.774538,2.227339,3.586208,-2.551588
8.560000,-0.721524,-1.407681,-1.295832,-2.162159,0.216460,-1.824030,2.302296,3.543184,-2.397662
8.580000,-0.764302,-1.402646,-1.332782,-2.115363,0.286893,-1.870444,2.377253,3.500160,-2.243735
8.600000,-0.806129,-1.396211,-1.370629,-2.067069,0.356466,-1.913779,2.452210,3.457136,-2.089809
8.620000,-0.846974,-1.388393,-1.409312,-2.017275,0.425179,-1.954036,2.527167,3.414112,-1.935883
8.640000,-0.886810,-1.379210,-1.448770,-1.965982,0.493031,-1.991215,2.602124,3.371088,-1.781957
8.660000,-0.925604,-1.368678,-1.488941,-1.913190,0.560022,-2.025315,2.677081,3.328064,-1.628031
8.680000,-0.963327,-1.356815,-1.529762,-1.858899,0.626153,-2.056336,2.752038,3.285040,-1.474104
8.700000,-0.999950,-1.343637,-1.571173,-1.803109,0.691424,-2.084279,2.826995,3.242016,-1.320178
8.720000,-1.035442,-1.329163,-1.613113,-1.745819,0.755834,-2.109143,2.901951,3.198991,-1.166252
8.740000,-1.069773,-1.313410,-1.655519,-1.687031,0.819383,-2.130929,2.976908,3.155967,-1.012326
8.760000,-1.102913,-1.296394,-1.698329,-1.626743,0.882073,-2.149636,3.051865,3.112943,-0.858400
8.780000,-1.134832,-1.278133,-1.741484,-1.564956,0.943901,-2.165265,3.126822,3.069919,-0.704473
8.800000,-1.165501,-1.258643,-1.784920,-1.501670,1.004869,-2.177815,3.201779,3.026895,-0.550547
8.820000,-1.194889,-1.237944,-1.828576,-1.436885,1.064977,-2.187287,3.276736,2.983871,-0.396621
8.840000,-1.222966,-1.216050,-1.872390,-1.370600,1.124224,-2.193680,3.351693,2.940847,-0.242695
8.860000,-1.249703,-1.192980,-1.916302,-1.302817,1.182611,-2.196995,3.426650,2.897823,-0.088769
8.880000,-1.275069,-1.168751,-1.960250,-1.233534,1.240137,-2.197231,3.501607,2.854799,0.065158
8.900000,-1.299034,-1.143381,-2.004171,-1.162753,1.296803,-2.194388,3.576564,2.811775,0.219084
8.920000,-1.321569,-1.116885,-2.048005,-1.090472,1.352608,-2.188467,3.651520,2.768750,0.373010
8.940000,-1.342643,-1.089282,-2.091689,-1.016692,1.407553,-2.179468,3.726477,2.725726,0.526936
8.960000,-1.362227,-1.060589,-2.135163,-0.941413,1.461637,-2.167390,3.801434,2.682702,0.680862
8.980000,-1.380290,-1.030822,-2.178364,-0.864635,1.514861,-2.152233,3.876391,2.639678,0.834789
9.000000,-1.396802,-1.000000,-2.221232,-0.786357,1.567224,-2.133998,3.951348,2.596654,0.988715
9.020000,-1.411745,-0.968143,-2.263706,-0.708214,1.618119,-2.112989,3.863018,2.492788,1.112230
9.040000,-1.425143,-0.935289,-2.305735,-0.631836,1.666936,-2.089509,3.774688,2.388922,1.235745
9.060000,-1.437030,-0.901480,-2.347270,-0.557226,1.713675,-2.063559,3.686359,2.285056,1.359260
9.080000,-1.447443,-0.866756,-2.388261,-0.484382,1.758338,-2.035139,3.598029,2.181190,1.482775
9.100000,-1.456417,-0.831160,-2.428659,-0.413305,1.800923,-2.004248,3.509699,2.077324,1.606290
9.120000,-1.463987,-0.794733,-2.468414,-0.343994,1.841431,-1.970887,3.421369,1.973458,1.729805
9.140000,-1.470189,-0.757516,-2.507478,-0.276450,1.879861,-1.935056,3.333039,1.869591,1.853320
9.160000,-1.475057,-0.719552,-2.545800,-0.210673,1.916215,-1.896754,3.244710,1.765725,1.976835
9.180000,-1.478628,-0.680882,-2.583331,-0.146662,1.950490,-1.855982,3.156380,1.661859,2.100350
9.200000,-1.480935,-0.641546,-2.620023,-0.084417,1.982689,-1.812740,3.068050,1.557993,2.223866
9.220000,-1.482016,-0.601588,-2.655825,-0.023940,2.012810,-1.767028,2.979720,1.454127,2.347381
9.240000,-1.481905,-0.561048,-2.690687,0.034771,2.040854,-1.718845,2.891391,1.350261,2.470896
9.260000,-1.480637,-0.519968,-2.724562,0.091716,2.066821,-1.668192,2.803061,1.246395,2.594411
9.280000,-1.478248,-0.478389,-2.757399,0.146894,2.090710,-1.615069,2.714731,1.142529,2.717926
9.300000,-1.474773,-0.436353,-2.789148,0.200305,2.112522,-1.559475,2.626401,1.038663,2.841441
9.320000,-1.470247,-0.393902,-2.819761,0.251950,2.132256,-1.501411,2.538071,0.934797,2.964956
9.340000,-1.464707,-0.351077,-2.849188,0.301828,2.149914,-1.440877,2.449742,0.830930,3.088471
9.360000,-1.458186,-0.307919,-2.877380,0.349940,2.165494,-1.377872,2.361412,0.727064,3.211986
9.380000,-1.450721,-0.264471,-2.904287,0.396285,2.178996,-1.312397,2.273082,0.623198,3.335501
9.400000,-1.442347,-0.220773,-2.929859,0.440863,2.190421,-1.244452,2.184752,0.519332,3.459016
9.420000,-1.433098,-0.176868,-2.954048,0.483675,2.199769,-1.174037,2.096422,0.415466,3.582531
9.440000,-1.423011,-0.132796,-2.976804,0.524720,2.207040,-1.101151,2.008093,0.311600,3.706046
9.460000,-1.412121,-0.088600,-2.998078,0.563998,2.212233,-1.025795,1.919763,0.207734,3.829561
9.480000,-1.400463,-0.044321,-3.017820,0.601510,2.215349,-0.947968,1.831433,0.103868,3.953076
9.500000,-1.388073,0.000000,-3.035980,0.637256,2.216388,-0.867672,1.743103,0.000002,4.076592
9.520000,-1.374988,0.044321,-3.052521,0.670693,2.215350,-0.786522,1.600598,-0.103865,4.038424
9.540000,-1.361264,0.088600,-3.067446,0.701280,2.212234,-0.706135,1.458092,-0.207731,4.000256
9.560000,-1.346956,0.132796,-3.080771,0.729016,2.207040,-0.626511,1.315587,-0.311598,3.962088
9.580000,-1.332122,0.176868,-3.092512,0.753903,2.199770,-0.547651,1.173081,-0.415464,3.923921
9.600000,-1.316819,0.220773,-3.102682,0.775940,2.190422,-0.469555,1.030576,-0.519331,3.885753
9.620000,-1.301104,0.264471,-3.111299,0.795126,2.178996,-0.392221,0.888071,-0.623197,3.847585
9.640000,-1.285033,0.307919,-3.118376,0.811462,2.165494,-0.315651,0.745565,-0.727064,3.809418
9.660000,-1.268664,0.351077,-3.123930,0.824949,2.149914,-0.239844,0.603060,-0.830930,3.771250
9.680000,-1.252054,0.393902,-3.127975,0.835585,2.132257,-0.164801,0.460554,-0.934797,3.733082
9.700000,-1.235260,0.436353,-3.130527,0.843371,2.112522,-0.090521,0.318049,-1.038663,3.694914
9.720000,-1.218338,0.478389,-3.131601,0.848307,2.090710,-0.017005,0.175543,-1.142530,3.656747
9.740000,-1.201346,0.519968,-3.131212,0.850393,2.066821,0.055749,0.033038,-1.246396,3.618579
9.760000,-1.184341,0.561048,-3.129376,0.849628,2.040854,0.127739,-0.109468,-1.350263,3.580411
9.780000,-1.167380,0.601588,-3.126108,0.846014,2.012810,0.198965,-0.251973,-1.454129,3.542243
9.800000,-1.150520,0.641547,-3.121423,0.839549,1.982689,0.269428,-0.394478,-1.557996,3.504076
9.820000,-1.133817,0.680882,-3.115336,0.830235,1.950490,0.339128,-0.536984,-1.661862,3.465908
9.840000,-1.117330,0.719552,-3.107863,0.818070,1.916215,0.408065,-0.679489,-1.765729,3.427740
9.860000,-1.101114,0.757517,-3.099018,0.803055,1.879861,0.476238,-0.821995,-1.869595,3.389573
9.880000,-1.085226,0.794733,-3.088818,0.785190,1.841431,0.543648,-0.964500,-1.973462,3.351405
9.900000,-1.069725,0.831160,-3.077278,0.764475,1.800923,0.610294,-1.107006,-2.077329,3.313237
9.920000,-1.054666,0.866756,-3.064412,0.740910,1.758338,0.676177,-1.249511,-2.181195,3.275069
9.940000,-1.040108,0.901480,-3.050236,0.714495,1.713675,0.741297,-1.392017,-2.285062,3.236902
9.960000,-1.026106,0.935289,-3.034765,0.685229,1.666935,0.805653,-1.534522,-2.388928,3.198734
9.980000,-1.012717,0.968143,-3.018014,0.653114,1.618118,0.869246,-1.677027,-2.492795,3.160566
10.000000,-1.000000,1.000000,-3.000000,0.618148,1.567223,0.932076,-1.819533,-2.596661,3.122399
10.020000,-0.988003,1.030822,-2.980745,0.581444,1.514860,0.992936,-1.850914,-2.639684,2.963658
10.040000,-0.976746,1.060589,-2.960304,0.544112,1.461636,1.050622,-1.882296,-2.682707,2.804918
10.060000,-0.966243,1.089282,-2.938741,0.506152,1.407552,1.105133,-1.913677,-2.725730,2.646177
10.080000,-0.956505,1.116885,-2.916120,0.467565,1.352607,1.156469,-1.945059,-2.768752,2.487437
10.100000,-0.947544,1.143381,-2.892503,0.428350,1.296801,1.204631,-1.976440,-2.811775,2.328696
10.120000,-0.939375,1.168751,-2.867955,0.388507,1.240136,1.249617,-2.007822,-2.854798,2.169955
10.140000,-0.932008,1.192980,-2.842540,0.348037,1.182610,1.291429,-2.039203,-2.897821,2.011215
10.160000,-0.925457,1.216050,-2.816320,0.306939,1.124223,1.330066,-2.070584,-2.940844,1.852474
10.180000,-0.919735,1.237943,-2.789358,0.265213,1.064976,1.365528,-2.101966,-2.983867,1.693734
10.200000,-0.914853,1.258643,-2.761720,0.222860,1.004868,1.397815,-2.133347,-3.026889,1.534993
10.220000,-0.910825,1.278132,-2.733467,0.179879,0.943900,1.426927,-2.164729,-3.069912,1.376253
10.240000,-0.907662,1.296394,-2.704664,0.136271,0.882072,1.452865,-2.196110,-3.112935,1.217512
10.260000,-0.905378,1.313410,-2.675373,0.092035,0.819383,1.475628,-2.227492,-3.155958,1.058772
10.280000,-0.903985,1.329163,-2.645660,0.047171,0.755833,1.495216,-2.258873,-3.198981,0.900031
10.300000,-0.903495,1.343637,-2.615586,0.001680,0.691424,1.511629,-2.290255,-3.242004,0.741291
10.320000,-0.903922,1.356814,-2.585216,-0.044439,0.626153,1.524868,-2.321636,-3.285026,0.582550
10.340000,-0.905277,1.368677,-2.554612,-0.091185,0.560023,1.534931,-2.353017,-3.328049,0.423810
10.360000,-0.907573,1.379209,-2.523840,-0.138560,0.493031,1.541820,-2.384399,-3.371072,0.265069
10.380000,-0.910824,1.388393,-2.492961,-0.186561,0.425180,1.545534,-2.415780,-3.414095,0.106329
10.400000,-0.915040,1.396211,-2.462039,-0.235191,0.356468,1.546073,-2.447162,-3.457118,-0.052412
10.420000,-0.920235,1.402646,-2.431139,-0.284448,0.286895,1.543437,-2.478543,-3.500141,-0.211152
10.440000,-0.926422,1.407681,-2.400323,-0.334332,0.216462,1.537627,-2.509925,-3.543163,-0.369893
10.460000,-0.933613,1.411299,-2.369655,-0.384845,0.145168,1.528642,-2.541306,-3.586186,-0.528633
10.480000,-0.941820,1.413482,-2.339199,-0.435985,0.073014,1.516482,-2.572687,-3.629209,-0.687374
10.500000,-0.951057,1.414214,-2.309017,-0.487752,0.000000,1.501147,-2.604069,-3.672232,-0.846114
10.520000,-0.961324,1.413482,-2.279171,-0.538647,-0.073014,1.483125,-2.485375,-3.629209,-0.956092
10.540000,-0.972587,1.411299,-2.249707,-0.587167,-0.145168,1.462903,-2.366682,-3.586186,-1.066070
10.560000,-0.984795,1.407681,-2.220669,-0.633314,-0.216462,1.440482,-2.247989,-3.543164,-1.176048
10.580000,-0.997903,1.402646,-2.192102,-0.677087,-0.286895,1.415861,-2.129295,-3.500141,-1.286026
10.600000,-1.011863,1.396211,-2.164049,-0.718486,-0.356467,1.389041,-2.010602,-3.457118,-1.396004
10.620000,-1.026627,1.388393,-2.136555,-0.757511,-0.425180,1.360021,-1.891908,-3.414095,-1.505982
10.640000,-1.042148,1.379209,-2.109663,-0.794162,-0.493031,1.328802,-1.773215,-3.371072,-1.615960
10.660000,-1.058378,1.368678,-2.083418,-0.828439,-0.560022,1.295383,-1.654521,-3.328050,-1.725938
10.680000,-1.075269,1.356814,-2.057863,-0.860343,-0.626153,1.259764,-1.535828,-3.285027,-1.835916
10.700000,-1.092775,1.343637,-2.033042,-0.889873,-0.691424,1.221946,-1.417134,-3.242004,-1.945894
10.720000,-1.110848,1.329163,-2.008999,-0.917028,-0.755833,1.181928,-1.298441,-3.198981,-2.055872
10.740000,-1.129441,1.313410,-1.985779,-0.941810,-0.819383,1.139711,-1.179747,-3.155958,-2.165850
10.760000,-1.148505,1.296394,-1.963426,-0.964218,-0.882072,1.095294,-1.061054,-3.112936,-2.275828
10.780000,-1.167994,1.278132,-1.941982,-0.984252,-0.943900,1.048678,-0.942361,-3.069913,-2.385806
10.800000,-1.187859,1.258643,-1.921493,-1.001913,-1.004868,0.999862,-0.823667,-3.026890,-2.495784
10.820000,-1.208054,1.237943,-1.902002,-1.017199,-1.064976,0.948847,-0.704974,-2.983867,-2.605762
10.840000,-1.228531,1.216050,-1.883554,-1.030112,-1.124223,0.895632,-0.586280,-2.940844,-2.715740
10.860000,-1.249243,1.192980,-1.866192,-1.040650,-1.182610,0.840217,-0.467587,-2.897822,-2.825718
10.880000,-1.270142,1.168751,-1.849960,-1.048815,-1.240136,0.782603,-0.348893,-2.854799,-2.935695
10.900000,-1.291180,1.143381,-1.834902,-1.054606,-1.296802,0.722789,-0.230200,-2.811776,-3.045673
10.920000,-1.312310,1.116885,-1.821063,-1.058023,-1.352607,0.660776,-0.111506,-2.768753,-3.155651
10.940000,-1.333485,1.089282,-1.808486,-1.059066,-1.407552,0.596563,0.007187,-2.725730,-3.265629
10.960000,-1.354657,1.060589,-1.797215,-1.057736,-1.461636,0.530151,0.125881,-2.682708,-3.375607
10.980000,-1.375778,1.030822,-1.787295,-1.054031,-1.514860,0.461539,0.244574,-2.639685,-3.485585
11.000000,-1.396802,1.000000,-1.778768,-1.047953,-1.567223,0.390727,0.363267,-2.596662,-3.595563
11.020000,-1.417679,0.968143,-1.771669,-1.039310,-1.618118,0.319345,0.500991,-2.492795,-3.542680
11.040000,-1.438356,0.935289,-1.765987,-1.027913,-1.666935,0.249020,0.638715,-2.388929,-3.489796
11.060000,-1.458778,0.901480,-1.761701,-1.013761,-1.713675,0.179753,0.776438,-2.285062,-3.436913
11.080000,-1.478888,0.866756,-1.758790,-0.996855,-1.758338,0.111544,0.914162,-2.181195,-3.384030
11.100000,-1.498633,0.831160,-1.757233,-0.977195,-1.800923,0.044392,1.051885,-2.077329,-3.331146
11.120000,-1.517958,0.794733,-1.757008,-0.954780,-1.841431,-0.021702,1.189609,-1.973462,-3.278263
11.140000,-1.536806,0.757517,-1.758094,-0.929611,-1.879861,-0.086739,1.327333,-1.869595,-3.225380
11.160000,-1.555124,0.719552,-1.760470,-0.901687,-1.916215,-0.150717,1.465056,-1.765728,-3.172496
11.180000,-1.572855,0.680882,-1.764115,-0.871008,-1.950491,-0.213638,1.602780,-1.661862,-3.119613
11.200000,-1.589946,0.641547,-1.769008,-0.837576,-1.982689,-0.275502,1.740503,-1.557995,-3.066730
11.220000,-1.606340,0.601588,-1.775128,-0.801388,-2.012810,-0.336308,1.878227,-1.454128,-3.013846
11.240000,-1.621983,0.561048,-1.782454,-0.762446,-2.040854,-0.396056,2.015951,-1.350262,-2.960963
11.260000,-1.636820,0.519968,-1.790964,-0.720750,-2.066821,-0.454746,2.153674,-1.246395,-2.908080
11.280000,-1.650795,0.478389,-1.800637,-0.676300,-2.090710,-0.512379,2.291398,-1.142528,-2.855196
11.300000,-1.663853,0.436353,-1.811452,-0.629094,-2.112522,-0.568954,2.429121,-1.038661,-2.802313
11.320000,-1.675940,0.393902,-1.823388,-0.579135,-2.132257,-0.624471,2.566845,-0.934795,-2.749429
11.340000,-1.687000,0.351077,-1.836423,-0.526421,-2.149914,-0.678931,2.704568,-0.830928,-2.696546
11.360000,-1.696979,0.307919,-1.850538,-0.470952,-2.165494,-0.732333,2.842292,-0.727061,-2.643663
11.380000,-1.705820,0.264471,-1.865710,-0.412729,-2.178996,-0.784678,2.980016,-0.623195,-2.590779
11.400000,-1.713469,0.220773,-1.881918,-0.351751,-2.190421,-0.835964,3.117739,-0.519328,-2.537896
11.420000,-1.719872,0.176868,-1.899141,-0.288019,-2.199769,-0.886194,3.255463,-0.415461,-2.485013
11.440000,-1.724972,0.132796,-1.917359,-0.221533,-2.207040,-0.935365,3.393186,-0.311595,-2.432129
11.460000,-1.728715,0.088600,-1.936549,-0.152292,-2.212233,-0.983479,3.530910,-0.207728,-2.379246
11.480000,-1.731045,0.044321,-1.956691,-0.080296,-2.215349,-1.030535,3.668634,-0.103861,-2.326363
11.500000,-1.731908,-0.000000,-1.977763,-0.005546,-2.216388,-1.076533,3.806357,0.000006,-2.273479
11.520000,-1.731258,-0.044321,-1.999738,0.070569,-2.215349,-1.120484,3.805218,0.103871,-2.121631
11.540000,-1.729085,-0.088600,-2.022562,0.146662,-2.212233,-1.161398,3.804078,0.207736,-1.969783
11.560000,-1.725391,-0.132796,-2.046174,0.222732,-2.207039,-1.199276,3.802939,0.311602,-1.817935
11.580000,-1.720176,-0.176868,-2.070513,0.298780,-2.199769,-1.234116,3.801800,0.415467,-1.666087
11.600000,-1.713440,-0.220773,-2.095518,0.374804,-2.190421,-1.265919,3.800660,0.519332,-1.514239
11.620000,-1.705184,-0.264471,-2.121130,0.450806,-2.178995,-1.294685,3.799521,0.623198,-1.362391
11.640000,-1.695408,-0.307919,-2.147286,0.526785,-2.165493,-1.320415,3.798381,0.727063,-1.210543
11.660000,-1.684113,-0.351077,-2.173926,0.602741,-2.149913,-1.343107,3.797242,0.830929,-1.058694
11.680000,-1.671299,-0.393902,-2.200990,0.678675,-2.132256,-1.362763,3.796103,0.934794,-0.906846
11.700000,-1.656966,-0.436353,-2.228416,0.754586,-2.112521,-1.379381,3.794963,1.038659,-0.754998
11.720000,-1.641116,-0.478389,-2.256145,0.830473,-2.090709,-1.392962,3.793824,1.142525,-0.603150
11.740000,-1.623747,-0.519968,-2.284114,0.906339,-2.066820,-1.403507,3.792685,1.246390,-0.451302
11.760000,-1.604862,-0.561048,-2.312265,0.982181,-2.040854,-1.411015,3.791545,1.350255,-0.299454
11.780000,-1.584460,-0.601588,-2.340535,1.058000,-2.012810,-1.415485,3.790406,1.454121,-0.147606
11.800000,-1.562542,-0.641546,-2.368864,1.133797,-1.982689,-1.416919,3.789266,1.557986,0.004242
11.820000,-1.539109,-0.680882,-2.397191,1.209571,-1.950490,-1.415315,3.788127,1.661851,0.156090
11.840000,-1.514160,-0.719552,-2.425456,1.285322,-1.916215,-1.410675,3.786988,1.765717,0.307939
11.860000,-1.487696,-0.757516,-2.453598,1.361050,-1.879862,-1.402998,3.785848,1.869582,0.459787
11.880000,-1.459718,-0.794733,-2.481556,1.436756,-1.841431,-1.392284,3.784709,1.973448,0.611635
11.900000,-1.430226,-0.831160,-2.509269,1.512439,-1.800924,-1.378532,3.783569,2.077313,0.763483
11.920000,-1.399220,-0.866756,-2.536677,1.588099,-1.758339,-1.361744,3.782430,2.181178,0.915331
11.940000,-1.366702,-0.901479,-2.563719,1.663736,-1.713677,-1.341919,3.781291,2.285044,1.067179
11.960000,-1.332671,-0.935289,-2.590333,1.739350,-1.666937,-1.319057,3.780151,2.388909,1.219027
11.980000,-1.297128,-0.968143,-2.616461,1.814942,-1.618120,-1.293158,3.779012,2.492774,1.370875
12.000000,-1.260074,-1.000000,-2.642040,1.890511,-1.567226,-1.264222,3.777873,2.596640,1.522723
12.020000,-1.221518,-1.030822,-2.667014,1.964557,-1.514863,-1.232963,3.626753,2.639667,1.603181
12.040000,-1.181511,-1.060589,-2.691347,2.035581,-1.461640,-1.200095,3.475634,2.682693,1.683639
12.060000,-1.140115,-1.089282,-2.715007,2.103583,-1.407555,-1.165618,3.324514,2.725720,1.764097
12.080000,-1.097388,-1.116885,-2.737961,2.168562,-1.352611,-1.129531,3.173395,2.768747,1.844555
12.100000,-1.053392,-1.143381,-2.760178,2.230518,-1.296806,-1.091835,3.022276,2.811774,1.925012
12.120000,-1.008188,-1.168752,-2.781624,2.289453,-1.240140,-1.052531,2.871156,2.854801,2.005470
12.140000,-0.961834,-1.192981,-2.802268,2.345365,-1.182614,-1.011617,2.720037,2.897827,2.085928
12.160000,-0.914393,-1.216051,-2.822078,2.398254,-1.124227,-0.969093,2.568917,2.940854,2.166386
12.180000,-0.865924,-1.237944,-2.841021,2.448121,-1.064979,-0.924961,2.417798,2.983881,2.246843
12.200000,-0.816488,-1.258644,-2.859066,2.494966,-1.004871,-0.879220,2.266679,3.026908,2.327301
12.220000,-0.766146,-1.278133,-2.876179,2.538788,-0.943903,-0.831869,2.115559,3.069935,2.407759
12.240000,-0.714957,-1.296394,-2.892330,2.579588,-0.882074,-0.782909,1.964440,3.112961,2.488217
12.260000,-0.662983,-1.313410,-2.907485,2.617366,-0.819385,-0.732340,1.813321,3.155988,2.568675
12.280000,-0.610283,-1.329164,-2.921613,2.652121,-0.755835,-0.680162,1.662201,3.199015,2.649132
12.300000,-0.556918,-1.343638,-2.934681,2.683854,-0.691424,-0.626375,1.511082,3.242042,2.729590
12.320000,-0.502949,-1.356815,-2.946657,2.712565,-0.626153,-0.570979,1.359962,3.285069,2.810048
12.340000,-0.448435,-1.368678,-2.957509,2.738253,-0.560021,-0.513973,1.208843,3.328095,2.890506
12.360000,-0.393439,-1.379210,-2.967205,2.760918,-0.493029,-0.455359,1.057724,3.371122,2.970963
12.380000,-0.338019,-1.388394,-2.975713,2.780562,-0.425176,-0.395135,0.906604,3.414149,3.051421
12.400000,-0.282236,-1.396212,-2.983000,2.797182,-0.356463,-0.333302,0.755485,3.457176,3.131879
12.420000,-0.226152,-1.402647,-2.989034,2.810781,-0.286889,-0.269860,0.604365,3.500203,3.212337
12.440000,-0.169825,-1.407682,-2.993783,2.821357,-0.216455,-0.204808,0.453246,3.543229,3.292794
12.460000,-0.113318,-1.411299,-2.997216,2.828911,-0.145160,-0.138148,0.302127,3.586256,3.373252
12.480000,-0.056689,-1.413482,-2.999299,2.833442,-0.073005,-0.069878,0.151007,3.629283,3.453710
12.500000,0.000000,-1.414214,-3.000000,2.834951,0.000011,0.000001,-0.000112,3.672310,3.534168
12.520000,0.056689,-1.413482,-2.999299,2.833438,0.073027,0.069879,-0.151205,3.629272,3.453709
12.540000,0.113317,-1.411298,-2.997216,2.828903,0.145182,0.138149,-0.302297,3.586235,3.373251
12.560000,0.169825,-1.407680,-2.993783,2.821346,0.216476,0.204809,-0.453390,3.543197,3.292793
12.580000,0.226151,-1.402645,-2.989034,2.810767,0.286910,0.269861,-0.604482,3.500160,3.212334
12.600000,0.282235,-1.396210,-2.983000,2.797167,0.356483,0.333303,-0.755575,3.457122,3.131876
12.620000,0.338018,-1.388391,-2.975713,2.780544,0.425195,0.395136,-0.906667,3.414085,3.051418
12.640000,0.393437,-1.379207,-2.967205,2.760900,0.493046,0.455360,-1.057759,3.371047,2.970959
12.660000,0.448433,-1.368675,-2.957509,2.738234,0.560037,0.513974,-1.208852,3.328010,2.890501
12.680000,0.502946,-1.356812,-2.946657,2.712546,0.626167,0.570980,-1.359944,3.284972,2.810042
12.700000,0.556915,-1.343634,-2.934680,2.683836,0.691436,0.626376,-1.511037,3.241935,2.729584
12.720000,0.610280,-1.329160,-2.921612,2.652104,0.755844,0.680163,-1.662129,3.198897,2.649126
12.740000,0.662979,-1.313406,-2.907485,2.617351,0.819391,0.732341,-1.813222,3.155860,2.568667
12.760000,0.714953,-1.296390,-2.892329,2.579576,0.882078,0.782910,-1.964314,3.112822,2.488209
12.780000,0.766142,-1.278129,-2.876179,2.538778,0.943904,0.831869,-2.115407,3.069785,2.407750
12.800000,0.816484,-1.258640,-2.859065,2.494959,1.004870,0.879220,-2.266499,3.026747,2.327292
12.820000,0.865920,-1.237940,-2.841021,2.448118,1.064974,0.924961,-2.417592,2.983710,2.246834
12.840000,0.914389,-1.216046,-2.822078,2.398256,1.124218,0.969093,-2.568684,2.940672,2.166375
12.860000,0.961830,-1.192977,-2.802268,2.345371,1.182601,1.011616,-2.719777,2.897635,2.085917
12.880000,1.008184,-1.168748,-2.781624,2.289465,1.240123,1.052530,-2.870869,2.854597,2.005459
12.900000,1.053389,-1.143378,-2.760177,2.230536,1.296785,1.091834,-3.021962,2.811560,1.925000
12.920000,1.097385,-1.116883,-2.737961,2.168586,1.352586,1.129530,-3.173054,2.768522,1.844542
12.940000,1.140112,-1.089280,-2.715007,2.103614,1.407526,1.165616,-3.324147,2.725485,1.764083
12.960000,1.181509,-1.060587,-2.691347,2.035620,1.461605,1.200093,-3.475239,2.682447,1.683625
12.980000,1.221517,-1.030821,-2.667014,1.964605,1.514824,1.232961,-3.626332,2.639409,1.603167
13.000000,1.260074,-1.000000,-2.642040,1.890567,1.567182,1.264220,-3.777424,2.596372,1.522708
13.020000,1.297129,-0.968144,-2.616461,1.815006,1.618071,1.293155,-3.778644,2.492560,1.370863
13.040000,1.332674,-0.935291,-2.590334,1.739421,1.666884,1.319054,-3.779864,2.388748,1.219018
13.060000,1.366706,-0.901482,-2.563719,1.663812,1.713621,1.341916,-3.781084,2.284937,1.067173
13.080000,1.399226,-0.866760,-2.536677,1.588178,1.758281,1.361741,-3.782305,2.181125,0.915328
13.100000,1.430233,-0.831165,-2.509269,1.512520,1.800866,1.378529,-3.783525,2.077313,0.763483
13.120000,1.459727,-0.794739,-2.481556,1.436837,1.841374,1.392280,-3.784745,1.973501,0.611638
13.140000,1.487706,-0.757524,-2.453598,1.361130,1.879806,1.402995,-3.785965,1.869689,0.459793
13.160000,1.514172,-0.719561,-2.425457,1.285398,1.916162,1.410672,-3.787185,1.765878,0.307948
13.180000,1.539122,-0.680891,-2.397192,1.209642,1.950441,1.415313,-3.788405,1.662066,0.156103
13.200000,1.562557,-0.641557,-2.368864,1.133862,1.982644,1.416916,-3.789625,1.558254,0.004257
13.220000,1.584476,-0.601599,-2.340535,1.058057,2.012771,1.415483,-3.790845,1.454442,-0.147588
13.240000,1.604879,-0.561060,-2.312265,0.982228,2.040822,1.411013,-3.792065,1.350630,-0.299433
13.260000,1.623765,-0.519980,-2.284115,0.906375,2.066796,1.403506,-3.793285,1.246818,-0.451278
13.280000,1.641134,-0.478402,-2.256145,0.830497,2.090695,1.392962,-3.794505,1.143007,-0.603123
13.300000,1.656985,-0.436366,-2.228417,0.754595,2.112517,1.379381,-3.795726,1.039195,-0.754968
13.320000,1.671318,-0.393915,-2.200990,0.678668,2.132262,1.362763,-3.796946,0.935383,-0.906813
13.340000,1.684132,-0.351090,-2.173927,0.602717,2.149932,1.343108,-3.798166,0.831571,-1.058658
13.360000,1.695426,-0.307932,-2.147286,0.526741,2.165525,1.320417,-3.799386,0.727759,-1.210503
13.380000,1.705201,-0.264483,-2.121130,0.450741,2.179042,1.294688,-3.800606,0.623948,-1.362348
13.400000,1.713456,-0.220784,-2.095519,0.374717,2.190483,1.265923,-3.801826,0.520136,-1.514193
13.420000,1.720190,-0.176877,-2.070514,0.298668,2.199848,1.234120,-3.803046,0.416324,-1.666038
13.440000,1.725402,-0.132804,-2.046174,0.222595,2.207136,1.199281,-3.804266,0.312512,-1.817884
13.460000,1.729093,-0.088606,-2.022563,0.146498,2.212348,1.161405,-3.805486,0.208700,-1.969729
13.480000,1.731262,-0.044324,-1.999739,0.070376,2.215484,1.120492,-3.806706,0.104889,-2.121574
13.500000,1.731908,0.000000,-1.977763,-0.005771,2.216544,1.076542,-3.807927,0.001077,-2.273419
13.520000,1.731040,0.044324,-1.956690,-0.080549,2.215525,1.030545,-3.669907,-0.102993,-2.326314
13.540000,1.728705,0.088607,-1.936548,-0.152567,2.212424,0.983489,-3.531887,-0.207064,-2.379209
13.560000,1.724956,0.132807,-1.917358,-0.221825,2.207242,0.935376,-3.393868,-0.311134,-2.432103
13.580000,1.719850,0.176883,-1.899140,-0.288322,2.199979,0.886205,-3.255848,-0.415204,-2.484998
13.600000,1.713442,0.220793,-1.881917,-0.352058,2.190634,0.835976,-3.117829,-0.519274,-2.537893
13.620000,1.705786,0.264494,-1.865708,-0.413035,2.179208,0.784690,-2.979809,-0.623345,-2.590788
13.640000,1.696939,0.307947,-1.850536,-0.471251,2.165700,0.732345,-2.841790,-0.727415,-2.643683
13.660000,1.686954,0.351109,-1.836422,-0.526706,2.150111,0.678942,-2.703770,-0.831485,-2.696578
13.680000,1.675889,0.393938,-1.823386,-0.579402,2.132441,0.624482,-2.565751,-0.935555,-2.749472
13.700000,1.663797,0.436392,-1.811449,-0.629336,2.112689,0.568963,-2.427731,-1.039626,-2.802367
13.720000,1.650734,0.478431,-1.800634,-0.676511,2.090856,0.512387,-2.289712,-1.143696,-2.855262
13.740000,1.636755,0.520013,-1.790961,-0.720925,2.066941,0.454753,-2.151692,-1.247766,-2.908157
13.760000,1.621915,0.561095,-1.782451,-0.762579,2.040945,0.396061,-2.013673,-1.351836,-2.961052
13.780000,1.606270,0.601637,-1.775126,-0.801472,2.012868,0.336311,-1.875653,-1.455906,-3.013947
13.800000,1.589875,0.641596,-1.769006,-0.837605,1.982709,0.275503,-1.737634,-1.559977,-3.066842
13.820000,1.572784,0.680931,-1.764113,-0.870977,1.950469,0.213637,-1.599614,-1.664047,-3.119736
13.840000,1.555054,0.719601,-1.760467,-0.901589,1.916147,0.150714,-1.461595,-1.768117,-3.172631
13.860000,1.536739,0.757563,-1.758091,-0.929441,1.879744,0.086732,-1.323575,-1.872187,-3.225526
13.880000,1.517895,0.794777,-1.757005,-0.954532,1.841259,0.021692,-1.185556,-1.976258,-3.278421
13.900000,1.498576,0.831200,-1.757230,-0.976863,1.800694,-0.044405,-1.047536,-2.080328,-3.331316
13.920000,1.478839,0.866790,-1.758788,-0.996434,1.758046,-0.111560,-0.909516,-2.184398,-3.384211
13.940000,1.458737,0.901508,-1.761700,-1.013244,1.713318,-0.179773,-0.771497,-2.288468,-3.437106
13.960000,1.438327,0.935309,-1.765986,-1.027294,1.666508,-0.249044,-0.633477,-2.392539,-3.490000
13.980000,1.417664,0.968154,-1.771669,-1.038583,1.617616,-0.319373,-0.495458,-2.496609,-3.542895
14.000000,1.396802,1.000000,-1.778768,-1.047112,1.566643,-0.390760,-0.357438,-2.600679,-3.595790
14.020000,1.375796,1.030810,-1.787295,-1.053085,1.514207,-0.461576,-0.239848,-2.642941,-3.485769
14.040000,1.354695,1.060563,-1.797217,-1.056706,1.460926,-0.530191,-0.122258,-2.685204,-3.375748
14.060000,1.333544,1.089241,-1.808488,-1.057975,1.406799,-0.596606,-0.004667,-2.727466,-3.265727
14.080000,1.312391,1.116829,-1.821066,-1.056893,1.351827,-0.660820,0.112923,-2.769728,-3.155706
14.100000,1.291284,1.143309,-1.834906,-1.053458,1.296010,-0.722834,0.230514,-2.811990,-3.045686
14.120000,1.270269,1.168664,-1.849965,-1.047672,1.239347,-0.782647,0.348104,-2.854252,-2.935665
14.140000,1.249393,1.192877,-1.866198,-1.039534,1.181840,-0.840261,0.465695,-2.896515,-2.825644
14.160000,1.228703,1.215932,-1.883561,-1.029044,1.123487,-0.895673,0.583285,-2.938777,-2.715623
14.180000,1.208246,1.237811,-1.902010,-1.016203,1.064289,-0.948885,0.700875,-2.981039,-2.605602
14.200000,1.188070,1.258498,-1.921501,-1.001009,1.004245,-0.999897,0.818466,-3.023301,-2.495581
14.220000,1.168222,1.277975,-1.941991,-0.983464,0.943357,-1.048709,0.936056,-3.065564,-2.385560
14.240000,1.148748,1.296226,-1.963435,-0.963567,0.881623,-1.095320,1.053647,-3.107826,-2.275539
14.260000,1.129695,1.313234,-1.985789,-0.941318,0.819043,-1.139730,1.171237,-3.150088,-2.165518
14.280000,1.111111,1.328982,-2.009010,-0.916717,0.755619,-1.181940,1.288827,-3.192350,-2.055497
14.300000,1.093042,1.343453,-2.033052,-0.889765,0.691349,-1.221950,1.406418,-3.234613,-1.945476
14.320000,1.075536,1.356631,-2.057873,-0.860461,0.626235,-1.259759,1.524008,-3.276875,-1.835455
14.340000,1.058639,1.368497,-2.083428,-0.828805,0.560274,-1.295368,1.641599,-3.319137,-1.725434
14.360000,1.042399,1.379036,-2.109673,-0.794797,0.493469,-1.328777,1.759189,-3.361399,-1.615413
14.380000,1.026863,1.388230,-2.136564,-0.758437,0.425818,-1.359985,1.876780,-3.403662,-1.505393
14.400000,1.012077,1.396063,-2.164058,-0.719726,0.357323,-1.388993,1.994370,-3.445924,-1.395372
14.420000,0.998090,1.402518,-2.192109,-0.678662,0.287982,-1.415800,2.111960,-3.488186,-1.285351
14.440000,0.984946,1.407577,-2.220675,-0.635247,0.217795,-1.440407,2.229551,-3.530448,-1.175330
14.460000,0.972695,1.411224,-2.249711,-0.589480,0.146764,-1.462813,2.347141,-3.572711,-1.065309
14.480000,0.961383,1.413442,-2.279173,-0.541362,0.074887,-1.483019,2.464732,-3.614973,-0.955288
14.500000,0.951057,1.414214,-2.309017,-0.490891,0.002165,-1.501024,2.582322,-3.657235,-0.845267
14.520000,0.941753,1.413528,-2.339196,-0.439517,-0.070578,-1.516344,2.555057,-3.617051,-0.686687
14.540000,0.933472,1.411396,-2.369650,-0.388689,-0.142517,-1.528492,2.527792,-3.576867,-0.528107
14.560000,0.926202,1.407833,-2.400314,-0.338406,-0.213653,-1.537468,2.500526,-3.536683,-0.369527
14.580000,0.919932,1.402855,-2.431127,-0.288668,-0.283985,-1.543273,2.473261,-3.496499,-0.210947
14.600000,0.914652,1.396479,-2.462024,-0.239475,-0.353513,-1.545906,2.445996,-3.456314,-0.052366
14.620000,0.910350,1.388720,-2.492942,-0.190828,-0.422237,-1.545368,2.418731,-3.416130,0.106214
14.640000,0.907015,1.379595,-2.523818,-0.142726,-0.490158,-1.541658,2.391465,-3.375946,0.264794
14.660000,0.904637,1.369119,-2.554587,-0.095169,-0.557275,-1.534776,2.364200,-3.335762,0.423374
14.680000,0.903205,1.357309,-2.585188,-0.048158,-0.623588,-1.524723,2.336935,-3.295578,0.581954
14.700000,0.902707,1.344181,-2.615555,-0.001692,-0.689098,-1.511498,2.309670,-3.255394,0.740534
14.720000,0.903133,1.329750,-2.645627,0.044229,-0.753804,-1.495101,2.282405,-3.215209,0.899114
14.740000,0.904473,1.314034,-2.675338,0.089604,-0.817707,-1.475533,2.255139,-3.175025,1.057694
14.760000,0.906714,1.297047,-2.704627,0.134435,-0.880805,-1.452794,2.227874,-3.134841,1.216274
14.780000,0.909846,1.278807,-2.733429,0.178719,-0.943100,-1.426882,2.200609,-3.094657,1.374854
14.800000,0.913859,1.259329,-2.761681,0.222459,-1.004592,-1.397799,2.173344,-3.054473,1.533435
14.820000,0.918741,1.238629,-2.789320,0.265653,-1.065279,-1.365545,2.146078,-3.014289,1.692015
14.840000,0.924482,1.216723,-2.816281,0.308302,-1.125163,-1.330119,2.118813,-2.974105,1.850595
14.860000,0.931070,1.193628,-2.842503,0.350406,-1.184243,-1.291521,2.091548,-2.933920,2.009175
14.880000,0.938494,1.169359,-2.867921,0.391964,-1.242520,-1.249752,2.064283,-2.893736,2.167755
14.900000,0.946744,1.143932,-2.892472,0.432977,-1.299993,-1.204811,2.037017,-2.853552,2.326335
14.920000,0.955810,1.117364,-2.916092,0.473445,-1.356662,-1.156698,2.009752,-2.813368,2.484915
14.940000,0.965679,1.089671,-2.938719,0.513367,-1.412527,-1.105414,1.982487,-2.773184,2.643495
14.960000,0.976341,1.060869,-2.960288,0.552744,-1.467589,-1.050959,1.955222,-2.733000,2.802075
14.980000,0.987785,1.030973,-2.980736,0.591576,-1.521847,-0.993331,1.927957,-2.692815,2.960656
15.000000,1.000000,1.000000,-3.000000,0.629862,-1.575302,-0.932532,1.900691,-2.652631,3.119236
15.020000,1.012967,0.967971,-3.018024,0.666298,-1.627210,-0.869760,1.742824,-2.538171,3.158002
15.040000,1.026631,0.934927,-3.034785,0.699575,-1.676829,-0.806212,1.584957,-2.423710,3.196768
15.060000,1.040929,0.900913,-3.050268,0.729696,-1.724158,-0.741889,1.427090,-2.309249,3.235535
15.080000,1.055798,0.865976,-3.064456,0.756659,-1.769199,-0.676791,1.269222,-2.194789,3.274301
15.100000,1.071174,0.830160,-3.077334,0.780465,-1.811950,-0.610917,1.111355,-2.080328,3.313068
15.120000,1.086995,0.793513,-3.088887,0.801113,-1.852412,-0.544268,0.953488,-1.965867,3.351834
15.140000,1.103198,0.756079,-3.099100,0.818604,-1.890585,-0.476844,0.795621,-1.851407,3.390601
15.160000,1.119718,0.717905,-3.107956,0.832938,-1.926468,-0.408644,0.637753,-1.736946,3.429367
15.180000,1.136494,0.679036,-3.115440,0.844114,-1.960062,-0.339669,0.479886,-1.622485,3.468133
15.200000,1.153462,0.639518,-3.121537,0.852133,-1.991368,-0.269919,0.322019,-1.508024,3.506900
15.220000,1.170558,0.599396,-3.126232,0.856995,-2.020383,-0.199393,0.164152,-1.393564,3.545666
15.240000,1.187721,0.558718,-3.129508,0.858699,-2.047110,-0.128092,0.006284,-1.279103,3.584433
15.260000,1.204885,0.517527,-3.131350,0.857246,-2.071548,-0.056016,-0.151583,-1.164642,3.623199
15.280000,1.221989,0.475871,-3.131743,0.852636,-2.093696,0.016836,-0.309450,-1.050182,3.661965
15.300000,1.238970,0.433795,-3.130672,0.844868,-2.113555,0.090463,-0.467317,-0.935721,3.700732
15.320000,1.255763,0.391344,-3.128120,0.833943,-2.131125,0.164865,-0.625185,-0.821260,3.739498
15.340000,1.272306,0.348565,-3.124072,0.819861,-2.146405,0.240043,-0.783052,-0.706800,3.778265
15.360000,1.288536,0.305503,-3.118513,0.802621,-2.159397,0.315996,-0.940919,-0.592339,3.817031
15.380000,1.304390,0.262204,-3.111427,0.782224,-2.170099,0.392724,-1.098786,-0.477878,3.855797
15.400000,1.319804,0.218714,-3.102799,0.758670,-2.178512,0.470228,-1.256654,-0.363418,3.894564
15.420000,1.334716,0.175079,-3.092613,0.731958,-2.184635,0.548507,-1.414521,-0.248957,3.933330
15.440000,1.349062,0.131344,-3.080853,0.702089,-2.188470,0.627561,-1.572388,-0.134496,3.972097
15.460000,1.362778,0.087556,-3.067505,0.669063,-2.190015,0.707390,-1.730255,-0.020036,4.010863
15.480000,1.375803,0.043759,-3.052552,0.632879,-2.189271,0.787995,-1.888123,0.094425,4.049629
15.500000,1.388073,-0.000000,-3.035980,0.593538,-2.186238,0.869376,-2.045990,0.208886,4.088396
15.520000,1.399532,-0.043679,-3.017783,0.552308,-2.181417,0.949886,-2.076989,0.273214,3.962646
15.540000,1.410161,-0.087248,-2.998001,0.510458,-2.175310,1.027881,-2.107988,0.337542,3.836897
15.560000,1.419946,-0.130683,-2.976685,0.467988,-2.167916,1.103362,-2.138986,0.401870,3.711148
15.580000,1.428876,-0.173956,-2.953884,0.424899,-2.159235,1.176327,-2.169985,0.466198,3.585398
15.600000,1.436938,-0.217043,-2.929648,0.381189,-2.149268,1.246778,-2.200984,0.530526,3.459649
15.620000,1.444120,-0.259918,-2.904029,0.336859,-2.138014,1.314713,-2.231983,0.594854,3.333899
15.640000,1.450408,-0.302555,-2.877077,0.291910,-2.125474,1.380134,-2.262981,0.659182,3.208150
15.660000,1.455792,-0.344929,-2.848841,0.246340,-2.111647,1.443039,-2.293980,0.723511,3.082401
15.680000,1.460258,-0.387013,-2.819372,0.200150,-2.096533,1.503430,-2.324979,0.787839,2.956651
15.700000,1.463794,-0.428781,-2.788720,0.153341,-2.080133,1.561305,-2.355978,0.852167,2.830902
15.720000,1.466387,-0.470209,-2.756936,0.105911,-2.062446,1.616666,-2.386977,0.916495,2.705152
15.740000,1.468026,-0.511271,-2.724070,0.057862,-2.043473,1.669511,-2.417975,0.980823,2.579403
15.760000,1.468698,-0.551940,-2.690173,0.009192,-2.023214,1.719842,-2.448974,1.045151,2.453654
15.780000,1.468390,-0.592191,-2.655294,-0.040097,-2.001667,1.767658,-2.479973,1.109479,2.327904
15.800000,1.467090,-0.631998,-2.619483,-0.090007,-1.978834,1.812958,-2.510972,1.173807,2.202155
15.820000,1.464785,-0.671335,-2.582792,-0.140536,-1.954715,1.855744,-2.541970,1.238135,2.076405
15.840000,1.461464,-0.710178,-2.545270,-0.191685,-1.929309,1.896014,-2.572969,1.302463,1.950656
15.860000,1.457114,-0.748499,-2.506968,-0.243455,-1.902616,1.933770,-2.603968,1.366792,1.824906
15.880000,1.451722,-0.786274,-2.467936,-0.295844,-1.874637,1.969011,-2.634967,1.431120,1.699157
15.900000,1.445276,-0.823476,-2.428224,-0.348853,-1.845372,2.001736,-2.665966,1.495448,1.573408
15.920000,1.437763,-0.860080,-2.387883,-0.402483,-1.814819,2.031947,-2.696964,1.559776,1.447658
15.940000,1.429172,-0.896060,-2.346963,-0.456732,-1.782981,2.059643,-2.727963,1.624104,1.321909
15.960000,1.419490,-0.931391,-2.305515,-0.511601,-1.749855,2.084823,-2.758962,1.688432,1.196159
15.980000,1.408704,-0.966046,-2.263587,-0.567090,-1.715443,2.107489,-2.789961,1.752760,1.070410
16.000000,1.396802,-1.000000,-2.221232,-0.623200,-1.679745,2.127640,-2.820960,1.817088,0.944661
16.020000,1.383765,-1.033219,-2.178500,-0.681009,-1.641497,2.145077,-2.959965,2.007670,0.799073
16.040000,1.369543,-1.065634,-2.135448,-0.741598,-1.599438,2.159603,-3.098970,2.198252,0.653486
16.060000,1.354082,-1.097171,-2.092135,-0.804968,-1.553567,2.171216,-3.237976,2.388834,0.507898
16.080000,1.337326,-1.127752,-2.048619,-0.871117,-1.503885,2.179918,-3.376981,2.579416,0.362311
16.100000,1.319219,-1.157301,-2.004958,-0.940047,-1.450391,2.185709,-3.515986,2.769998,0.216723
16.120000,1.299706,-1.185742,-1.961210,-1.011757,-1.393085,2.188587,-3.654991,2.960580,0.071135
16.140000,1.278730,-1.212999,-1.917434,-1.086247,-1.331967,2.188554,-3.793997,3.151162,-0.074452
16.160000,1.256237,-1.238995,-1.873687,-1.163517,-1.267038,2.185609,-3.933002,3.341743,-0.220040
16.180000,1.232171,-1.263655,-1.830029,-1.243567,-1.198298,2.179753,-4.072007,3.532325,-0.365627
16.200000,1.206476,-1.286902,-1.786516,-1.326397,-1.125745,2.170984,-4.211013,3.722907,-0.511215
16.220000,1.179097,-1.308659,-1.743209,-1.412007,-1.049381,2.159304,-4.350018,3.913489,-0.656802
16.240000,1.149977,-1.328852,-1.700164,-1.500398,-0.969206,2.144712,-4.489023,4.104071,-0.802390
16.260000,1.119062,-1.347402,-1.657440,-1.591568,-0.885218,2.127209,-4.628029,4.294653,-0.947977
16.280000,1.086296,-1.364235,-1.615095,-1.685519,-0.797420,2.106793,-4.767034,4.485235,-1.093565
16.300000,1.051623,-1.379274,-1.573187,-1.782250,-0.705809,2.083466,-4.906039,4.675817,-1.239152
16.320000,1.014988,-1.392442,-1.531776,-1.881760,-0.610387,2.057227,-5.045045,4.866399,-1.384740
16.340000,0.976334,-1.403664,-1.490918,-1.984051,-0.511153,2.028076,-5.184050,5.056981,-1.530327
16.360000,0.935607,-1.412863,-1.450672,-2.089122,-0.408108,1.996014,-5.323055,5.247563,-1.675915
16.380000,0.892751,-1.419963,-1.411096,-2.196974,-0.301251,1.961040,-5.462061,5.438144,-1.821502
16.400000,0.847709,-1.424887,-1.372250,-2.307605,-0.190582,1.923154,-5.601066,5.628726,-1.967090
16.420000,0.800428,-1.427560,-1.334190,-2.421016,-0.076102,1.882356,-5.740071,5.819308,-2.112677
16.440000,0.750850,-1.427906,-1.296975,-2.537208,0.042190,1.838647,-5.879077,6.009890,-2.258265
16.460000,0.698921,-1.425847,-1.260663,-2.656179,0.164294,1.792026,-6.018082,6.200472,-2.403852
16.480000,0.644585,-1.421309,-1.225313,-2.777931,0.290209,1.742493,-6.157087,6.391054,-2.549440
16.500000,0.587785,-1.414214,-1.190983,-2.902463,0.419936,1.690048,-6.296093,6.581636,-2.695027
16.520000,0.528541,-1.404538,-1.157725,-3.018704,0.545632,1.635599,-5.328011,5.987915,-2.749833
16.540000,0.467166,-1.392467,-1.125566,-3.115583,0.659453,1.580055,-4.359930,5.394195,-2.804638
16.560000,0.404047,-1.378239,-1.094530,-3.193101,0.761399,1.523414,-3.391848,4.800474,-2.859444
16.580000,0.339571,-1.362091,-1.064637,-3.251257,0.851472,1.465677,-2.423767,4.206753,-2.914249
16.600000,0.274126,-1.344259,-1.035910,-3.290052,0.929670,1.406844,-1.455685,3.613033,-2.969055
16.620000,0.208098,-1.324983,-1.008371,-3.309485,0.995993,1.346915,-0.487604,3.019312,-3.023860
16.640000,0.141876,-1.304499,-0.982041,-3.309556,1.050442,1.285889,0.480477,2.425591,-3.078666
16.660000,0.075845,-1.283044,-0.956942,-3.290265,1.093017,1.223768,1.448559,1.831871,-3.133471
16.680000,0.010394,-1.260857,-0.933097,-3.251613,1.123717,1.160551,2.416640,1.238150,-3.188277
16.700000,-0.054090,-1.238175,-0.910528,-3.193600,1.142543,1.096237,3.384722,0.644429,-3.243082
16.720000,-0.117221,-1.215235,-0.889255,-3.116225,1.149494,1.030827,4.352803,0.050709,-3.297888
16.740000,-0.178610,-1.192274,-0.869302,-3.019488,1.144571,0.964322,5.320885,-0.543012,-3.352693
16.760000,-0.237871,-1.169531,-0.850690,-2.903389,1.127774,0.896720,6.288966,-1.136733,-3.407499
16.780000,-0.294617,-1.147243,-0.833440,-2.767929,1.099102,0.828022,7.257048,-1.730453,-3.462304
16.800000,-0.348459,-1.125646,-0.817576,-2.613107,1.058555,0.758227,8.225129,-2.324174,-3.517110
16.820000,-0.399012,-1.104980,-0.803119,-2.438924,1.006135,0.687337,9.193211,-2.917895,-3.571915
16.840000,-0.445887,-1.085480,-0.790090,-2.245379,0.941840,0.615351,10.161292,-3.511615,-3.626721
16.860000,-0.488698,-1.067385,-0.778512,-2.032472,0.865670,0.542268,11.129373,-4.105336,-3.681526
16.880000,-0.527057,-1.050932,-0.768406,-1.800204,0.777626,0.468090,12.097455,-4.699057,-3.736332
16.900000,-0.560577,-1.036359,-0.759796,-1.548574,0.677708,0.392815,13.065536,-5.292777,-3.791137
16.920000,-0.588871,-1.023903,-0.752701,-1.277582,0.565915,0.316444,14.033618,-5.886498,-3.845943
16.940000,-0.611551,-1.013802,-0.747145,-0.987229,0.442248,0.238977,15.001699,-6.480219,-3.900748
16.960000,-0.628231,-1.006292,-0.743149,-0.677514,0.306706,0.160414,15.969781,-7.073939,-3.955554
16.980000,-0.638523,-1.001613,-0.740736,-0.348438,0.159290,0.080755,16.937862,-7.667660,-4.010359
