0.000000,0.000000,0.000000,0.000000,0.000000,0.000000,0.000000,6.127404,-0.000001,-9.803847
0.020000,0.001211,-0.000000,-0.001938,0.120372,-0.000000,-0.192595,5.909760,-0.000001,-9.455617
0.040000,0.004786,-0.000000,-0.007657,0.236390,-0.000000,-0.378225,5.692116,-0.000001,-9.107386
0.060000,0.010638,-0.000000,-0.017020,0.348056,-0.000000,-0.556890,5.474471,-0.000001,-8.759155
0.080000,0.018679,-0.000000,-0.029887,0.455369,-0.000000,-0.728591,5.256827,-0.000001,-8.410924
0.100000,0.028823,-0.000000,-0.046117,0.558329,-0.000000,-0.893327,5.039183,-0.000001,-8.062693
0.120000,0.040983,-0.000000,-0.065573,0.656937,-0.000000,-1.051099,4.821539,-0.000000,-7.714462
0.140000,0.055072,-0.000000,-0.088115,0.751191,-0.000000,-1.201906,4.603894,-0.000000,-7.366231
0.160000,0.071002,-0.000000,-0.113603,0.841092,-0.000000,-1.345748,4.386250,-0.000000,-7.018001
0.180000,0.088686,-0.000000,-0.141898,0.926641,-0.000000,-1.482626,4.168606,-0.000000,-6.669770
0.200000,0.108038,-0.000000,-0.172862,1.007837,-0.000000,-1.612539,3.950962,-0.000000,-6.321539
0.220000,0.128971,-0.000000,-0.206353,1.084679,-0.000000,-1.735487,3.733317,-0.000000,-5.973308
0.240000,0.151397,-0.000000,-0.242235,1.157169,-0.000000,-1.851471,3.515673,-0.000000,-5.625077
0.260000,0.175229,-0.000000,-0.280366,1.225306,-0.000000,-1.960490,3.298029,-0.000000,-5.276846
0.280000,0.200380,-0.000000,-0.320608,1.289090,-0.000000,-2.062545,3.080385,-0.000000,-4.928616
0.300000,0.226763,-0.000000,-0.362821,1.348522,-0.000000,-2.157635,2.862740,-0.000000,-4.580385
0.320000,0.254292,-0.000000,-0.406867,1.403600,-0.000000,-2.245760,2.645096,-0.000000,-4.232154
0.340000,0.282878,-0.000000,-0.452605,1.454326,-0.000000,-2.326921,2.427452,0.000000,-3.883923
0.360000,0.312436,-0.000000,-0.499897,1.500698,-0.000000,-2.401117,2.209808,0.000000,-3.535692
0.380000,0.342877,-0.000000,-0.548603,1.542718,-0.000000,-2.468349,1.992163,0.000000,-3.187461
0.400000,0.374115,-0.000000,-0.598585,1.580385,-0.000000,-2.528616,1.774519,0.000000,-2.839231
0.420000,0.406063,-0.000000,-0.649702,1.613699,-0.000000,-2.581918,1.556875,0.000000,-2.491000
0.440000,0.438634,-0.000000,-0.701815,1.642660,-0.000000,-2.628256,1.339231,0.000000,-2.142769
0.460000,0.471741,-0.000000,-0.754785,1.667268,-0.000000,-2.667629,1.121586,0.000000,-1.794538
0.480000,0.505296,-0.000000,-0.808474,1.687523,-0.000000,-2.700037,0.903942,0.000000,-1.446307
0.500000,0.539213,-0.000000,-0.862740,1.703426,-0.000000,-2.725481,0.686298,0.000000,-1.098076
0.520000,0.573404,-0.000000,-0.917446,1.714975,-0.000000,-2.743960,0.468654,0.000000,-0.749845
0.540000,0.607783,-0.000000,-0.972452,1.722172,-0.000000,-2.755475,0.251009,0.000000,-0.401615
0.560000,0.642262,-0.000000,-1.027619,1.725015,-0.000000,-2.760025,0.033365,0.000000,-0.053384
0.580000,0.676754,-0.000000,-1.082807,1.723506,-0.000000,-2.757610,-0.184279,0.000001,0.294847
0.600000,0.711173,-0.000000,-1.137877,1.717644,-0.000000,-2.748231,-0.401923,0.000001,0.643078
0.620000,0.745431,-0.000000,-1.192690,1.707429,-0.000000,-2.731887,-0.619568,0.000001,0.991309
0.640000,0.779441,-0.000000,-1.247106,1.692862,-0.000000,-2.708578,-0.837212,0.000001,1.339540
0.660000,0.813117,-0.000000,-1.300987,1.673941,-0.000000,-2.678305,-1.054856,0.000001,1.687770
0.680000,0.846370,-0.000000,-1.354192,1.650667,0.000000,-2.641068,-1.272500,0.000001,2.036001
0.700000,0.879114,-0.000000,-1.406583,1.623041,0.000000,-2.596865,-1.490145,0.000001,2.384232
0.720000,0.911262,-0.000000,-1.458020,1.591062,0.000000,-2.545698,-1.707789,0.000001,2.732463
0.740000,0.942728,-0.000000,-1.508364,1.554729,0.000000,-2.487567,-1.925433,0.000001,3.080694
0.760000,0.973423,-0.000000,-1.557476,1.514044,0.000000,-2.422471,-2.143077,0.000001,3.428925
0.780000,1.003260,-0.000000,-1.605217,1.469006,0.000000,-2.350410,-2.360721,0.000001,3.777155
0.800000,1.032154,-0.000000,-1.651446,1.419615,0.000000,-2.271384,-2.578366,0.000001,4.125386
0.820000,1.060016,-0.000000,-1.696026,1.365872,0.000000,-2.185394,-2.796010,0.000001,4.473617
0.840000,1.086760,-0.000000,-1.738816,1.307775,0.000000,-2.092440,-3.013654,0.000001,4.821848
0.860000,1.112298,-0.000000,-1.779677,1.245325,0.000000,-1.992520,-3.231298,0.000001,5.170079
0.880000,1.136544,-0.000000,-1.818470,1.178523,0.000000,-1.885637,-3.448943,0.000001,5.518310
0.900000,1.159410,-0.000000,-1.855056,1.107368,0.000000,-1.771788,-3.666587,0.000001,5.866541
0.920000,1.180809,-0.000000,-1.889295,1.031860,0.000000,-1.650975,-3.884231,0.000001,6.214771
0.940000,1.200655,-0.000000,-1.921048,0.951998,0.000000,-1.523197,-4.101875,0.000001,6.563002
0.960000,1.218860,-0.000000,-1.950177,0.867785,0.000000,-1.388455,-4.319520,0.000001,6.911233
0.980000,1.235338,-0.000000,-1.976540,0.779218,0.000000,-1.246748,-4.537164,0.000001,7.259464
1.000000,1.250000,0.000000,-2.000000,0.686298,0.000000,-1.098076,-4.754808,0.000001,7.607695
1.020000,1.262791,0.000000,-2.020466,0.593613,0.000000,-0.949781,-4.513654,0.000001,7.221848
1.040000,1.273777,0.000000,-2.038043,0.505752,0.000000,-0.809202,-4.272500,0.000001,6.836001
1.060000,1.283053,0.000000,-2.052885,0.422713,0.000000,-0.676341,-4.031346,0.000000,6.450155
1.080000,1.290717,0.000000,-2.065148,0.344498,0.000000,-0.551196,-3.790192,0.000000,6.064308
1.100000,1.296865,0.000000,-2.074985,0.271106,0.000000,-0.433769,-3.549038,-0.000000,5.678461
1.120000,1.301594,0.000000,-2.082550,0.202536,0.000000,-0.324058,-3.307884,-0.000001,5.292614
1.140000,1.304999,0.000000,-2.087998,0.138790,0.000000,-0.222064,-3.066730,-0.000001,4.906768
1.160000,1.307178,0.000000,-2.091484,0.079867,0.000000,-0.127787,-2.825576,-0.000001,4.520921
1.180000,1.308226,0.000000,-2.093161,0.025767,0.000000,-0.041227,-2.584423,-0.000002,4.135074
1.200000,1.308240,0.000000,-2.093184,-0.023510,0.000000,0.037616,-2.343269,-0.000002,3.749227
1.220000,1.307318,0.000000,-2.091708,-0.067964,0.000000,0.108742,-2.102115,-0.000002,3.363381
1.240000,1.305554,0.000000,-2.088886,-0.107594,0.000000,0.172151,-1.860961,-0.000003,2.977534
1.260000,1.303046,0.000000,-2.084873,-0.142402,0.000000,0.227843,-1.619807,-0.000003,2.591687
1.280000,1.299890,0.000000,-2.079824,-0.172387,0.000000,0.275819,-1.378653,-0.000003,2.205840
1.300000,1.296183,0.000000,-2.073892,-0.197548,0.000000,0.316077,-1.137499,-0.000004,1.819994
1.320000,1.292020,0.000000,-2.067232,-0.217887,-0.000000,0.348618,-0.896345,-0.000004,1.434147
1.340000,1.287499,0.000000,-2.059999,-0.233402,-0.000000,0.373443,-0.655191,-0.000005,1.048300
1.360000,1.282716,0.000000,-2.052346,-0.244094,-0.000000,0.390550,-0.414037,-0.000005,0.662454
1.380000,1.277768,0.000000,-2.044428,-0.249963,-0.000000,0.399941,-0.172883,-0.000005,0.276607
1.400000,1.272750,0.000000,-2.036400,-0.251009,-0.000000,0.401615,0.068271,-0.000006,-0.109240
1.420000,1.267760,0.000000,-2.028415,-0.247233,-0.000001,0.395571,0.309425,-0.000006,-0.495087
1.440000,1.262893,0.000000,-2.020628,-0.238632,-0.000001,0.381811,0.550579,-0.000006,-0.880933
1.460000,1.258246,0.000000,-2.013194,-0.225209,-0.000001,0.360334,0.791733,-0.000007,-1.266780
1.480000,1.253917,0.000000,-2.006267,-0.206963,-0.000001,0.331140,1.032887,-0.000007,-1.652627
1.500000,1.250000,0.000000,-2.000000,-0.183894,-0.000001,0.294229,1.274041,-0.000007,-2.038474
1.520000,1.246573,-0.000000,-1.994516,-0.159059,-0.000001,0.254493,1.209425,-0.000006,-1.935087
1.540000,1.243629,-0.000000,-1.989806,-0.135517,-0.000001,0.216826,1.144809,-0.000005,-1.831700
1.560000,1.241143,-0.000000,-1.985829,-0.113267,-0.000001,0.181225,1.080193,-0.000003,-1.728313
1.580000,1.239090,-0.000000,-1.982544,-0.092309,-0.000001,0.147693,1.015577,-0.000002,-1.624926
1.600000,1.237442,-0.000000,-1.979908,-0.072644,-0.000001,0.116228,0.950962,-0.000000,-1.521539
1.620000,1.236175,-0.000000,-1.977881,-0.054271,-0.000001,0.086831,0.886346,0.000001,-1.418152
1.640000,1.235263,-0.000000,-1.976421,-0.037190,-0.000001,0.059502,0.821730,0.000003,-1.314765
1.660000,1.234679,-0.000000,-1.975487,-0.021401,-0.000001,0.034241,0.757114,0.000004,-1.211378
1.680000,1.234398,-0.000000,-1.975037,-0.006905,-0.000001,0.011047,0.692498,0.000005,-1.107991
1.700000,1.234394,-0.000000,-1.975031,0.006298,-0.000001,-0.010079,0.627882,0.000007,-1.004604
1.720000,1.234642,-0.000000,-1.975427,0.018210,-0.000001,-0.029137,0.563267,0.000008,-0.901217
1.740000,1.235114,-0.000000,-1.976183,0.028829,-0.000001,-0.046128,0.498651,0.000010,-0.797831
1.760000,1.235786,-0.000000,-1.977258,0.038156,-0.000001,-0.061050,0.434035,0.000011,-0.694444
1.780000,1.236632,-0.000000,-1.978611,0.046191,-0.000000,-0.073905,0.369419,0.000012,-0.591057
1.800000,1.237625,-0.000000,-1.980201,0.052933,-0.000000,-0.084693,0.304803,0.000014,-0.487670
1.820000,1.238740,-0.000000,-1.981985,0.058383,0.000000,-0.093412,0.240187,0.000015,-0.384283
1.840000,1.239952,-0.000000,-1.983923,0.062540,0.000000,-0.100064,0.175571,0.000017,-0.280896
1.860000,1.241233,-0.000000,-1.985974,0.065405,0.000001,-0.104648,0.110956,0.000018,-0.177509
1.880000,1.242559,-0.000000,-1.988095,0.066978,0.000001,-0.107164,0.046340,0.000019,-0.074122
1.900000,1.243904,-0.000000,-1.990247,0.067259,0.000002,-0.107613,-0.018276,0.000021,0.029265
1.920000,1.245241,-0.000000,-1.992386,0.066247,0.000002,-0.105994,-0.082892,0.000022,0.132652
1.940000,1.246545,-0.000000,-1.994473,0.063943,0.000002,-0.102307,-0.147508,0.000024,0.236039
1.960000,1.247790,-0.000000,-1.996465,0.060347,0.000003,-0.096552,-0.212124,0.000025,0.339426
1.980000,1.248950,-0.000000,-1.998321,0.055458,0.000003,-0.088730,-0.276740,0.000026,0.442813
2.000000,1.250000,0.000000,-2.000000,0.049277,0.000004,-0.078840,-0.341355,0.000028,0.546199
2.020000,1.250918,0.000000,-2.001469,0.042623,0.000005,-0.068193,-0.324046,0.000023,0.518499
2.040000,1.251707,0.000000,-2.002731,0.036316,0.000005,-0.058100,-0.306737,0.000017,0.490798
2.060000,1.252373,0.000000,-2.003797,0.030354,0.000005,-0.048561,-0.289427,0.000012,0.463097
2.080000,1.252924,0.000000,-2.004678,0.024739,0.000005,-0.039576,-0.272118,0.000007,0.435396
2.100000,1.253365,0.000000,-2.005384,0.019469,0.000005,-0.031145,-0.254808,0.000001,0.407695
2.120000,1.253705,0.000001,-2.005927,0.014546,0.000005,-0.023268,-0.237499,-0.000004,0.379994
2.140000,1.253949,0.000001,-2.006318,0.009969,0.000005,-0.015945,-0.220189,-0.000009,0.352293
2.160000,1.254106,0.000001,-2.006569,0.005739,0.000005,-0.009176,-0.202880,-0.000014,0.324592
2.180000,1.254181,0.000001,-2.006689,0.001854,0.000005,-0.002961,-0.185570,-0.000020,0.296891
2.200000,1.254182,0.000001,-2.006691,-0.001684,0.000004,0.002699,-0.168261,-0.000025,0.269190
2.220000,1.254116,0.000001,-2.006585,-0.004876,0.000004,0.007806,-0.150951,-0.000030,0.241489
2.240000,1.253990,0.000001,-2.006382,-0.007722,0.000003,0.012359,-0.133642,-0.000035,0.213788
2.260000,1.253810,0.000001,-2.006094,-0.010222,0.000002,0.016358,-0.116333,-0.000041,0.186087
2.280000,1.253583,0.000001,-2.005731,-0.012375,0.000001,0.019802,-0.099023,-0.000046,0.158386
2.300000,1.253317,0.000001,-2.005306,-0.014183,0.000001,0.022693,-0.081714,-0.000051,0.130685
2.320000,1.253018,0.000001,-2.004827,-0.015644,-0.000001,0.025030,-0.064404,-0.000056,0.102984
2.340000,1.252693,0.000001,-2.004308,-0.016759,-0.000002,0.026813,-0.047095,-0.000062,0.075283
2.360000,1.252350,0.000001,-2.003759,-0.017528,-0.000003,0.028041,-0.029785,-0.000067,0.047582
2.380000,1.251995,0.000001,-2.003190,-0.017950,-0.000004,0.028716,-0.012476,-0.000072,0.019881
2.400000,1.251634,0.000001,-2.002614,-0.018027,-0.000006,0.028836,0.004834,-0.000077,-0.007820
2.420000,1.251276,0.000001,-2.002040,-0.017757,-0.000008,0.028403,0.022143,-0.000083,-0.035520
2.440000,1.250926,0.000001,-2.001481,-0.017141,-0.000009,0.027416,0.039453,-0.000088,-0.063221
2.460000,1.250593,0.000001,-2.000947,-0.016179,-0.000011,0.025874,0.056762,-0.000093,-0.090922
2.480000,1.250281,0.000000,-2.000450,-0.014871,-0.000013,0.023779,0.074072,-0.000099,-0.118623
2.500000,1.250000,0.000000,-2.000000,-0.013216,-0.000015,0.021129,0.091381,-0.000104,-0.146324
2.520000,1.249754,-0.000000,-1.999606,-0.011435,-0.000017,0.018277,0.086759,-0.000084,-0.138907
2.540000,1.249542,-0.000001,-1.999268,-0.009746,-0.000018,0.015573,0.082137,-0.000064,-0.131491
2.560000,1.249363,-0.000001,-1.998982,-0.008149,-0.000019,0.013017,0.077515,-0.000045,-0.124074
2.580000,1.249215,-0.000001,-1.998746,-0.006645,-0.000020,0.010610,0.072893,-0.000025,-0.116657
2.600000,1.249097,-0.000002,-1.998557,-0.005234,-0.000020,0.008351,0.068271,-0.000006,-0.109240
2.620000,1.249005,-0.000002,-1.998411,-0.003914,-0.000020,0.006240,0.063649,0.000014,-0.101823
2.640000,1.248940,-0.000003,-1.998306,-0.002688,-0.000020,0.004278,0.059027,0.000034,-0.094406
2.660000,1.248897,-0.000003,-1.998239,-0.001553,-0.000019,0.002464,0.054405,0.000053,-0.086989
2.680000,1.248877,-0.000003,-1.998207,-0.000511,-0.000018,0.000799,0.049783,0.000073,-0.079572
2.700000,1.248876,-0.000004,-1.998206,0.000438,-0.000016,-0.000719,0.045161,0.000093,-0.072155
2.720000,1.248894,-0.000004,-1.998234,0.001295,-0.000014,-0.002088,0.040539,0.000112,-0.064739
2.740000,1.248927,-0.000004,-1.998289,0.002060,-0.000012,-0.003308,0.035917,0.000132,-0.057322
2.760000,1.248976,-0.000005,-1.998366,0.002732,-0.000009,-0.004381,0.031295,0.000152,-0.049905
2.780000,1.249036,-0.000005,-1.998463,0.003311,-0.000006,-0.005304,0.026673,0.000171,-0.042488
2.800000,1.249107,-0.000005,-1.998577,0.003799,-0.000002,-0.006080,0.022051,0.000191,-0.035071
2.820000,1.249187,-0.000005,-1.998705,0.004194,0.000002,-0.006707,0.017429,0.000211,-0.027654
2.840000,1.249274,-0.000005,-1.998844,0.004496,0.000007,-0.007186,0.012807,0.000230,-0.020237
2.860000,1.249367,-0.000004,-1.998992,0.004706,0.000011,-0.007517,0.008185,0.000250,-0.012820
2.880000,1.249462,-0.000004,-1.999144,0.004823,0.000017,-0.007699,0.003563,0.000270,-0.005404
2.900000,1.249559,-0.000004,-1.999299,0.004848,0.000022,-0.007733,-0.001059,0.000289,0.002013
2.920000,1.249655,-0.000003,-1.999452,0.004781,0.000028,-0.007619,-0.005681,0.000309,0.009430
2.940000,1.249750,-0.000003,-1.999602,0.004621,0.000034,-0.007356,-0.010303,0.000328,0.016847
2.960000,1.249840,-0.000002,-1.999746,0.004369,0.000041,-0.006945,-0.014925,0.000348,0.024264
2.980000,1.249924,-0.000001,-1.999879,0.004024,0.000048,-0.006385,-0.019547,0.000368,0.031681
3.000000,1.250000,-0.000000,-2.000000,0.003587,0.000056,-0.005677,-0.024169,0.000387,0.039098
3.020000,1.250067,0.000001,-2.000106,0.003115,0.000063,-0.004915,-0.022990,0.000314,0.037131
3.040000,1.250125,0.000003,-2.000197,0.002667,0.000068,-0.004192,-0.021812,0.000241,0.035165
3.060000,1.250174,0.000004,-2.000274,0.002243,0.000073,-0.003509,-0.020633,0.000167,0.033198
3.080000,1.250215,0.000005,-2.000337,0.001842,0.000075,-0.002864,-0.019455,0.000094,0.031231
3.100000,1.250248,0.000007,-2.000389,0.001465,0.000076,-0.002259,-0.018276,0.000021,0.029265
3.120000,1.250273,0.000008,-2.000428,0.001111,0.000076,-0.001694,-0.017098,-0.000053,0.027298
3.140000,1.250292,0.000010,-2.000457,0.000781,0.000074,-0.001167,-0.015919,-0.000126,0.025332
3.160000,1.250305,0.000011,-2.000475,0.000474,0.000071,-0.000680,-0.014741,-0.000199,0.023365
3.180000,1.250311,0.000013,-2.000484,0.000191,0.000066,-0.000233,-0.013562,-0.000273,0.021399
3.200000,1.250313,0.000014,-2.000485,-0.000068,0.000060,0.000176,-0.012384,-0.000346,0.019432
3.220000,1.250309,0.000015,-2.000477,-0.000304,0.000052,0.000545,-0.011205,-0.000419,0.017465
3.240000,1.250301,0.000016,-2.000463,-0.000516,0.000043,0.000874,-0.010027,-0.000493,0.015499
3.260000,1.250288,0.000017,-2.000443,-0.000705,0.000033,0.001164,-0.008848,-0.000566,0.013532
3.280000,1.250273,0.000017,-2.000417,-0.000870,0.000021,0.001415,-0.007670,-0.000639,0.011566
3.300000,1.250254,0.000018,-2.000386,-0.001012,0.000007,0.001627,-0.006492,-0.000713,0.009599
3.320000,1.250232,0.000018,-2.000352,-0.001130,-0.000008,0.001799,-0.005313,-0.000786,0.007633
3.340000,1.250209,0.000017,-2.000315,-0.001225,-0.000024,0.001932,-0.004135,-0.000859,0.005666
3.360000,1.250183,0.000017,-2.000275,-0.001295,-0.000042,0.002026,-0.002956,-0.000932,0.003700
3.380000,1.250157,0.000016,-2.000234,-0.001343,-0.000062,0.002080,-0.001778,-0.001006,0.001733
3.400000,1.250130,0.000014,-2.000192,-0.001367,-0.000082,0.002095,-0.000599,-0.001079,-0.000234
3.420000,1.250102,0.000012,-2.000150,-0.001367,-0.000105,0.002071,0.000579,-0.001152,-0.002200
3.440000,1.250075,0.000010,-2.000109,-0.001343,-0.000129,0.002007,0.001758,-0.001226,-0.004167
3.460000,1.250049,0.000007,-2.000070,-0.001296,-0.000154,0.001904,0.002936,-0.001299,-0.006133
3.480000,1.250024,0.000004,-2.000033,-0.001226,-0.000180,0.001762,0.004115,-0.001372,-0.008100
3.500000,1.250000,0.000000,-2.000000,-0.001132,-0.000209,0.001580,0.005293,-0.001446,-0.010066
3.520000,1.249978,-0.000004,-1.999970,-0.001027,-0.000235,0.001384,0.005201,-0.001172,-0.009617
3.540000,1.249959,-0.000009,-1.999945,-0.000924,-0.000256,0.001196,0.005109,-0.000898,-0.009168
3.560000,1.249941,-0.000015,-1.999922,-0.000823,-0.000271,0.001017,0.005017,-0.000625,-0.008718
3.580000,1.249926,-0.000020,-1.999904,-0.000723,-0.000281,0.000847,0.004926,-0.000351,-0.008269
3.600000,1.249913,-0.000026,-1.999889,-0.000626,-0.000285,0.000686,0.004834,-0.000077,-0.007820
3.620000,1.249901,-0.000032,-1.999876,-0.000530,-0.000284,0.000534,0.004742,0.000196,-0.007370
3.640000,1.249891,-0.000037,-1.999867,-0.000436,-0.000277,0.000391,0.004650,0.000470,-0.006921
3.660000,1.249884,-0.000043,-1.999861,-0.000344,-0.000265,0.000257,0.004558,0.000744,-0.006471
3.680000,1.249878,-0.000048,-1.999857,-0.000254,-0.000247,0.000132,0.004466,0.001017,-0.006022
3.700000,1.249873,-0.000052,-1.999855,-0.000165,-0.000224,0.000016,0.004374,0.001291,-0.005573
3.720000,1.249871,-0.000057,-1.999856,-0.000079,-0.000196,-0.000090,0.004282,0.001564,-0.005123
3.740000,1.249870,-0.000060,-1.999859,0.000006,-0.000162,-0.000188,0.004191,0.001838,-0.004674
3.760000,1.249871,-0.000063,-1.999864,0.000089,-0.000122,-0.000277,0.004099,0.002112,-0.004224
3.780000,1.249874,-0.000065,-1.999870,0.000170,-0.000077,-0.000357,0.004007,0.002385,-0.003775
3.800000,1.249878,-0.000066,-1.999878,0.000249,-0.000027,-0.000428,0.003915,0.002659,-0.003326
3.820000,1.249884,-0.000066,-1.999887,0.000327,0.000029,-0.000490,0.003823,0.002933,-0.002876
3.840000,1.249891,-0.000065,-1.999897,0.000402,0.000091,-0.000543,0.003731,0.003206,-0.002427
3.860000,1.249900,-0.000062,-1.999909,0.000476,0.000157,-0.000588,0.003639,0.003480,-0.001978
3.880000,1.249910,-0.000059,-1.999921,0.000548,0.000230,-0.000623,0.003547,0.003754,-0.001528
3.900000,1.249922,-0.000053,-1.999933,0.000618,0.000308,-0.000649,0.003455,0.004027,-0.001079
3.920000,1.249935,-0.000046,-1.999947,0.000686,0.000391,-0.000666,0.003364,0.004301,-0.000629
3.940000,1.249949,-0.000038,-1.999960,0.000752,0.000480,-0.000674,0.003272,0.004575,-0.000180
3.960000,1.249965,-0.000027,-1.999974,0.000817,0.000574,-0.000673,0.003180,0.004848,0.000269
3.980000,1.249982,-0.000015,-1.999987,0.000880,0.000674,-0.000663,0.003088,0.005122,0.000719
4.000000,1.250000,0.000000,-2.000000,0.000940,0.000779,-0.000644,0.002996,0.005396,0.001168
4.020000,1.250019,0.000017,-2.000013,0.000992,0.000877,-0.000619,0.002185,0.004374,0.001337
4.040000,1.250040,0.000035,-2.000025,0.001028,0.000954,-0.000591,0.001374,0.003353,0.001506
4.060000,1.250060,0.000055,-2.000036,0.001047,0.001011,-0.000559,0.000563,0.002332,0.001675
4.080000,1.250081,0.000075,-2.000047,0.001050,0.001047,-0.000524,-0.000248,0.001310,0.001844
4.100000,1.250102,0.000096,-2.000057,0.001037,0.001063,-0.000485,-0.001059,0.000289,0.002013
4.120000,1.250123,0.000118,-2.000066,0.001008,0.001059,-0.000443,-0.001870,-0.000732,0.002182
4.140000,1.250142,0.000139,-2.000075,0.000963,0.001034,-0.000398,-0.002680,-0.001753,0.002351
4.160000,1.250161,0.000159,-2.000082,0.000901,0.000988,-0.000349,-0.003491,-0.002775,0.002520
4.180000,1.250178,0.000178,-2.000089,0.000823,0.000923,-0.000297,-0.004302,-0.003796,0.002689
4.200000,1.250194,0.000196,-2.000094,0.000729,0.000837,-0.000242,-0.005113,-0.004817,0.002858
4.220000,1.250207,0.000211,-2.000098,0.000618,0.000730,-0.000183,-0.005924,-0.005839,0.003027
4.240000,1.250219,0.000225,-2.000101,0.000492,0.000603,-0.000120,-0.006735,-0.006860,0.003197
4.260000,1.250227,0.000235,-2.000103,0.000349,0.000456,-0.000055,-0.007546,-0.007881,0.003366
4.280000,1.250232,0.000243,-2.000104,0.000190,0.000288,0.000014,-0.008357,-0.008903,0.003535
4.300000,1.250234,0.000247,-2.000103,0.000015,0.000100,0.000087,-0.009168,-0.009924,0.003704
4.320000,1.250233,0.000247,-2.000100,-0.000177,-0.000109,0.000162,-0.009979,-0.010945,0.003873
4.340000,1.250227,0.000242,-2.000096,-0.000385,-0.000338,0.000241,-0.010790,-0.011967,0.004042
4.360000,1.250217,0.000233,-2.000090,-0.000608,-0.000588,0.000324,-0.011601,-0.012988,0.004211
4.380000,1.250203,0.000219,-2.000083,-0.000849,-0.000858,0.000410,-0.012412,-0.014009,0.004380
4.400000,1.250183,0.000198,-2.000074,-0.001105,-0.001148,0.000499,-0.013222,-0.015031,0.004549
4.420000,1.250159,0.000172,-2.000063,-0.001377,-0.001459,0.000592,-0.014033,-0.016052,0.004718
4.440000,1.250128,0.000140,-2.000050,-0.001666,-0.001790,0.000688,-0.014844,-0.017073,0.004887
4.460000,1.250092,0.000101,-2.000036,-0.001971,-0.002142,0.000787,-0.015655,-0.018095,0.005056
4.480000,1.250049,0.000054,-2.000019,-0.002292,-0.002514,0.000890,-0.016466,-0.019116,0.005225
4.500000,1.250000,0.000000,-2.000000,-0.002630,-0.002907,0.000996,-0.017277,-0.020137,0.005394
4.520000,1.249944,-0.000062,-1.999979,-0.002942,-0.003271,0.001093,-0.013941,-0.016326,0.004268
4.540000,1.249883,-0.000130,-1.999956,-0.003188,-0.003560,0.001167,-0.010606,-0.012514,0.003143
4.560000,1.249817,-0.000204,-1.999933,-0.003366,-0.003772,0.001219,-0.007270,-0.008702,0.002017
4.580000,1.249749,-0.000281,-1.999908,-0.003478,-0.003908,0.001248,-0.003935,-0.004891,0.000892
4.600000,1.249678,-0.000360,-1.999883,-0.003524,-0.003967,0.001254,-0.000599,-0.001079,-0.000234
4.620000,1.249608,-0.000439,-1.999858,-0.003502,-0.003951,0.001238,0.002736,0.002732,-0.001359
4.640000,1.249539,-0.000517,-1.999833,-0.003414,-0.003858,0.001200,0.006072,0.006544,-0.002485
4.660000,1.249472,-0.000593,-1.999810,-0.003259,-0.003689,0.001139,0.009408,0.010356,-0.003610
4.680000,1.249409,-0.000664,-1.999788,-0.003038,-0.003444,0.001056,0.012743,0.014167,-0.004736
4.700000,1.249351,-0.000730,-1.999768,-0.002750,-0.003122,0.000950,0.016079,0.017979,-0.005861
4.720000,1.249299,-0.000789,-1.999750,-0.002395,-0.002725,0.000821,0.019414,0.021790,-0.006987
4.740000,1.249256,-0.000838,-1.999735,-0.001973,-0.002251,0.000670,0.022750,0.025602,-0.008112
4.760000,1.249221,-0.000878,-1.999723,-0.001485,-0.001701,0.000497,0.026085,0.029414,-0.009238
4.780000,1.249197,-0.000906,-1.999715,-0.000930,-0.001074,0.000301,0.029421,0.033225,-0.010363
4.800000,1.249184,-0.000921,-1.999712,-0.000308,-0.000372,0.000082,0.032757,0.037037,-0.011489
4.820000,1.249185,-0.000920,-1.999712,0.000381,0.000407,-0.000159,0.036092,0.040849,-0.012614
4.840000,1.249200,-0.000904,-1.999718,0.001136,0.001262,-0.000422,0.039428,0.044660,-0.013740
4.860000,1.249231,-0.000869,-1.999729,0.001958,0.002194,-0.000709,0.042763,0.048472,-0.014865
4.880000,1.249279,-0.000815,-1.999747,0.002846,0.003201,-0.001017,0.046099,0.052283,-0.015991
4.900000,1.249345,-0.000741,-1.999770,0.003802,0.004285,-0.001348,0.049434,0.056095,-0.017116
4.920000,1.249431,-0.000644,-1.999801,0.004824,0.005445,-0.001702,0.052770,0.059907,-0.018242
4.940000,1.249538,-0.000522,-1.999838,0.005912,0.006681,-0.002078,0.056106,0.063718,-0.019367
4.960000,1.249668,-0.000376,-1.999884,0.007068,0.007994,-0.002476,0.059441,0.067530,-0.020493
4.980000,1.249821,-0.000202,-1.999938,0.008290,0.009382,-0.002898,0.062777,0.071341,-0.021618
5.000000,1.250000,0.000000,-2.000000,0.009579,0.010847,-0.003341,0.066112,0.075153,-0.022744
5.020000,1.250204,0.000231,-2.000071,0.010776,0.012208,-0.003753,0.053581,0.060928,-0.018411
5.040000,1.250429,0.000486,-2.000150,0.011722,0.013285,-0.004078,0.041050,0.046703,-0.014078
5.060000,1.250671,0.000761,-2.000234,0.012418,0.014076,-0.004316,0.028518,0.032478,-0.009745
5.080000,1.250924,0.001048,-2.000322,0.012863,0.014584,-0.004467,0.015987,0.018253,-0.005412
5.100000,1.251184,0.001342,-2.000412,0.013057,0.014806,-0.004532,0.003455,0.004027,-0.001079
5.120000,1.251445,0.001638,-2.000502,0.013001,0.014745,-0.004511,-0.009076,-0.010198,0.003254
5.140000,1.251702,0.001930,-2.000592,0.012694,0.014399,-0.004402,-0.021607,-0.024423,0.007587
5.160000,1.251951,0.002212,-2.000678,0.012137,0.013768,-0.004207,-0.034139,-0.038648,0.011920
5.180000,1.252186,0.002479,-2.000759,0.011329,0.012853,-0.003925,-0.046670,-0.052873,0.016253
5.200000,1.252403,0.002724,-2.000834,0.010270,0.011653,-0.003557,-0.059201,-0.067098,0.020586
5.220000,1.252595,0.002943,-2.000901,0.008961,0.010169,-0.003102,-0.071733,-0.081323,0.024919
5.240000,1.252759,0.003129,-2.000958,0.007401,0.008400,-0.002560,-0.084264,-0.095548,0.029252
5.260000,1.252890,0.003277,-2.001003,0.005590,0.006347,-0.001932,-0.096796,-0.109773,0.033585
5.280000,1.252981,0.003381,-2.001034,0.003529,0.004009,-0.001217,-0.109327,-0.123999,0.037918
5.300000,1.253029,0.003435,-2.001051,0.001217,0.001387,-0.000415,-0.121858,-0.138224,0.042251
5.320000,1.253028,0.003435,-2.001050,-0.001345,-0.001520,0.000473,-0.134390,-0.152449,0.046585
5.340000,1.252974,0.003373,-2.001031,-0.004159,-0.004711,0.001448,-0.146921,-0.166674,0.050918
5.360000,1.252860,0.003244,-2.000992,-0.007222,-0.008187,0.002510,-0.159452,-0.180899,0.055251
5.380000,1.252683,0.003043,-2.000930,-0.010537,-0.011947,0.003658,-0.171984,-0.195124,0.059584
5.400000,1.252437,0.002764,-2.000845,-0.014102,-0.015992,0.004893,-0.184515,-0.209349,0.063917
5.420000,1.252117,0.002402,-2.000734,-0.017917,-0.020321,0.006215,-0.197047,-0.223574,0.068250
5.440000,1.251719,0.001950,-2.000596,-0.021983,-0.024935,0.007623,-0.209578,-0.237799,0.072583
5.460000,1.251236,0.001403,-2.000429,-0.026300,-0.029833,0.009118,-0.222109,-0.252024,0.076916
5.480000,1.250665,0.000755,-2.000231,-0.030868,-0.035016,0.010700,-0.234641,-0.266250,0.081249
5.500000,1.250000,0.000000,-2.000000,-0.035686,-0.040483,0.012368,-0.247172,-0.280475,0.085582
5.520000,1.249240,-0.000862,-1.999737,-0.040162,-0.045562,0.013918,-0.200382,-0.227386,0.069375
5.540000,1.248400,-0.001815,-1.999445,-0.043701,-0.049578,0.015143,-0.153592,-0.174297,0.053169
5.560000,1.247498,-0.002838,-1.999133,-0.046305,-0.052534,0.016045,-0.106802,-0.121208,0.036962
5.580000,1.246554,-0.003910,-1.998806,-0.047973,-0.054427,0.016622,-0.060012,-0.068119,0.020755
5.600000,1.245585,-0.005008,-1.998470,-0.048706,-0.055258,0.016875,-0.013222,-0.015031,0.004549
5.620000,1.244612,-0.006113,-1.998133,-0.048502,-0.055028,0.016804,0.033567,0.038058,-0.011658
5.640000,1.243652,-0.007202,-1.997800,-0.047363,-0.053736,0.016409,0.080357,0.091147,-0.027864
5.660000,1.242724,-0.008255,-1.997479,-0.045288,-0.051382,0.015689,0.127147,0.144236,-0.044071
5.680000,1.241846,-0.009251,-1.997175,-0.042277,-0.047967,0.014646,0.173937,0.197325,-0.060278
5.700000,1.241039,-0.010167,-1.996895,-0.038330,-0.043489,0.013278,0.220727,0.250414,-0.076484
5.720000,1.240319,-0.010983,-1.996646,-0.033448,-0.037950,0.011586,0.267517,0.303502,-0.092691
5.740000,1.239707,-0.011678,-1.996434,-0.027630,-0.031349,0.009570,0.314307,0.356591,-0.108897
5.760000,1.239220,-0.012230,-1.996265,-0.020876,-0.023686,0.007230,0.361097,0.409680,-0.125104
5.780000,1.238878,-0.012618,-1.996147,-0.013186,-0.014962,0.004566,0.407887,0.462769,-0.141311
5.800000,1.238699,-0.012821,-1.996085,-0.004560,-0.005176,0.001578,0.454677,0.515858,-0.157517
5.820000,1.238702,-0.012818,-1.996086,0.005001,0.005672,-0.001734,0.501467,0.568946,-0.173724
5.840000,1.238905,-0.012587,-1.996156,0.015498,0.017582,-0.005371,0.548256,0.622035,-0.189930
5.860000,1.239328,-0.012108,-1.996303,0.026931,0.030554,-0.009332,0.595046,0.675124,-0.206137
5.880000,1.239989,-0.011358,-1.996532,0.039300,0.044587,-0.013616,0.641836,0.728213,-0.222344
5.900000,1.240906,-0.010317,-1.996850,0.052605,0.059682,-0.018225,0.688626,0.781302,-0.238550
5.920000,1.242099,-0.008964,-1.997263,0.066845,0.075839,-0.023158,0.735416,0.834391,-0.254757
5.940000,1.243587,-0.007277,-1.997778,0.082021,0.093058,-0.028416,0.782206,0.887479,-0.270963
5.960000,1.245387,-0.005234,-1.998402,0.098134,0.111338,-0.033997,0.828996,0.940568,-0.287170
5.980000,1.247518,-0.002816,-1.999140,0.115181,0.130681,-0.039902,0.875786,0.993657,-0.303377
6.000000,1.250000,-0.000000,-2.000000,0.133165,0.151085,-0.046132,0.922576,1.046746,-0.319583
6.020000,1.252845,0.003230,-2.000987,0.151262,0.171810,-0.052564,0.887153,1.025811,-0.323612
6.040000,1.256046,0.006870,-2.002103,0.168651,0.192117,-0.059077,0.851731,1.004876,-0.327640
6.060000,1.259587,0.010912,-2.003350,0.185331,0.212005,-0.065670,0.816309,0.983941,-0.331669
6.080000,1.263454,0.015347,-2.004730,0.201303,0.231475,-0.072343,0.780887,0.963006,-0.335697
6.100000,1.267634,0.020168,-2.006245,0.216567,0.250526,-0.079098,0.745465,0.942071,-0.339726
6.120000,1.272112,0.025365,-2.007895,0.231122,0.269158,-0.085932,0.710042,0.921136,-0.343754
6.140000,1.276874,0.030931,-2.009683,0.244969,0.287371,-0.092848,0.674620,0.900201,-0.347783
6.160000,1.281906,0.036857,-2.011609,0.258107,0.305166,-0.099844,0.639198,0.879266,-0.351812
6.180000,1.287194,0.043135,-2.013677,0.270537,0.322542,-0.106920,0.603776,0.858332,-0.355840
6.200000,1.292723,0.049756,-2.015887,0.282258,0.339499,-0.114077,0.568353,0.837397,-0.359869
6.220000,1.298479,0.056712,-2.018240,0.293271,0.356038,-0.121315,0.532931,0.816462,-0.363897
6.240000,1.304449,0.063995,-2.020740,0.303575,0.372157,-0.128633,0.497509,0.795527,-0.367926
6.260000,1.310618,0.071596,-2.023386,0.313171,0.387859,-0.136032,0.462087,0.774592,-0.371954
6.280000,1.316971,0.079506,-2.026182,0.322059,0.403141,-0.143511,0.426665,0.753657,-0.375983
6.300000,1.323495,0.087719,-2.029127,0.330238,0.418005,-0.151071,0.391242,0.732722,-0.380011
6.320000,1.330176,0.096224,-2.032225,0.337708,0.432450,-0.158712,0.355820,0.711787,-0.384040
6.340000,1.336999,0.105014,-2.035476,0.344470,0.446476,-0.166433,0.320398,0.690852,-0.388068
6.360000,1.343950,0.114080,-2.038883,0.350524,0.460084,-0.174234,0.284976,0.669917,-0.392097
6.380000,1.351015,0.123414,-2.042446,0.355869,0.473273,-0.182117,0.249554,0.648982,-0.396126
6.400000,1.358180,0.133008,-2.046168,0.360506,0.486043,-0.190080,0.214131,0.628047,-0.400154
6.420000,1.365431,0.142853,-2.050050,0.364435,0.498395,-0.198123,0.178709,0.607113,-0.404183
6.440000,1.372753,0.152941,-2.054093,0.367655,0.510328,-0.206247,0.143287,0.586178,-0.408211
6.460000,1.380132,0.163264,-2.058300,0.370166,0.521842,-0.214451,0.107865,0.565243,-0.412240
6.480000,1.387555,0.173812,-2.062672,0.371969,0.532938,-0.222736,0.072442,0.544308,-0.416268
6.500000,1.395006,0.184578,-2.067210,0.373064,0.543614,-0.231102,0.037020,0.523373,-0.420297
6.520000,1.402473,0.195554,-2.071917,0.373450,0.553873,-0.239548,0.001598,0.502438,-0.424325
6.540000,1.409940,0.206730,-2.076793,0.373128,0.563712,-0.248075,-0.033824,0.481503,-0.428354
6.560000,1.417393,0.218100,-2.081840,0.372097,0.573133,-0.256682,-0.069246,0.460568,-0.432382
6.580000,1.424819,0.229653,-2.087061,0.370358,0.582135,-0.265370,-0.104669,0.439633,-0.436411
6.600000,1.432203,0.241382,-2.092456,0.367910,0.590718,-0.274139,-0.140091,0.418698,-0.440439
6.620000,1.439530,0.253279,-2.098027,0.364754,0.598883,-0.282988,-0.175513,0.397763,-0.444468
6.640000,1.446788,0.265335,-2.103776,0.360890,0.606629,-0.291918,-0.210935,0.376828,-0.448497
6.660000,1.453961,0.277541,-2.109704,0.356317,0.613956,-0.300928,-0.246358,0.355894,-0.452525
6.680000,1.461036,0.289890,-2.115813,0.351036,0.620864,-0.310019,-0.281780,0.334959,-0.456554
6.700000,1.467998,0.302373,-2.122105,0.345046,0.627354,-0.319190,-0.317202,0.314024,-0.460582
6.720000,1.474833,0.314982,-2.128581,0.338347,0.633425,-0.328442,-0.352624,0.293089,-0.464611
6.740000,1.481527,0.327707,-2.135243,0.330941,0.639078,-0.337774,-0.388046,0.272154,-0.468639
6.760000,1.488066,0.340542,-2.142093,0.322826,0.644311,-0.347187,-0.423469,0.251219,-0.472668
6.780000,1.494435,0.353477,-2.149131,0.314002,0.649126,-0.356681,-0.458891,0.230284,-0.476696
6.800000,1.500621,0.366504,-2.156361,0.304470,0.653523,-0.366255,-0.494313,0.209349,-0.480725
6.820000,1.506610,0.379615,-2.163782,0.294230,0.657500,-0.375910,-0.529735,0.188414,-0.484753
6.840000,1.512386,0.392801,-2.171398,0.283281,0.661059,-0.385645,-0.565158,0.167479,-0.488782
6.860000,1.517936,0.406055,-2.179209,0.271623,0.664200,-0.395461,-0.600580,0.146544,-0.492811
6.880000,1.523246,0.419367,-2.187217,0.259257,0.666921,-0.405358,-0.636002,0.125609,-0.496839
6.900000,1.528302,0.432729,-2.195423,0.246183,0.669224,-0.415335,-0.671424,0.104675,-0.500868
6.920000,1.533089,0.446133,-2.203831,0.232400,0.671108,-0.425393,-0.706846,0.083740,-0.504896
6.940000,1.537593,0.459570,-2.212440,0.217909,0.672573,-0.435531,-0.742269,0.062805,-0.508925
6.960000,1.541800,0.473033,-2.221252,0.202710,0.673620,-0.445750,-0.777691,0.041870,-0.512953
6.980000,1.545697,0.486512,-2.230270,0.186802,0.674248,-0.456049,-0.813113,0.020935,-0.516982
7.000000,1.549268,0.500000,-2.239495,0.170185,0.674458,-0.466429,-0.848535,-0.000000,-0.521010
7.020000,1.552499,0.513488,-2.248928,0.152860,0.674248,-0.476889,-0.883957,-0.020935,-0.525039
7.040000,1.555377,0.526967,-2.258571,0.134827,0.673620,-0.487430,-0.919380,-0.041870,-0.529067
7.060000,1.557888,0.540430,-2.268426,0.116085,0.672573,-0.498052,-0.954802,-0.062805,-0.533096
7.080000,1.560016,0.553867,-2.278494,0.096635,0.671108,-0.508754,-0.990224,-0.083740,-0.537124
7.100000,1.561748,0.567271,-2.288776,0.076476,0.669224,-0.519537,-1.025646,-0.104675,-0.541153
7.120000,1.563070,0.580633,-2.299276,0.055609,0.666921,-0.530400,-1.061069,-0.125609,-0.545182
7.140000,1.563968,0.593945,-2.309993,0.034033,0.664200,-0.541344,-1.096491,-0.146544,-0.549210
7.160000,1.564427,0.607199,-2.320930,0.011749,0.661059,-0.552369,-1.131913,-0.167479,-0.553239
7.180000,1.564433,0.620385,-2.332088,-0.011243,0.657500,-0.563474,-1.167335,-0.188414,-0.557267
7.200000,1.563972,0.633496,-2.343469,-0.034944,0.653523,-0.574659,-1.202757,-0.209349,-0.561296
7.220000,1.563031,0.646523,-2.355075,-0.059353,0.649126,-0.585926,-1.238180,-0.230284,-0.565324
7.240000,1.561594,0.659458,-2.366907,-0.084471,0.644311,-0.597272,-1.273602,-0.251219,-0.569353
7.260000,1.559647,0.672293,-2.378967,-0.110298,0.639078,-0.608700,-1.309024,-0.272154,-0.573381
7.280000,1.557177,0.685018,-2.391255,-0.136832,0.633425,-0.620208,-1.344446,-0.293089,-0.577410
7.300000,1.554169,0.697627,-2.403775,-0.164075,0.627354,-0.631796,-1.379869,-0.314024,-0.581438
7.320000,1.550609,0.710110,-2.416528,-0.192027,0.620864,-0.643465,-1.415291,-0.334959,-0.585467
7.340000,1.546483,0.722459,-2.429515,-0.220687,0.613956,-0.655215,-1.450713,-0.355894,-0.589496
7.360000,1.541777,0.734665,-2.442737,-0.250056,0.606629,-0.667045,-1.486135,-0.376828,-0.593524
7.380000,1.536476,0.746721,-2.456197,-0.280132,0.598883,-0.678956,-1.521557,-0.397763,-0.597553
7.400000,1.530567,0.758618,-2.469896,-0.310918,0.590718,-0.690947,-1.556980,-0.418698,-0.601581
7.420000,1.524035,0.770347,-2.483835,-0.342412,0.582135,-0.703019,-1.592402,-0.439633,-0.605610
7.440000,1.516866,0.781900,-2.498017,-0.374614,0.573133,-0.715172,-1.627824,-0.460568,-0.609638
7.460000,1.509046,0.793270,-2.512443,-0.407525,0.563712,-0.727405,-1.663246,-0.481503,-0.613667
7.480000,1.500560,0.804446,-2.527114,-0.441144,0.553873,-0.739718,-1.698669,-0.502438,-0.617695
7.500000,1.491395,0.815422,-2.542032,-0.475471,0.543614,-0.752112,-1.734091,-0.523373,-0.621724
7.520000,1.481537,0.826188,-2.557199,-0.510507,0.532938,-0.764587,-1.769513,-0.544308,-0.625752
7.540000,1.470970,0.836736,-2.572616,-0.546252,0.521842,-0.777142,-1.804935,-0.565243,-0.629781
7.560000,1.459682,0.847059,-2.588285,-0.582705,0.510328,-0.789778,-1.840357,-0.586178,-0.633810
7.580000,1.447657,0.857147,-2.604208,-0.619866,0.498395,-0.802495,-1.875780,-0.607113,-0.637838
7.600000,1.434882,0.866992,-2.620385,-0.657736,0.486043,-0.815292,-1.911202,-0.628047,-0.641867
7.620000,1.421343,0.876586,-2.636820,-0.696314,0.473273,-0.828170,-1.946624,-0.648982,-0.645895
7.640000,1.407025,0.885920,-2.653513,-0.735601,0.460084,-0.841128,-1.982046,-0.669917,-0.649924
7.660000,1.391914,0.894986,-2.670465,-0.775596,0.446476,-0.854166,-2.017468,-0.690852,-0.653952
7.680000,1.375997,0.903776,-2.687680,-0.816300,0.432450,-0.867286,-2.052891,-0.711787,-0.657981
7.700000,1.359258,0.912281,-2.705157,-0.857712,0.418005,-0.880486,-2.088313,-0.732722,-0.662009
7.720000,1.341683,0.920494,-2.722900,-0.899832,0.403141,-0.893766,-2.123735,-0.753657,-0.666038
7.740000,1.323260,0.928404,-2.740909,-0.942661,0.387859,-0.907127,-2.159157,-0.774592,-0.670066
7.760000,1.303972,0.936005,-2.759185,-0.986198,0.372157,-0.920569,-2.194580,-0.795527,-0.674095
7.780000,1.283807,0.943288,-2.777732,-1.030444,0.356038,-0.934091,-2.230002,-0.816462,-0.678123
7.800000,1.262750,0.950244,-2.796550,-1.075399,0.339499,-0.947694,-2.265424,-0.837397,-0.682152
7.820000,1.240786,0.956865,-2.815640,-1.121061,0.322542,-0.961377,-2.300846,-0.858332,-0.686181
7.840000,1.217902,0.963143,-2.835005,-1.167432,0.305166,-0.975141,-2.336268,-0.879266,-0.690209
7.860000,1.194084,0.969069,-2.854646,-1.214512,0.287371,-0.988985,-2.371691,-0.900201,-0.694238
7.880000,1.169317,0.974635,-2.874565,-1.262300,0.269158,-1.002910,-2.407113,-0.921136,-0.698266
7.900000,1.143588,0.979832,-2.894763,-1.310797,0.250526,-1.016916,-2.442535,-0.942071,-0.702295
7.920000,1.116881,0.984653,-2.915242,-1.360001,0.231475,-1.031002,-2.477957,-0.963006,-0.706323
7.940000,1.089183,0.989088,-2.936004,-1.409915,0.212005,-1.045169,-2.513380,-0.983941,-0.710352
7.960000,1.060479,0.993130,-2.957050,-1.460537,0.192117,-1.059416,-2.548802,-1.004876,-0.714380
7.980000,1.030757,0.996770,-2.978381,-1.511867,0.171810,-1.073744,-2.584224,-1.025811,-0.718409
8.000000,1.000000,1.000000,-3.000000,-1.563906,0.151085,-1.088153,-2.619646,-1.046746,-0.722437
8.020000,0.968205,1.002816,-3.021893,-1.615248,0.130681,-1.100488,-2.514614,-0.993657,-0.511077
8.040000,0.935404,1.005234,-3.043991,-1.664490,0.111338,-1.108596,-2.409582,-0.940568,-0.299716
8.060000,0.901639,1.007277,-3.066209,-1.711631,0.093058,-1.112476,-2.304550,-0.887479,-0.088355
8.080000,0.866953,1.008964,-3.088462,-1.756672,0.075839,-1.112130,-2.199517,-0.834391,0.123006
8.100000,0.831386,1.010317,-3.110666,-1.799612,0.059682,-1.107556,-2.094485,-0.781302,0.334366
8.120000,0.794982,1.011358,-3.132736,-1.840452,0.044587,-1.098755,-1.989453,-0.728213,0.545727
8.140000,0.757782,1.012108,-3.154588,-1.879190,0.030554,-1.085727,-1.884421,-0.675124,0.757088
8.160000,0.719829,1.012587,-3.176137,-1.915828,0.017582,-1.068472,-1.779388,-0.622035,0.968449
8.180000,0.681163,1.012818,-3.197299,-1.950366,0.005672,-1.046989,-1.674356,-0.568946,1.179809
8.200000,0.641828,1.012821,-3.217989,-1.982803,-0.005176,-1.021279,-1.569324,-0.515858,1.391170
8.220000,0.601865,1.012618,-3.238122,-2.013139,-0.014962,-0.991342,-1.464292,-0.462769,1.602531
8.240000,0.561317,1.012230,-3.257614,-2.041374,-0.023686,-0.957178,-1.359260,-0.409680,1.813892
8.260000,0.520224,1.011678,-3.276381,-2.067509,-0.031349,-0.918787,-1.254227,-0.356591,2.025253
8.280000,0.478630,1.010983,-3.294337,-2.091543,-0.037950,-0.876168,-1.149195,-0.303502,2.236613
8.300000,0.436576,1.010167,-3.311399,-2.113477,-0.043489,-0.829322,-1.044163,-0.250414,2.447974
8.320000,0.394105,1.009251,-3.327482,-2.133310,-0.047967,-0.778249,-0.939131,-0.197325,2.659335
8.340000,0.351258,1.008255,-3.342501,-2.151042,-0.051382,-0.722949,-0.834098,-0.144236,2.870696
8.360000,0.308077,1.007202,-3.356372,-2.166674,-0.053736,-0.663421,-0.729066,-0.091147,3.082056
8.380000,0.264605,1.006113,-3.369010,-2.180205,-0.055028,-0.599667,-0.624034,-0.038058,3.293417
8.400000,0.220883,1.005008,-3.380330,-2.191635,-0.055258,-0.531685,-0.519002,0.015031,3.504778
8.420000,0.176954,1.003910,-3.390249,-2.200965,-0.054427,-0.459475,-0.413970,0.068119,3.716139
8.440000,0.132859,1.002838,-3.398681,-2.208194,-0.052534,-0.383039,-0.308937,0.121208,3.927499
8.460000,0.088640,1.001815,-3.405542,-2.213322,-0.049578,-0.302375,-0.203905,0.174297,4.138860
8.480000,0.044340,1.000862,-3.410748,-2.216350,-0.045562,-0.217485,-0.098873,0.227386,4.350221
8.500000,-0.000000,1.000000,-3.414214,-2.217277,-0.040483,-0.128367,0.006159,0.280475,4.561582
8.520000,-0.044337,0.999245,-3.415874,-2.216119,-0.035016,-0.038016,0.109713,0.266250,4.473453
8.540000,-0.088631,0.998597,-3.415746,-2.212889,-0.029833,0.050571,0.213267,0.252024,4.385324
8.560000,-0.132839,0.998050,-3.413863,-2.207588,-0.024935,0.137397,0.316821,0.237799,4.297195
8.580000,-0.176921,0.997598,-3.410262,-2.200216,-0.020321,0.222459,0.420375,0.223574,4.209066
8.600000,-0.220834,0.997236,-3.404977,-2.190773,-0.015992,0.305759,0.523929,0.209349,4.120938
8.620000,-0.264538,0.996957,-3.398043,-2.179259,-0.011947,0.387297,0.627483,0.195124,4.032809
8.640000,-0.307991,0.996756,-3.389497,-2.165674,-0.008187,0.467072,0.731037,0.180899,3.944680
8.660000,-0.351151,0.996627,-3.379372,-2.150017,-0.004711,0.545084,0.834591,0.166674,3.856551
8.680000,-0.393977,0.996565,-3.367705,-2.132290,-0.001520,0.621334,0.938145,0.152449,3.768422
8.700000,-0.436429,0.996565,-3.354531,-2.112491,0.001387,0.695821,1.041699,0.138224,3.680294
8.720000,-0.478463,0.996619,-3.339884,-2.090622,0.004009,0.768546,1.145253,0.123999,3.592165
8.740000,-0.520040,0.996723,-3.323800,-2.066681,0.006347,0.839508,1.248807,0.109773,3.504036
8.760000,-0.561117,0.996871,-3.306315,-2.040670,0.008400,0.908707,1.352361,0.095548,3.415907
8.780000,-0.601653,0.997057,-3.287464,-2.012587,0.010169,0.976144,1.455915,0.081323,3.327778
8.800000,-0.641606,0.997276,-3.267281,-1.982433,0.011653,1.041818,1.559469,0.067098,3.239650
8.820000,-0.680936,0.997521,-3.245803,-1.950208,0.012853,1.105730,1.663023,0.052873,3.151521
8.840000,-0.719601,0.997788,-3.223064,-1.915912,0.013768,1.167879,1.766577,0.038648,3.063392
8.860000,-0.757559,0.998070,-3.199100,-1.879545,0.014399,1.228265,1.870131,0.024423,2.975263
8.880000,-0.794769,0.998362,-3.173945,-1.841107,0.014745,1.286889,1.973685,0.010198,2.887134
8.900000,-0.831189,0.998658,-3.147636,-1.800598,0.014806,1.343751,2.077239,-0.004027,2.799006
8.920000,-0.866779,0.998952,-3.120207,-1.758017,0.014584,1.398850,2.180793,-0.018253,2.710877
8.940000,-0.901496,0.999239,-3.091693,-1.713366,0.014076,1.452186,2.284347,-0.032478,2.622748
8.960000,-0.935300,0.999514,-3.062131,-1.666643,0.013285,1.503760,2.387901,-0.046703,2.534619
8.980000,-0.968148,0.999769,-3.031555,-1.617850,0.012208,1.553571,2.491455,-0.060928,2.446490
9.000000,-1.000000,1.000000,-3.000000,-1.566985,0.010847,1.601619,2.595009,-0.075153,2.358361
9.020000,-1.030818,1.000202,-2.967502,-1.514654,0.009382,1.647869,2.638116,-0.071341,2.266581
9.040000,-1.060580,1.000376,-2.934097,-1.461461,0.007994,1.692282,2.681222,-0.067530,2.174800
9.060000,-1.089271,1.000522,-2.899823,-1.407405,0.006681,1.734861,2.724329,-0.063718,2.083020
9.080000,-1.116871,1.000644,-2.864715,-1.352487,0.005445,1.775603,2.767436,-0.059907,1.991239
9.100000,-1.143364,1.000741,-2.828811,-1.296708,0.004285,1.814510,2.810543,-0.056095,1.899459
9.120000,-1.168733,1.000815,-2.792147,-1.240066,0.003201,1.851582,2.853650,-0.052283,1.807678
9.140000,-1.192961,1.000869,-2.754760,-1.182562,0.002194,1.886817,2.896757,-0.048472,1.715897
9.160000,-1.216030,1.000904,-2.716687,-1.124195,0.001262,1.920217,2.939864,-0.044660,1.624117
9.180000,-1.237923,1.000920,-2.677964,-1.064967,0.000407,1.951782,2.982970,-0.040849,1.532336
9.200000,-1.258623,1.000921,-2.638628,-1.004877,-0.000372,1.981511,3.026077,-0.037037,1.440556
9.220000,-1.278113,1.000906,-2.598715,-0.943924,-0.001074,2.009404,3.069184,-0.033225,1.348775
9.240000,-1.296374,1.000878,-2.558264,-0.882109,-0.001701,2.035462,3.112291,-0.029414,1.256994
9.260000,-1.313391,1.000838,-2.517309,-0.819432,-0.002251,2.059684,3.155398,-0.025602,1.165214
9.280000,-1.329146,1.000789,-2.475889,-0.755893,-0.002725,2.082070,3.198505,-0.021790,1.073433
9.300000,-1.343621,1.000730,-2.434039,-0.691492,-0.003122,2.102621,3.241612,-0.017979,0.981653
9.320000,-1.356800,1.000664,-2.391796,-0.626229,-0.003444,2.121337,3.284718,-0.014167,0.889872
9.340000,-1.368665,1.000593,-2.349197,-0.560103,-0.003689,2.138216,3.327825,-0.010356,0.798092
9.360000,-1.379198,1.000517,-2.306280,-0.493116,-0.003858,2.153260,3.370932,-0.006544,0.706311
9.380000,-1.388383,1.000439,-2.263079,-0.425266,-0.003951,2.166469,3.414039,-0.002732,0.614530
9.400000,-1.396203,1.000360,-2.219633,-0.356554,-0.003967,2.177841,3.457146,0.001079,0.522750
9.420000,-1.402640,1.000281,-2.175978,-0.286980,-0.003908,2.187379,3.500253,0.004891,0.430969
9.440000,-1.407677,1.000204,-2.132150,-0.216544,-0.003772,2.195080,3.543360,0.008702,0.339189
9.460000,-1.411296,1.000130,-2.088187,-0.145246,-0.003560,2.200946,3.586467,0.012514,0.247408
9.480000,-1.413481,1.000062,-2.044125,-0.073086,-0.003271,2.204977,3.629573,0.016326,0.155627
9.500000,-1.414214,1.000000,-2.000000,-0.000063,-0.002907,2.207171,3.672680,0.020137,0.063847
9.520000,-1.413483,0.999946,-1.955851,0.072960,-0.002514,2.207377,3.629634,0.019116,-0.043257
9.540000,-1.411301,0.999899,-1.911719,0.145122,-0.002142,2.205441,3.586588,0.018095,-0.150361
9.560000,-1.407684,0.999860,-1.867648,0.216424,-0.001790,2.201363,3.543541,0.017073,-0.257465
9.580000,-1.402650,0.999828,-1.823679,0.286864,-0.001459,2.195142,3.500495,0.016052,-0.364568
9.600000,-1.396215,0.999802,-1.779856,0.356443,-0.001148,2.186780,3.457448,0.015031,-0.471672
9.620000,-1.388398,0.999781,-1.736222,0.425162,-0.000858,2.176276,3.414402,0.014009,-0.578776
9.640000,-1.379214,0.999767,-1.692819,0.493019,-0.000588,2.163629,3.371356,0.012988,-0.685880
9.660000,-1.368683,0.999758,-1.649691,0.560016,-0.000338,2.148840,3.328309,0.011967,-0.792984
9.680000,-1.356820,0.999753,-1.606880,0.626152,-0.000109,2.131910,3.285263,0.010945,-0.900088
9.700000,-1.343642,0.999753,-1.564429,0.691427,0.000100,2.112837,3.242217,0.009924,-1.007191
9.720000,-1.329168,0.999757,-1.522381,0.755841,0.000288,2.091622,3.199170,0.008903,-1.114295
9.740000,-1.313414,0.999765,-1.480778,0.819393,0.000456,2.068265,3.156124,0.007881,-1.221399
9.760000,-1.296398,0.999775,-1.439665,0.882085,0.000603,2.042766,3.113078,0.006860,-1.328503
9.780000,-1.278137,0.999789,-1.399082,0.943917,0.000730,2.015125,3.070031,0.005839,-1.435607
9.800000,-1.258647,0.999804,-1.359074,1.004887,0.000837,1.985342,3.026985,0.004817,-1.542711
9.820000,-1.237947,0.999822,-1.319683,1.064996,0.000923,1.953416,2.983939,0.003796,-1.649814
9.840000,-1.216053,0.999841,-1.280951,1.124244,0.000988,1.919349,2.940892,0.002775,-1.756918
9.860000,-1.192983,0.999861,-1.242923,1.182632,0.001034,1.883140,2.897846,0.001753,-1.864022
9.880000,-1.168754,0.999882,-1.205640,1.240158,0.001059,1.844788,2.854799,0.000732,-1.971126
9.900000,-1.143382,0.999904,-1.169146,1.296824,0.001063,1.804295,2.811753,-0.000289,-2.078230
9.920000,-1.116886,0.999925,-1.133483,1.352628,0.001047,1.761659,2.768707,-0.001310,-2.185334
9.940000,-1.089283,0.999945,-1.098694,1.407572,0.001011,1.716881,2.725660,-0.002332,-2.292437
9.960000,-1.060589,0.999965,-1.064822,1.461655,0.000954,1.669962,2.682614,-0.003353,-2.399541
9.980000,-1.030823,0.999983,-1.031910,1.514876,0.000877,1.620900,2.639568,-0.004374,-2.506645
10.000000,-1.000000,1.000000,-1.000000,1.567237,0.000779,1.569696,2.596521,-0.005396,-2.613749
10.020000,-0.968143,1.000015,-0.969132,1.618129,0.000674,1.516999,2.492665,-0.005122,-2.655908
10.040000,-0.935289,1.000027,-0.939326,1.666944,0.000574,1.463459,2.388808,-0.004848,-2.698067
10.060000,-0.901479,1.000038,-0.910599,1.713682,0.000480,1.409076,2.284952,-0.004575,-2.740226
10.080000,-0.866755,1.000046,-0.882968,1.758342,0.000391,1.353850,2.181095,-0.004301,-2.782385
10.100000,-0.831159,1.000053,-0.856450,1.800925,0.000308,1.297781,2.077239,-0.004027,-2.824544
10.120000,-0.794732,1.000059,-0.831063,1.841432,0.000230,1.240869,1.973382,-0.003754,-2.866703
10.140000,-0.757516,1.000062,-0.806821,1.879861,0.000157,1.183113,1.869526,-0.003480,-2.908862
10.160000,-0.719552,1.000065,-0.783744,1.916213,0.000091,1.124514,1.765669,-0.003206,-2.951021
10.180000,-0.680881,1.000066,-0.761846,1.950487,0.000029,1.065072,1.661813,-0.002933,-2.993181
10.200000,-0.641546,1.000066,-0.741146,1.982685,-0.000027,1.004787,1.557956,-0.002659,-3.035340
10.220000,-0.601587,1.000065,-0.721661,2.012806,-0.000077,0.943659,1.454100,-0.002385,-3.077499
10.240000,-0.561047,1.000063,-0.703406,2.040849,-0.000122,0.881687,1.350243,-0.002112,-3.119658
10.260000,-0.519967,1.000060,-0.686399,2.066815,-0.000162,0.818872,1.246387,-0.001838,-3.161817
10.280000,-0.478389,1.000057,-0.670656,2.090705,-0.000196,0.755214,1.142530,-0.001564,-3.203976
10.300000,-0.436353,1.000052,-0.656196,2.112517,-0.000224,0.690713,1.038674,-0.001291,-3.246135
10.320000,-0.393902,1.000048,-0.643034,2.132252,-0.000247,0.625369,0.934817,-0.001017,-3.288294
10.340000,-0.351077,1.000043,-0.631187,2.149909,-0.000265,0.559181,0.830961,-0.000744,-3.330453
10.360000,-0.307919,1.000037,-0.620672,2.165490,-0.000277,0.492151,0.727104,-0.000470,-3.372612
10.380000,-0.264471,1.000032,-0.611506,2.178994,-0.000284,0.424277,0.623248,-0.000196,-3.414771
10.400000,-0.220773,1.000026,-0.603706,2.190420,-0.000285,0.355560,0.519392,0.000077,-3.456930
10.420000,-0.176868,1.000020,-0.597289,2.199769,-0.000281,0.286000,0.415535,0.000351,-3.499089
10.440000,-0.132797,1.000015,-0.592272,2.207041,-0.000271,0.215596,0.311679,0.000625,-3.541248
10.460000,-0.088600,1.000009,-0.588671,2.212236,-0.000256,0.144350,0.207822,0.000898,-3.583407
10.480000,-0.044321,1.000004,-0.586504,2.215354,-0.000235,0.072260,0.103966,0.001172,-3.625566
10.500000,0.000000,1.000000,-0.585786,2.216395,-0.000209,-0.000673,0.000109,0.001446,-3.667725
10.520000,0.044321,0.999996,-0.586531,2.215358,-0.000180,-0.073599,-0.103774,0.001372,-3.624920
10.540000,0.088600,0.999993,-0.588725,2.212244,-0.000154,-0.145670,-0.207656,0.001299,-3.582115
10.560000,0.132797,0.999990,-0.592352,2.207052,-0.000129,-0.216884,-0.311539,0.001226,-3.539310
10.580000,0.176869,0.999988,-0.597394,2.199782,-0.000105,-0.287242,-0.415422,0.001152,-3.496505
10.600000,0.220774,0.999986,-0.603836,2.190435,-0.000082,-0.356744,-0.519304,0.001079,-3.453700
10.620000,0.264472,0.999984,-0.611658,2.179010,-0.000062,-0.425390,-0.623187,0.001006,-3.410895
10.640000,0.307921,0.999983,-0.620846,2.165508,-0.000042,-0.493180,-0.727070,0.000932,-3.368090
10.660000,0.351079,0.999983,-0.631380,2.149927,-0.000024,-0.560114,-0.830952,0.000859,-3.325285
10.680000,0.393904,0.999982,-0.643244,2.132270,-0.000008,-0.626191,-0.934835,0.000786,-3.282480
10.700000,0.436356,0.999982,-0.656422,2.112534,0.000007,-0.691413,-1.038718,0.000713,-3.239675
10.720000,0.478392,0.999983,-0.670895,2.090721,0.000021,-0.755778,-1.142600,0.000639,-3.196870
10.740000,0.519971,0.999983,-0.686647,2.066830,0.000033,-0.819288,-1.246483,0.000566,-3.154065
10.760000,0.561051,0.999984,-0.703661,2.040862,0.000043,-0.881941,-1.350366,0.000493,-3.111260
10.780000,0.601591,0.999985,-0.721919,2.012815,0.000052,-0.943738,-1.454248,0.000419,-3.068455
10.800000,0.641550,0.999986,-0.741405,1.982692,0.000060,-1.004679,-1.558131,0.000346,-3.025650
10.820000,0.680885,0.999987,-0.762101,1.950490,0.000066,-1.064764,-1.662014,0.000273,-2.982845
10.840000,0.719556,0.999989,-0.783990,1.916211,0.000071,-1.123993,-1.765896,0.000199,-2.940040
10.860000,0.757520,0.999990,-0.807055,1.879854,0.000074,-1.182366,-1.869779,0.000126,-2.897235
10.880000,0.794736,0.999992,-0.831279,1.841420,0.000076,-1.239882,-1.973662,0.000053,-2.854430
10.900000,0.831163,0.999993,-0.856644,1.800908,0.000076,-1.296543,-2.077544,-0.000021,-2.811625
10.920000,0.866758,0.999995,-0.883135,1.758318,0.000075,-1.352347,-2.181427,-0.000094,-2.768820
10.940000,0.901481,0.999996,-0.910732,1.713651,0.000073,-1.407296,-2.285310,-0.000167,-2.726015
10.960000,0.935291,0.999997,-0.939421,1.666906,0.000068,-1.461388,-2.389192,-0.000241,-2.683210
10.980000,0.968144,0.999999,-0.969182,1.618083,0.000063,-1.514624,-2.493075,-0.000314,-2.640405
11.000000,1.000000,1.000000,-1.000000,1.567183,0.000056,-1.567004,-2.596958,-0.000387,-2.597600
11.020000,1.030821,1.000001,-1.031853,1.514814,0.000048,-1.617918,-2.639925,-0.000368,-2.493726
11.040000,1.060587,1.000002,-1.064703,1.461586,0.000041,-1.666753,-2.682893,-0.000348,-2.389852
11.060000,1.089279,1.000003,-1.098509,1.407498,0.000034,-1.713512,-2.725861,-0.000328,-2.285978
11.080000,1.116881,1.000003,-1.133229,1.352551,0.000028,-1.758192,-2.768829,-0.000309,-2.182104
11.100000,1.143375,1.000004,-1.168823,1.296745,0.000022,-1.800796,-2.811797,-0.000289,-2.078230
11.120000,1.168745,1.000004,-1.205247,1.240080,0.000017,-1.841322,-2.854765,-0.000270,-1.974356
11.140000,1.192973,1.000004,-1.242462,1.182555,0.000011,-1.879770,-2.897732,-0.000250,-1.870482
11.160000,1.216042,1.000005,-1.280424,1.124170,0.000007,-1.916141,-2.940700,-0.000230,-1.766607
11.180000,1.237934,1.000005,-1.319094,1.064927,0.000002,-1.950434,-2.983668,-0.000211,-1.662733
11.200000,1.258633,1.000005,-1.358428,1.004823,-0.000002,-1.982650,-3.026636,-0.000191,-1.558859
11.220000,1.278121,1.000005,-1.398386,0.943861,-0.000006,-2.012789,-3.069604,-0.000171,-1.454985
11.240000,1.296382,1.000005,-1.438926,0.882039,-0.000009,-2.040850,-3.112572,-0.000152,-1.351111
11.260000,1.313397,1.000004,-1.480006,0.819358,-0.000012,-2.066833,-3.155539,-0.000132,-1.247237
11.280000,1.329150,1.000004,-1.521585,0.755818,-0.000014,-2.090739,-3.198507,-0.000112,-1.143363
11.300000,1.343624,1.000004,-1.563622,0.691418,-0.000016,-2.112568,-3.241475,-0.000093,-1.039489
11.320000,1.356801,1.000003,-1.606074,0.626159,-0.000018,-2.132319,-3.284443,-0.000073,-0.935615
11.340000,1.368665,1.000003,-1.648901,0.560040,-0.000019,-2.149992,-3.327411,-0.000053,-0.831740
11.360000,1.379197,1.000003,-1.692060,0.493062,-0.000020,-2.165588,-3.370379,-0.000034,-0.727866
11.380000,1.388381,1.000002,-1.735510,0.425225,-0.000020,-2.179107,-3.413346,-0.000014,-0.623992
11.400000,1.396200,1.000002,-1.779210,0.356528,-0.000020,-2.190548,-3.456314,0.000006,-0.520118
11.420000,1.402637,1.000001,-1.823118,0.286973,-0.000020,-2.199912,-3.499282,0.000025,-0.416244
11.440000,1.407674,1.000001,-1.867193,0.216557,-0.000019,-2.207198,-3.542250,0.000045,-0.312370
11.460000,1.411293,1.000001,-1.911392,0.145283,-0.000018,-2.212406,-3.585218,0.000065,-0.208496
11.480000,1.413479,1.000000,-1.955675,0.073148,-0.000017,-2.215538,-3.628186,0.000084,-0.104622
11.500000,1.414214,1.000000,-2.000000,0.000155,-0.000015,-2.216591,-3.671153,0.000104,-0.000748
11.520000,1.413485,1.000000,-2.044325,-0.072840,-0.000013,-2.215566,-3.628335,0.000099,0.103306
11.540000,1.411306,0.999999,-2.088609,-0.144978,-0.000011,-2.212459,-3.585516,0.000093,0.207359
11.560000,1.407692,0.999999,-2.132810,-0.216260,-0.000009,-2.207271,-3.542697,0.000088,0.311413
11.580000,1.402661,0.999999,-2.176886,-0.286686,-0.000008,-2.200003,-3.499878,0.000083,0.415467
11.600000,1.396230,0.999999,-2.220796,-0.356256,-0.000006,-2.190653,-3.457059,0.000077,0.519520
11.620000,1.388416,0.999999,-2.264498,-0.424969,-0.000004,-2.179222,-3.414240,0.000072,0.623574
11.640000,1.379237,0.999999,-2.307951,-0.492825,-0.000003,-2.165710,-3.371421,0.000067,0.727627
11.660000,1.368709,0.999999,-2.351112,-0.559825,-0.000002,-2.150117,-3.328602,0.000062,0.831681
11.680000,1.356850,0.999999,-2.393942,-0.625969,-0.000001,-2.132443,-3.285783,0.000056,0.935734
11.700000,1.343676,0.999999,-2.436396,-0.691257,0.000001,-2.112687,-3.242964,0.000051,1.039788
11.720000,1.329205,0.999999,-2.478435,-0.755688,0.000001,-2.090851,-3.200145,0.000046,1.143841
11.740000,1.313454,0.999999,-2.520016,-0.819262,0.000002,-2.066934,-3.157326,0.000041,1.247895
11.760000,1.296440,0.999999,-2.561099,-0.881981,0.000003,-2.040935,-3.114507,0.000035,1.351948
11.780000,1.278181,0.999999,-2.601640,-0.943843,0.000004,-2.012856,-3.071688,0.000030,1.456002
11.800000,1.258692,0.999999,-2.641599,-1.004848,0.000004,-1.982695,-3.028869,0.000025,1.560055
11.820000,1.237993,0.999999,-2.680934,-1.064997,0.000005,-1.950453,-2.986050,0.000020,1.664109
11.840000,1.216098,0.999999,-2.719603,-1.124290,0.000005,-1.916131,-2.943231,0.000014,1.768163
11.860000,1.193027,0.999999,-2.757565,-1.182727,0.000005,-1.879727,-2.900412,0.000009,1.872216
11.880000,1.168795,0.999999,-2.794778,-1.240307,0.000005,-1.841242,-2.857593,0.000004,1.976270
11.900000,1.143420,1.000000,-2.831201,-1.297030,0.000005,-1.800676,-2.814774,-0.000001,2.080323
11.920000,1.116919,1.000000,-2.866792,-1.352898,0.000005,-1.758029,-2.771955,-0.000007,2.184377
11.940000,1.089310,1.000000,-2.901508,-1.407909,0.000005,-1.713301,-2.729136,-0.000012,2.288430
11.960000,1.060609,1.000000,-2.935310,-1.462063,0.000005,-1.666492,-2.686318,-0.000017,2.392484
11.980000,1.030833,1.000000,-2.968154,-1.515361,0.000005,-1.617602,-2.643499,-0.000023,2.496537
12.000000,1.000000,1.000000,-3.000000,-1.567803,0.000004,-1.566630,-2.600680,-0.000028,2.600591
12.020000,0.968131,1.000000,-3.030810,-1.618771,0.000003,-1.514196,-2.496053,-0.000026,2.642858
12.040000,0.935263,1.000000,-3.060562,-1.667645,0.000003,-1.460916,-2.391425,-0.000025,2.685124
12.060000,0.901439,1.000000,-3.089241,-1.714428,0.000002,-1.406791,-2.286798,-0.000024,2.727391
12.080000,0.866700,1.000000,-3.116828,-1.759117,0.000002,-1.351821,-2.182171,-0.000022,2.769658
12.100000,0.831088,1.000000,-3.143308,-1.801714,0.000002,-1.296005,-2.077544,-0.000021,2.811924
12.120000,0.794645,1.000000,-3.168663,-1.842219,0.000001,-1.239344,-1.972917,-0.000019,2.854191
12.140000,0.757413,1.000000,-3.192876,-1.880631,0.000001,-1.181837,-1.868290,-0.000018,2.896458
12.160000,0.719434,1.000000,-3.215931,-1.916951,0.000000,-1.123485,-1.763663,-0.000017,2.938725
12.180000,0.680749,1.000000,-3.237810,-1.951178,0.000000,-1.064288,-1.659036,-0.000015,2.980991
12.200000,0.641401,1.000000,-3.258497,-1.983312,-0.000000,-1.004246,-1.554409,-0.000014,3.023258
12.220000,0.601431,1.000000,-3.277974,-2.013354,-0.000000,-0.943358,-1.449782,-0.000012,3.065525
12.240000,0.560881,1.000000,-3.296225,-2.041303,-0.000001,-0.881625,-1.345155,-0.000011,3.107791
12.260000,0.519793,1.000000,-3.313233,-2.067160,-0.000001,-0.819046,-1.240528,-0.000009,3.150058
12.280000,0.478208,1.000000,-3.328981,-2.090924,-0.000001,-0.755622,-1.135900,-0.000008,3.192325
12.300000,0.436170,1.000000,-3.343453,-2.112596,-0.000001,-0.691353,-1.031273,-0.000007,3.234592
12.320000,0.393718,1.000000,-3.356630,-2.132175,-0.000001,-0.626239,-0.926646,-0.000005,3.276858
12.340000,0.350896,1.000000,-3.368496,-2.149662,-0.000001,-0.560279,-0.822019,-0.000004,3.319125
12.360000,0.307746,1.000000,-3.379035,-2.165056,-0.000001,-0.493474,-0.717392,-0.000002,3.361392
12.380000,0.264308,1.000000,-3.388230,-2.178358,-0.000001,-0.425823,-0.612765,-0.000001,3.403658
12.400000,0.220625,1.000000,-3.396063,-2.189567,-0.000001,-0.357327,-0.508138,0.000000,3.445925
12.420000,0.176739,1.000000,-3.402517,-2.198683,-0.000001,-0.287986,-0.403511,0.000002,3.488192
12.440000,0.132692,1.000000,-3.407576,-2.205707,-0.000001,-0.217800,-0.298884,0.000003,3.530459
12.460000,0.088525,1.000000,-3.411224,-2.210639,-0.000001,-0.146768,-0.194257,0.000005,3.572725
12.480000,0.044280,1.000000,-3.413442,-2.213477,-0.000001,-0.074891,-0.089630,0.000006,3.614992
12.500000,-0.000000,1.000000,-3.414214,-2.214224,-0.000001,-0.002168,0.014997,0.000007,3.657259
12.520000,-0.044275,1.000000,-3.413528,-2.212913,-0.000001,0.070575,0.116025,0.000007,3.617073
12.540000,-0.088503,1.000000,-3.411396,-2.209583,-0.000001,0.142515,0.217053,0.000007,3.576888
12.560000,-0.132645,1.000000,-3.407833,-2.204231,-0.000001,0.213651,0.318081,0.000006,3.536703
12.580000,-0.176659,1.000000,-3.402855,-2.196859,-0.000001,0.283983,0.419108,0.000006,3.496517
12.600000,-0.220505,1.000000,-3.396479,-2.187467,-0.000000,0.353511,0.520136,0.000006,3.456332
12.620000,-0.264144,1.000000,-3.388720,-2.176054,-0.000000,0.422236,0.621164,0.000005,3.416147
12.640000,-0.307534,1.000000,-3.379595,-2.162621,-0.000000,0.490157,0.722191,0.000005,3.375961
12.660000,-0.350635,1.000000,-3.369119,-2.147166,-0.000000,0.557275,0.823219,0.000004,3.335776
12.680000,-0.393407,1.000000,-3.357309,-2.129692,-0.000000,0.623588,0.924247,0.000004,3.295591
12.700000,-0.435810,1.000000,-3.344181,-2.110197,0.000000,0.689098,1.025274,0.000004,3.255405
12.720000,-0.477802,1.000000,-3.329751,-2.088681,0.000000,0.753805,1.126302,0.000003,3.215220
12.740000,-0.519343,1.000000,-3.314034,-2.065144,0.000000,0.817707,1.227330,0.000003,3.175035
12.760000,-0.560394,1.000000,-3.297048,-2.039588,0.000000,0.880806,1.328357,0.000003,3.134849
12.780000,-0.600913,1.000000,-3.278807,-2.012010,0.000000,0.943101,1.429385,0.000002,3.094664
12.800000,-0.640861,1.000000,-3.259329,-1.982412,0.000000,1.004593,1.530413,0.000002,3.054478
12.820000,-0.680196,1.000000,-3.238629,-1.950794,0.000000,1.065280,1.631440,0.000001,3.014293
12.840000,-0.718879,1.000000,-3.216723,-1.917155,0.000000,1.125164,1.732468,0.000001,2.974108
12.860000,-0.756869,1.000000,-3.193628,-1.881495,0.000000,1.184245,1.833496,0.000001,2.933922
12.880000,-0.794126,1.000000,-3.169359,-1.843815,0.000000,1.242521,1.934524,0.000000,2.893737
12.900000,-0.830608,1.000000,-3.143932,-1.804114,0.000000,1.299994,2.035551,-0.000000,2.853552
12.920000,-0.866277,1.000000,-3.117364,-1.762393,0.000000,1.356663,2.136579,-0.000000,2.813366
12.940000,-0.901090,1.000000,-3.089671,-1.718651,0.000000,1.412529,2.237607,-0.000001,2.773181
12.960000,-0.935009,1.000000,-3.060869,-1.672888,0.000000,1.467590,2.338634,-0.000001,2.732996
12.980000,-0.967993,1.000000,-3.030973,-1.625105,0.000000,1.521848,2.439662,-0.000002,2.692810
13.000000,-1.000000,1.000000,-3.000000,-1.575302,0.000000,1.575303,2.540690,-0.000002,2.652625
13.020000,-1.030994,1.000000,-2.967971,-1.523952,0.000000,1.627211,2.594307,-0.000002,2.538165
13.040000,-1.060951,1.000000,-2.934927,-1.471530,0.000000,1.676829,2.647924,-0.000002,2.423704
13.060000,-1.089848,1.000000,-2.900913,-1.418035,0.000000,1.724159,2.701541,-0.000002,2.309244
13.080000,-1.117665,1.000000,-2.865976,-1.363468,0.000000,1.769199,2.755158,-0.000002,2.194783
13.100000,-1.144380,1.000000,-2.830160,-1.307829,0.000000,1.811950,2.808775,-0.000001,2.080323
13.120000,-1.169971,1.000000,-2.793513,-1.251117,0.000000,1.852412,2.862393,-0.000001,1.965863
13.140000,-1.194417,1.000000,-2.756079,-1.193333,0.000000,1.890585,2.916010,-0.000001,1.851402
13.160000,-1.217697,1.000000,-2.717905,-1.134477,0.000000,1.926468,2.969627,-0.000001,1.736942
13.180000,-1.239789,1.000000,-2.679036,-1.074548,0.000000,1.960062,3.023244,-0.000001,1.622482
13.200000,-1.260672,1.000000,-2.639518,-1.013547,-0.000000,1.991367,3.076861,-0.000001,1.508021
13.220000,-1.280324,1.000000,-2.599396,-0.951473,-0.000000,2.020383,3.130478,-0.000001,1.393561
13.240000,-1.298724,1.000000,-2.558718,-0.888328,-0.000000,2.047110,3.184095,-0.000001,1.279101
13.260000,-1.315850,1.000000,-2.517527,-0.824110,-0.000000,2.071547,3.237713,-0.000001,1.164640
13.280000,-1.331681,1.000000,-2.475871,-0.758819,-0.000000,2.093696,3.291330,-0.000001,1.050180
13.300000,-1.346196,1.000000,-2.433795,-0.692456,-0.000000,2.113555,3.344947,-0.000000,0.935720
13.320000,-1.359372,1.000000,-2.391344,-0.625021,-0.000000,2.131124,3.398564,-0.000000,0.821259
13.340000,-1.371189,1.000000,-2.348565,-0.556514,-0.000000,2.146405,3.452181,-0.000000,0.706799
13.360000,-1.381626,1.000000,-2.305503,-0.486934,-0.000000,2.159396,3.505798,-0.000000,0.592338
13.380000,-1.390660,1.000000,-2.262204,-0.416282,-0.000000,2.170098,3.559415,-0.000000,0.477878
13.400000,-1.398270,1.000000,-2.218714,-0.344557,-0.000000,2.178511,3.613033,0.000000,0.363418
13.420000,-1.404435,1.000000,-2.175079,-0.271761,-0.000000,2.184635,3.666650,0.000000,0.248957
13.440000,-1.409133,1.000000,-2.131344,-0.197891,-0.000000,2.188470,3.720267,0.000000,0.134497
13.460000,-1.412343,1.000000,-2.087556,-0.122950,-0.000000,2.190015,3.773884,0.000000,0.020037
13.480000,-1.414044,1.000000,-2.043759,-0.046936,-0.000000,2.189271,3.827501,0.000000,-0.094424
13.500000,-1.414214,1.000000,-2.000000,0.030150,-0.000000,2.186238,3.881118,0.000001,-0.208884
13.520000,-1.412840,1.000000,-1.956321,0.106947,-0.000000,2.181417,3.798557,0.000001,-0.273212
13.540000,-1.409947,1.000000,-1.912752,0.182092,-0.000000,2.175310,3.715996,0.000000,-0.337540
13.560000,-1.405567,1.000000,-1.869317,0.255587,-0.000000,2.167915,3.633435,0.000000,-0.401869
13.580000,-1.399734,1.000000,-1.826044,0.327430,-0.000000,2.159235,3.550873,0.000000,-0.466197
13.600000,-1.392481,1.000000,-1.782957,0.397622,-0.000000,2.149268,3.468312,0.000000,-0.530525
13.620000,-1.383840,1.000000,-1.740082,0.466162,-0.000000,2.138014,3.385751,0.000000,-0.594853
13.640000,-1.373845,1.000000,-1.697445,0.533052,-0.000000,2.125473,3.303190,0.000000,-0.659181
13.660000,-1.362529,1.000000,-1.655071,0.598290,-0.000000,2.111647,3.220629,0.000000,-0.723510
13.680000,-1.349925,1.000000,-1.612987,0.661877,-0.000000,2.096533,3.138067,0.000000,-0.787838
13.700000,-1.336065,1.000000,-1.571219,0.723813,0.000000,2.080133,3.055506,0.000000,-0.852166
13.720000,-1.320983,1.000000,-1.529791,0.784097,0.000000,2.062446,2.972945,0.000000,-0.916494
13.740000,-1.304712,1.000000,-1.488729,0.842730,0.000000,2.043473,2.890384,0.000000,-0.980822
13.760000,-1.287285,1.000000,-1.448060,0.899712,0.000000,2.023214,2.807823,0.000000,-1.045150
13.780000,-1.268735,1.000000,-1.407809,0.955043,0.000000,2.001667,2.725261,0.000000,-1.109479
13.800000,-1.249094,1.000000,-1.368002,1.008723,0.000000,1.978834,2.642700,0.000000,-1.173807
13.820000,-1.228397,1.000000,-1.328665,1.060751,0.000000,1.954715,2.560139,0.000000,-1.238135
13.840000,-1.206675,1.000000,-1.289822,1.111128,0.000000,1.929309,2.477578,0.000000,-1.302463
13.860000,-1.183963,1.000000,-1.251501,1.159854,0.000000,1.902616,2.395017,0.000000,-1.366791
13.880000,-1.160292,1.000000,-1.213726,1.206929,0.000000,1.874637,2.312455,0.000000,-1.431120
13.900000,-1.135697,1.000000,-1.176524,1.252353,0.000000,1.845372,2.229894,-0.000000,-1.495448
13.920000,-1.110209,1.000000,-1.139920,1.296125,0.000000,1.814819,2.147333,-0.000000,-1.559776
13.940000,-1.083863,1.000000,-1.103940,1.338246,0.000000,1.782981,2.064772,-0.000000,-1.624104
13.960000,-1.056690,1.000000,-1.068609,1.378716,0.000000,1.749855,1.982211,-0.000000,-1.688432
13.980000,-1.028725,1.000000,-1.033954,1.417534,0.000000,1.715443,1.899649,-0.000000,-1.752760
14.000000,-1.000000,1.000000,-1.000000,1.454702,0.000000,1.679745,1.817088,-0.000000,-1.817089
14.020000,-0.970540,1.000000,-0.966781,1.491480,0.000000,1.641497,1.860781,-0.000000,-2.007671
14.040000,-0.940335,1.000000,-0.934366,1.529133,0.000000,1.599438,1.904473,-0.000000,-2.198252
14.060000,-0.909368,1.000000,-0.902829,1.567659,0.000000,1.553567,1.948166,-0.000000,-2.388834
14.080000,-0.877623,1.000000,-0.872248,1.607060,0.000000,1.503885,1.991859,-0.000000,-2.579416
14.100000,-0.845080,1.000000,-0.842699,1.647334,0.000000,1.450391,2.035551,-0.000000,-2.769998
14.120000,-0.811724,1.000000,-0.814258,1.688482,0.000000,1.393085,2.079244,-0.000000,-2.960580
14.140000,-0.777535,1.000000,-0.787001,1.730503,0.000000,1.331967,2.122936,-0.000000,-3.151162
14.160000,-0.742498,1.000000,-0.761005,1.773399,0.000000,1.267038,2.166629,-0.000000,-3.341744
14.180000,-0.706593,1.000000,-0.736345,1.817169,0.000000,1.198298,2.210322,-0.000000,-3.532326
14.200000,-0.669805,1.000000,-0.713098,1.861812,-0.000000,1.125745,2.254014,-0.000000,-3.722907
14.220000,-0.632115,1.000000,-0.691341,1.907329,-0.000000,1.049381,2.297707,-0.000000,-3.913489
14.240000,-0.593506,1.000000,-0.671148,1.953720,-0.000000,0.969206,2.341399,-0.000000,-4.104071
14.260000,-0.553960,1.000000,-0.652598,2.000985,-0.000000,0.885218,2.385092,-0.000000,-4.294653
14.280000,-0.513461,1.000000,-0.635765,2.049124,-0.000000,0.797420,2.428785,-0.000000,-4.485235
14.300000,-0.471990,1.000000,-0.620726,2.098137,-0.000000,0.705809,2.472477,-0.000000,-4.675817
14.320000,-0.429530,1.000000,-0.607558,2.148023,-0.000000,0.610387,2.516170,-0.000000,-4.866399
14.340000,-0.386063,1.000000,-0.596336,2.198783,-0.000000,0.511153,2.559863,-0.000000,-5.056981
14.360000,-0.341572,1.000000,-0.587137,2.250417,-0.000000,0.408108,2.603555,-0.000000,-5.247563
14.380000,-0.296040,1.000000,-0.580037,2.302926,-0.000000,0.301251,2.647248,-0.000000,-5.438144
14.400000,-0.249450,1.000000,-0.575113,2.356307,-0.000000,0.190582,2.690940,0.000000,-5.628726
14.420000,-0.201782,1.000000,-0.572440,2.410563,-0.000000,0.076102,2.734633,0.000000,-5.819308
14.440000,-0.153021,1.000000,-0.572094,2.465693,-0.000000,-0.042190,2.778326,0.000000,-6.009890
14.460000,-0.103149,1.000000,-0.574153,2.521696,-0.000000,-0.164294,2.822018,0.000000,-6.200472
14.480000,-0.052148,1.000000,-0.578691,2.578573,-0.000000,-0.290209,2.865711,0.000000,-6.391054
14.500000,0.000000,1.000000,-0.585786,2.636325,-0.000000,-0.419936,2.909403,0.000000,-6.581636
14.520000,0.053265,1.000000,-0.595462,2.687967,-0.000000,-0.545632,2.254839,0.000000,-5.987915
14.540000,0.107431,1.000000,-0.607533,2.726518,-0.000000,-0.659453,1.600275,0.000000,-5.394194
14.560000,0.162238,1.000000,-0.621761,2.751978,-0.000000,-0.761400,0.945711,0.000000,-4.800474
14.580000,0.217423,1.000000,-0.637909,2.764347,-0.000000,-0.851472,0.291147,0.000000,-4.206753
14.600000,0.272725,1.000000,-0.655741,2.763624,-0.000000,-0.929670,-0.363418,0.000000,-3.613032
14.620000,0.327881,1.000000,-0.675017,2.749810,-0.000000,-0.995993,-1.017982,0.000000,-3.019312
14.640000,0.382630,1.000000,-0.695501,2.722905,-0.000000,-1.050442,-1.672546,0.000000,-2.425591
14.660000,0.436710,1.000000,-0.716956,2.682908,-0.000000,-1.093017,-2.327110,0.000000,-1.831871
14.680000,0.489859,1.000000,-0.739143,2.629820,0.000000,-1.123717,-2.981674,0.000000,-1.238150
14.700000,0.541815,1.000000,-0.761825,2.563641,0.000000,-1.142543,-3.636239,0.000000,-0.644429
14.720000,0.592317,1.000000,-0.784765,2.484371,0.000000,-1.149494,-4.290803,0.000000,-0.050709
14.740000,0.641103,1.000000,-0.807726,2.392009,0.000000,-1.144571,-4.945367,0.000000,0.543012
14.760000,0.687910,1.000000,-0.830469,2.286556,0.000000,-1.127774,-5.599931,0.000000,1.136733
14.780000,0.732478,1.000000,-0.852757,2.168012,0.000000,-1.099102,-6.254495,0.000000,1.730453
14.800000,0.774544,1.000000,-0.874354,2.036376,0.000000,-1.058555,-6.909060,0.000000,2.324174
14.820000,0.813846,1.000000,-0.895020,1.891649,0.000000,-1.006135,-7.563624,0.000000,2.917895
14.840000,0.850122,1.000000,-0.914520,1.733831,0.000000,-0.941840,-8.218188,-0.000000,3.511615
14.860000,0.883112,1.000000,-0.932615,1.562922,0.000000,-0.865670,-8.872752,-0.000000,4.105336
14.880000,0.912552,1.000000,-0.949068,1.378921,0.000000,-0.777626,-9.527316,-0.000000,4.699057
14.900000,0.938181,1.000000,-0.963641,1.181829,0.000000,-0.677708,-10.181881,-0.000000,5.292777
14.920000,0.959738,1.000000,-0.976097,0.971646,0.000000,-0.565915,-10.836445,-0.000000,5.886498
14.940000,0.976960,1.000000,-0.986198,0.748371,0.000000,-0.442248,-11.491009,-0.000000,6.480219
14.960000,0.989585,1.000000,-0.993708,0.512005,0.000000,-0.306706,-12.145573,-0.000000,7.073939
14.980000,0.997353,1.000000,-0.998387,0.262548,0.000000,-0.159290,-12.800137,-0.000000,7.667660
