0.000000,0.000000,0.000000,0.000000,0.000000,0.000000,0.000000,6.127405,3.011566,-7.695127
0.020000,0.001211,0.000595,-0.001521,0.120372,0.059162,-0.151169,5.909761,2.904596,-7.421798
0.040000,0.004786,0.002352,-0.006010,0.236390,0.116184,-0.296872,5.692116,2.797626,-7.148468
0.060000,0.010638,0.005228,-0.013359,0.348056,0.171067,-0.437108,5.474472,2.690655,-6.875139
0.080000,0.018679,0.009181,-0.023458,0.455369,0.223810,-0.571877,5.256828,2.583685,-6.601809
0.100000,0.028823,0.014166,-0.036198,0.558329,0.274414,-0.701180,5.039183,2.476715,-6.328480
0.120000,0.040983,0.020143,-0.051469,0.656937,0.322879,-0.825017,4.821539,2.369745,-6.055150
0.140000,0.055072,0.027067,-0.069162,0.751191,0.369204,-0.943386,4.603895,2.262774,-5.781821
0.160000,0.071002,0.034897,-0.089168,0.841092,0.413390,-1.056289,4.386251,2.155804,-5.508491
0.180000,0.088686,0.043589,-0.111377,0.926641,0.455436,-1.163726,4.168606,2.048834,-5.235162
0.200000,0.108038,0.053100,-0.135681,1.007837,0.495343,-1.265696,3.950962,1.941863,-4.961832
0.220000,0.128971,0.063388,-0.161969,1.084679,0.533111,-1.362199,3.733318,1.834893,-4.688503
0.240000,0.151397,0.074410,-0.190132,1.157169,0.568739,-1.453236,3.515673,1.727923,-4.415173
0.260000,0.175229,0.086123,-0.220062,1.225306,0.602227,-1.538806,3.298029,1.620952,-4.141844
0.280000,0.200380,0.098485,-0.251648,1.289091,0.633577,-1.618910,3.080385,1.513982,-3.868514
0.300000,0.226763,0.111452,-0.284782,1.348522,0.662787,-1.693547,2.862740,1.407012,-3.595185
0.320000,0.254292,0.124982,-0.319353,1.403600,0.689857,-1.762717,2.645096,1.300042,-3.321855
0.340000,0.282878,0.139032,-0.355254,1.454326,0.714788,-1.826421,2.427452,1.193071,-3.048526
0.360000,0.312436,0.153559,-0.392374,1.500698,0.737580,-1.884658,2.209808,1.086101,-2.775196
0.380000,0.342877,0.168521,-0.430604,1.542718,0.758232,-1.937429,1.992163,0.979131,-2.501866
0.400000,0.374115,0.183874,-0.469834,1.580385,0.776745,-1.984733,1.774519,0.872160,-2.228537
0.420000,0.406064,0.199577,-0.509957,1.613699,0.793119,-2.026570,1.556875,0.765190,-1.955207
0.440000,0.438634,0.215585,-0.550861,1.642660,0.807353,-2.062941,1.339230,0.658220,-1.681878
0.460000,0.471741,0.231857,-0.592438,1.667268,0.819448,-2.093845,1.121586,0.551250,-1.408548
0.480000,0.505296,0.248349,-0.634578,1.687523,0.829403,-2.119283,0.903942,0.444279,-1.135219
0.500000,0.539213,0.265018,-0.677173,1.703426,0.837219,-2.139254,0.686298,0.337309,-0.861889
0.520000,0.573404,0.281823,-0.720112,1.714975,0.842895,-2.153759,0.468653,0.230339,-0.588560
0.540000,0.607783,0.298720,-0.763287,1.722172,0.846432,-2.162797,0.251009,0.123368,-0.315230
0.560000,0.642262,0.315666,-0.806587,1.725015,0.847830,-2.166368,0.033365,0.016398,-0.041901
0.580000,0.676754,0.332619,-0.849905,1.723506,0.847088,-2.164473,-0.184280,-0.090572,0.231429
0.600000,0.711173,0.349535,-0.893130,1.717644,0.844207,-2.157111,-0.401924,-0.197543,0.504758
0.620000,0.745431,0.366373,-0.936153,1.707429,0.839187,-2.144282,-0.619568,-0.304513,0.778088
0.640000,0.779441,0.383089,-0.978865,1.692862,0.832027,-2.125987,-0.837213,-0.411483,1.051417
0.660000,0.813117,0.399640,-1.021156,1.673941,0.822727,-2.102226,-1.054857,-0.518453,1.324747
0.680000,0.846370,0.415983,-1.062917,1.650667,0.811288,-2.072997,-1.272501,-0.625424,1.598076
0.700000,0.879114,0.432077,-1.104039,1.623041,0.797710,-2.038303,-1.490145,-0.732394,1.871406
0.720000,0.911263,0.447878,-1.144413,1.591061,0.781993,-1.998141,-1.707790,-0.839364,2.144735
0.740000,0.942728,0.463342,-1.183929,1.554729,0.764136,-1.952513,-1.925434,-0.946335,2.418065
0.760000,0.973423,0.478429,-1.222477,1.514044,0.744139,-1.901419,-2.143078,-1.053305,2.691394
0.780000,1.003260,0.493094,-1.259949,1.469006,0.722004,-1.844857,-2.360723,-1.160275,2.964724
0.800000,1.032154,0.507295,-1.296235,1.419615,0.697728,-1.782830,-2.578367,-1.267246,3.238053
0.820000,1.060016,0.520989,-1.331226,1.365871,0.671314,-1.715335,-2.796011,-1.374216,3.511383
0.840000,1.086760,0.534133,-1.364812,1.307775,0.642760,-1.642374,-3.013656,-1.481186,3.784712
0.860000,1.112298,0.546685,-1.396884,1.245325,0.612066,-1.563947,-3.231300,-1.588156,4.058042
0.880000,1.136544,0.558601,-1.427333,1.178523,0.579233,-1.480053,-3.448944,-1.695127,4.331371
0.900000,1.159410,0.569840,-1.456050,1.107367,0.544261,-1.390692,-3.666588,-1.802097,4.604701
0.920000,1.180809,0.580357,-1.482924,1.031859,0.507150,-1.295865,-3.884233,-1.909067,4.878030
0.940000,1.200655,0.590112,-1.507848,0.951998,0.467899,-1.195571,-4.101877,-2.016038,5.151360
0.960000,1.218860,0.599059,-1.530711,0.867784,0.426508,-1.089810,-4.319521,-2.123008,5.424689
0.980000,1.235338,0.607158,-1.551404,0.779217,0.382978,-0.978583,-4.537166,-2.229978,5.698019
1.000000,1.250000,0.614364,-1.569818,0.686298,0.337309,-0.861889,-4.754810,-2.336949,5.971348
1.020000,1.262791,0.620651,-1.585881,0.593613,0.291755,-0.745491,-4.513656,-2.218423,5.668494
1.040000,1.273777,0.626050,-1.599678,0.505751,0.248572,-0.635150,-4.272501,-2.099897,5.365639
1.060000,1.283053,0.630609,-1.611328,0.422713,0.207759,-0.530865,-4.031347,-1.981372,5.062784
1.080000,1.290717,0.634376,-1.620953,0.344497,0.169317,-0.432638,-3.790192,-1.862846,4.759929
1.100000,1.296865,0.637398,-1.628674,0.271105,0.133245,-0.340468,-3.549038,-1.744321,4.457074
1.120000,1.301594,0.639722,-1.634612,0.202536,0.099544,-0.254355,-3.307884,-1.625795,4.154219
1.140000,1.304999,0.641395,-1.638888,0.138790,0.068214,-0.174300,-3.066729,-1.507270,3.851364
1.160000,1.307177,0.642466,-1.641624,0.079867,0.039254,-0.100301,-2.825575,-1.388744,3.548509
1.180000,1.308226,0.642981,-1.642941,0.025767,0.012664,-0.032359,-2.584420,-1.270219,3.245654
1.200000,1.308240,0.642989,-1.642959,-0.023510,-0.011555,0.029525,-2.343266,-1.151693,2.942799
1.220000,1.307317,0.642535,-1.641800,-0.067964,-0.033404,0.085353,-2.102112,-1.033168,2.639945
1.240000,1.305554,0.641668,-1.639585,-0.107595,-0.052882,0.135123,-1.860957,-0.914642,2.337090
1.260000,1.303046,0.640436,-1.636435,-0.142402,-0.069990,0.178836,-1.619803,-0.796116,2.034235
1.280000,1.299890,0.638884,-1.632472,-0.172387,-0.084727,0.216493,-1.378648,-0.677591,1.731380
1.300000,1.296183,0.637062,-1.627816,-0.197548,-0.097093,0.248092,-1.137494,-0.559065,1.428525
1.320000,1.292020,0.635016,-1.622589,-0.217886,-0.107089,0.273634,-0.896340,-0.440540,1.125670
1.340000,1.287499,0.632795,-1.616911,-0.233402,-0.114715,0.293118,-0.655185,-0.322014,0.822815
1.360000,1.282716,0.630444,-1.610904,-0.244094,-0.119970,0.306546,-0.414031,-0.203489,0.519960
1.380000,1.277768,0.628012,-1.604690,-0.249963,-0.122854,0.313917,-0.172877,-0.084963,0.217105
1.400000,1.272750,0.625545,-1.598388,-0.251009,-0.123368,0.315230,0.068278,0.033562,-0.085750
1.420000,1.267759,0.623093,-1.592121,-0.247232,-0.121512,0.310487,0.309432,0.152088,-0.388605
1.440000,1.262893,0.620701,-1.586009,-0.238632,-0.117285,0.299686,0.550587,0.270613,-0.691459
1.460000,1.258246,0.618417,-1.580174,-0.225208,-0.110687,0.282828,0.791741,0.389139,-0.994314
1.480000,1.253917,0.616289,-1.574736,-0.206962,-0.101719,0.259914,1.032895,0.507664,-1.297169
1.500000,1.250000,0.614364,-1.569818,-0.183893,-0.090381,0.230942,1.274050,0.626190,-1.600024
1.520000,1.246573,0.612680,-1.565513,-0.159058,-0.078175,0.199753,1.209432,0.594430,-1.518873
1.540000,1.243629,0.611233,-1.561817,-0.135515,-0.066604,0.170187,1.144815,0.562670,-1.437722
1.560000,1.241143,0.610011,-1.558695,-0.113265,-0.055668,0.142244,1.080197,0.530910,-1.356571
1.580000,1.239090,0.609002,-1.556116,-0.092307,-0.045367,0.115924,1.015580,0.499150,-1.275421
1.600000,1.237443,0.608192,-1.554047,-0.072642,-0.035702,0.091227,0.950962,0.467390,-1.194270
1.620000,1.236176,0.607570,-1.552456,-0.054269,-0.026672,0.068153,0.886344,0.435630,-1.113119
1.640000,1.235263,0.607121,-1.551310,-0.037188,-0.018277,0.046702,0.821727,0.403870,-1.031968
1.660000,1.234679,0.606834,-1.550577,-0.021400,-0.010517,0.026874,0.757109,0.372110,-0.950817
1.680000,1.234399,0.606696,-1.550225,-0.006904,-0.003392,0.008670,0.692492,0.340349,-0.869666
1.700000,1.234395,0.606694,-1.550220,0.006300,0.003097,-0.007912,0.627874,0.308589,-0.788515
1.720000,1.234642,0.606816,-1.550530,0.018211,0.008951,-0.022871,0.563257,0.276829,-0.707364
1.740000,1.235114,0.607048,-1.551124,0.028830,0.014170,-0.036207,0.498639,0.245069,-0.626213
1.760000,1.235787,0.607378,-1.551968,0.038157,0.018754,-0.047920,0.434021,0.213309,-0.545063
1.780000,1.236632,0.607794,-1.553030,0.046191,0.022703,-0.058009,0.369404,0.181549,-0.463912
1.800000,1.237626,0.608282,-1.554277,0.052933,0.026016,-0.066476,0.304786,0.149789,-0.382761
1.820000,1.238741,0.608831,-1.555678,0.058382,0.028694,-0.073320,0.240169,0.118029,-0.301610
1.840000,1.239952,0.609426,-1.557199,0.062540,0.030737,-0.078540,0.175551,0.086269,-0.220459
1.860000,1.241234,0.610056,-1.558809,0.065404,0.032145,-0.082138,0.110934,0.054509,-0.139308
1.880000,1.242560,0.610707,-1.560474,0.066977,0.032918,-0.084113,0.046316,0.022749,-0.058157
1.900000,1.243904,0.611368,-1.562162,0.067257,0.033055,-0.084464,-0.018301,-0.009011,0.022994
1.920000,1.245241,0.612025,-1.563842,0.066245,0.032557,-0.083193,-0.082919,-0.040771,0.104145
1.940000,1.246545,0.612666,-1.565479,0.063940,0.031424,-0.080299,-0.147537,-0.072531,0.185295
1.960000,1.247790,0.613278,-1.567043,0.060343,0.029656,-0.075781,-0.212154,-0.104291,0.266446
1.980000,1.248951,0.613848,-1.568500,0.055454,0.027253,-0.069641,-0.276772,-0.136052,0.347597
2.000000,1.250000,0.614364,-1.569818,0.049273,0.024214,-0.061877,-0.341389,-0.167812,0.428748
2.020000,1.250918,0.614815,-1.570971,0.042618,0.020943,-0.053520,-0.324073,-0.159297,0.406999
2.040000,1.251707,0.615203,-1.571961,0.036310,0.017842,-0.045597,-0.306758,-0.150782,0.385251
2.060000,1.252373,0.615530,-1.572798,0.030348,0.014912,-0.038110,-0.289442,-0.142267,0.363502
2.080000,1.252923,0.615800,-1.573489,0.024732,0.012151,-0.031057,-0.272126,-0.133753,0.341753
2.100000,1.253365,0.616017,-1.574043,0.019463,0.009561,-0.024440,-0.254810,-0.125238,0.320005
2.120000,1.253704,0.616184,-1.574469,0.014540,0.007142,-0.018257,-0.237494,-0.116723,0.298256
2.140000,1.253949,0.616304,-1.574776,0.009963,0.004892,-0.012509,-0.220178,-0.108209,0.276508
2.160000,1.254105,0.616381,-1.574972,0.005732,0.002813,-0.007197,-0.202862,-0.099694,0.254759
2.180000,1.254180,0.616418,-1.575067,0.001848,0.000905,-0.002319,-0.185546,-0.091179,0.233010
2.200000,1.254181,0.616418,-1.575068,-0.001689,-0.000834,0.002124,-0.168231,-0.082664,0.211262
2.220000,1.254115,0.616386,-1.574985,-0.004881,-0.002402,0.006131,-0.150915,-0.074150,0.189513
2.240000,1.253988,0.616323,-1.574826,-0.007726,-0.003800,0.009704,-0.133599,-0.065635,0.167764
2.260000,1.253808,0.616235,-1.574600,-0.010225,-0.005027,0.012842,-0.116283,-0.057120,0.146016
2.280000,1.253582,0.616123,-1.574315,-0.012377,-0.006084,0.015545,-0.098967,-0.048606,0.124267
2.300000,1.253315,0.615992,-1.573981,-0.014183,-0.006971,0.017813,-0.081651,-0.040091,0.102518
2.320000,1.253016,0.615846,-1.573605,-0.015643,-0.007688,0.019646,-0.064335,-0.031576,0.080770
2.340000,1.252692,0.615686,-1.573198,-0.016757,-0.008235,0.021043,-0.047020,-0.023061,0.059021
2.360000,1.252349,0.615517,-1.572767,-0.017524,-0.008611,0.022006,-0.029704,-0.014547,0.037272
2.380000,1.251993,0.615343,-1.572320,-0.017945,-0.008816,0.022534,-0.012388,-0.006032,0.015524
2.400000,1.251633,0.615166,-1.571868,-0.018020,-0.008852,0.022627,0.004928,0.002483,-0.006225
2.420000,1.251275,0.614990,-1.571418,-0.017748,-0.008717,0.022285,0.022244,0.010997,-0.027974
2.440000,1.250925,0.614818,-1.570980,-0.017130,-0.008412,0.021508,0.039560,0.019512,-0.049722
2.460000,1.250592,0.614655,-1.570561,-0.016166,-0.007937,0.020296,0.056876,0.028027,-0.071471
2.480000,1.250281,0.614502,-1.570171,-0.014855,-0.007291,0.018649,0.074191,0.036542,-0.093220
2.500000,1.250000,0.614364,-1.569818,-0.013198,-0.006475,0.016568,0.091507,0.045056,-0.114968
2.520000,1.249754,0.614243,-1.569509,-0.011414,-0.005597,0.014327,0.086861,0.042757,-0.109125
2.540000,1.249543,0.614140,-1.569244,-0.009723,-0.004765,0.012203,0.082216,0.040459,-0.103281
2.560000,1.249364,0.614053,-1.569020,-0.008126,-0.003978,0.010195,0.077570,0.038160,-0.097437
2.580000,1.249217,0.613980,-1.568835,-0.006621,-0.003238,0.008305,0.072924,0.035861,-0.091593
2.600000,1.249099,0.613923,-1.568687,-0.005209,-0.002544,0.006532,0.068278,0.033562,-0.085750
2.620000,1.249008,0.613878,-1.568573,-0.003890,-0.001896,0.004875,0.063632,0.031264,-0.079906
2.640000,1.248943,0.613847,-1.568491,-0.002663,-0.001293,0.003335,0.058986,0.028965,-0.074062
2.660000,1.248901,0.613826,-1.568439,-0.001530,-0.000737,0.001913,0.054340,0.026666,-0.068218
2.680000,1.248881,0.613817,-1.568414,-0.000490,-0.000227,0.000607,0.049694,0.024367,-0.062375
2.700000,1.248881,0.613817,-1.568414,0.000458,0.000238,-0.000582,0.045048,0.022068,-0.056531
2.720000,1.248899,0.613826,-1.568436,0.001312,0.000656,-0.001654,0.040402,0.019770,-0.050687
2.740000,1.248933,0.613843,-1.568479,0.002074,0.001028,-0.002610,0.035757,0.017471,-0.044843
2.760000,1.248981,0.613867,-1.568540,0.002742,0.001355,-0.003448,0.031111,0.015172,-0.039000
2.780000,1.249042,0.613897,-1.568616,0.003318,0.001635,-0.004170,0.026465,0.012873,-0.033156
2.800000,1.249113,0.613932,-1.568706,0.003801,0.001870,-0.004774,0.021819,0.010574,-0.027312
2.820000,1.249193,0.613971,-1.568807,0.004191,0.002058,-0.005262,0.017173,0.008276,-0.021468
2.840000,1.249280,0.614014,-1.568916,0.004488,0.002201,-0.005633,0.012527,0.005977,-0.015625
2.860000,1.249372,0.614059,-1.569031,0.004692,0.002297,-0.005887,0.007881,0.003678,-0.009781
2.880000,1.249467,0.614105,-1.569151,0.004803,0.002348,-0.006024,0.003235,0.001379,-0.003937
2.900000,1.249564,0.614153,-1.569271,0.004821,0.002352,-0.006045,-0.001411,-0.000920,0.001907
2.920000,1.249659,0.614199,-1.569392,0.004747,0.002311,-0.005948,-0.006057,-0.003218,0.007750
2.940000,1.249753,0.614245,-1.569509,0.004579,0.002224,-0.005735,-0.010702,-0.005517,0.013594
2.960000,1.249842,0.614288,-1.569620,0.004319,0.002090,-0.005404,-0.015348,-0.007816,0.019438
2.980000,1.249925,0.614328,-1.569724,0.003965,0.001911,-0.004957,-0.019994,-0.010115,0.025282
3.000000,1.250000,0.614364,-1.569818,0.003519,0.001686,-0.004393,-0.024640,-0.012414,0.031125
3.020000,1.250066,0.614395,-1.569899,0.003039,0.001444,-0.003787,-0.023372,-0.011733,0.029499
3.040000,1.250122,0.614422,-1.569969,0.002584,0.001216,-0.003213,-0.022105,-0.011053,0.027873
3.060000,1.250169,0.614444,-1.570028,0.002155,0.001002,-0.002672,-0.020837,-0.010372,0.026246
3.080000,1.250208,0.614462,-1.570076,0.001751,0.000802,-0.002163,-0.019569,-0.009692,0.024620
3.100000,1.250239,0.614476,-1.570115,0.001372,0.000615,-0.001687,-0.018301,-0.009011,0.022994
3.120000,1.250263,0.614487,-1.570144,0.001018,0.000441,-0.001244,-0.017034,-0.008331,0.021367
3.140000,1.250280,0.614494,-1.570165,0.000690,0.000281,-0.000832,-0.015766,-0.007650,0.019741
3.160000,1.250291,0.614498,-1.570178,0.000388,0.000135,-0.000454,-0.014498,-0.006970,0.018115
3.180000,1.250296,0.614499,-1.570183,0.000111,0.000002,-0.000108,-0.013231,-0.006289,0.016488
3.200000,1.250295,0.614498,-1.570182,-0.000141,-0.000116,0.000206,-0.011963,-0.005609,0.014862
3.220000,1.250290,0.614495,-1.570175,-0.000368,-0.000222,0.000487,-0.010695,-0.004928,0.013236
3.240000,1.250281,0.614489,-1.570163,-0.000569,-0.000314,0.000735,-0.009427,-0.004248,0.011609
3.260000,1.250268,0.614482,-1.570146,-0.000745,-0.000392,0.000951,-0.008160,-0.003568,0.009983
3.280000,1.250251,0.614474,-1.570125,-0.000896,-0.000456,0.001134,-0.006892,-0.002887,0.008357
3.300000,1.250232,0.614464,-1.570101,-0.001021,-0.000507,0.001285,-0.005624,-0.002207,0.006730
3.320000,1.250211,0.614454,-1.570074,-0.001121,-0.000545,0.001404,-0.004356,-0.001526,0.005104
3.340000,1.250187,0.614443,-1.570045,-0.001195,-0.000568,0.001489,-0.003089,-0.000846,0.003478
3.360000,1.250163,0.614431,-1.570015,-0.001244,-0.000578,0.001543,-0.001821,-0.000165,0.001851
3.380000,1.250138,0.614420,-1.569983,-0.001268,-0.000575,0.001563,-0.000553,0.000515,0.000225
3.400000,1.250112,0.614408,-1.569952,-0.001266,-0.000558,0.001552,0.000715,0.001196,-0.001401
3.420000,1.250087,0.614397,-1.569922,-0.001239,-0.000527,0.001507,0.001982,0.001876,-0.003028
3.440000,1.250063,0.614387,-1.569892,-0.001187,-0.000483,0.001431,0.003250,0.002557,-0.004654
3.460000,1.250040,0.614378,-1.569865,-0.001109,-0.000425,0.001321,0.004518,0.003237,-0.006280
3.480000,1.250019,0.614370,-1.569840,-0.001006,-0.000353,0.001179,0.005785,0.003918,-0.007907
3.500000,1.250000,0.614364,-1.569818,-0.000878,-0.000268,0.001005,0.007053,0.004598,-0.009533
3.520000,1.249984,0.614360,-1.569799,-0.000741,-0.000180,0.000821,0.006628,0.004175,-0.008871
3.540000,1.249970,0.614357,-1.569785,-0.000613,-0.000101,0.000650,0.006203,0.003752,-0.008210
3.560000,1.249959,0.614355,-1.569773,-0.000493,-0.000030,0.000493,0.005778,0.003329,-0.007548
3.580000,1.249951,0.614355,-1.569765,-0.000382,0.000032,0.000348,0.005353,0.002906,-0.006887
3.600000,1.249944,0.614357,-1.569759,-0.000279,0.000086,0.000217,0.004928,0.002483,-0.006225
3.620000,1.249939,0.614359,-1.569756,-0.000184,0.000131,0.000099,0.004503,0.002060,-0.005563
3.640000,1.249937,0.614362,-1.569755,-0.000099,0.000168,-0.000005,0.004078,0.001637,-0.004902
3.660000,1.249935,0.614366,-1.569756,-0.000021,0.000197,-0.000097,0.003653,0.001214,-0.004240
3.680000,1.249936,0.614370,-1.569759,0.000047,0.000217,-0.000175,0.003228,0.000790,-0.003579
3.700000,1.249937,0.614374,-1.569763,0.000108,0.000228,-0.000240,0.002803,0.000367,-0.002917
3.720000,1.249940,0.614379,-1.569769,0.000160,0.000232,-0.000292,0.002378,-0.000056,-0.002256
3.740000,1.249943,0.614383,-1.569775,0.000203,0.000226,-0.000330,0.001953,-0.000479,-0.001594
3.760000,1.249948,0.614388,-1.569782,0.000238,0.000212,-0.000356,0.001528,-0.000902,-0.000932
3.780000,1.249953,0.614392,-1.569789,0.000264,0.000190,-0.000368,0.001103,-0.001325,-0.000271
3.800000,1.249958,0.614395,-1.569796,0.000282,0.000159,-0.000366,0.000678,-0.001748,0.000391
3.820000,1.249964,0.614398,-1.569804,0.000291,0.000120,-0.000352,0.000253,-0.002171,0.001052
3.840000,1.249970,0.614400,-1.569810,0.000292,0.000073,-0.000324,-0.000172,-0.002594,0.001714
3.860000,1.249976,0.614401,-1.569816,0.000284,0.000016,-0.000283,-0.000597,-0.003017,0.002375
3.880000,1.249981,0.614401,-1.569822,0.000268,-0.000048,-0.000229,-0.001022,-0.003440,0.003037
3.900000,1.249986,0.614399,-1.569825,0.000243,-0.000121,-0.000162,-0.001447,-0.003863,0.003699
3.920000,1.249991,0.614396,-1.569828,0.000210,-0.000203,-0.000081,-0.001873,-0.004286,0.004360
3.940000,1.249995,0.614391,-1.569829,0.000168,-0.000293,0.000012,-0.002298,-0.004709,0.005022
3.960000,1.249998,0.614384,-1.569827,0.000118,-0.000391,0.000120,-0.002723,-0.005132,0.005683
3.980000,1.249999,0.614375,-1.569824,0.000060,-0.000498,0.000240,-0.003148,-0.005555,0.006345
4.000000,1.250000,0.614364,-1.569818,-0.000008,-0.000613,0.000373,-0.003573,-0.005978,0.007007
4.020000,1.249999,0.614351,-1.569809,-0.000075,-0.000723,0.000503,-0.003140,-0.004967,0.005987
4.040000,1.249997,0.614335,-1.569798,-0.000133,-0.000812,0.000613,-0.002708,-0.003955,0.004967
4.060000,1.249994,0.614318,-1.569784,-0.000183,-0.000881,0.000702,-0.002275,-0.002943,0.003947
4.080000,1.249990,0.614300,-1.569770,-0.000224,-0.000930,0.000771,-0.001843,-0.001931,0.002927
4.100000,1.249985,0.614281,-1.569754,-0.000257,-0.000958,0.000819,-0.001411,-0.000920,0.001907
4.120000,1.249980,0.614262,-1.569737,-0.000281,-0.000966,0.000847,-0.000978,0.000092,0.000887
4.140000,1.249974,0.614243,-1.569720,-0.000296,-0.000954,0.000854,-0.000546,0.001104,-0.000133
4.160000,1.249968,0.614224,-1.569703,-0.000303,-0.000922,0.000842,-0.000113,0.002116,-0.001153
4.180000,1.249962,0.614206,-1.569687,-0.000301,-0.000870,0.000808,0.000319,0.003127,-0.002173
4.200000,1.249956,0.614189,-1.569671,-0.000290,-0.000797,0.000755,0.000751,0.004139,-0.003193
4.220000,1.249950,0.614174,-1.569656,-0.000270,-0.000704,0.000681,0.001184,0.005151,-0.004213
4.240000,1.249945,0.614161,-1.569644,-0.000242,-0.000591,0.000586,0.001616,0.006163,-0.005233
4.260000,1.249941,0.614151,-1.569633,-0.000206,-0.000458,0.000471,0.002049,0.007174,-0.006253
4.280000,1.249937,0.614143,-1.569625,-0.000161,-0.000304,0.000336,0.002481,0.008186,-0.007273
4.300000,1.249934,0.614139,-1.569620,-0.000107,-0.000130,0.000180,0.002913,0.009198,-0.008293
4.320000,1.249933,0.614138,-1.569618,-0.000044,0.000064,0.000004,0.003346,0.010210,-0.009313
4.340000,1.249933,0.614141,-1.569620,0.000027,0.000278,-0.000192,0.003778,0.011222,-0.010333
4.360000,1.249934,0.614149,-1.569626,0.000107,0.000513,-0.000409,0.004211,0.012233,-0.011353
4.380000,1.249937,0.614162,-1.569636,0.000196,0.000767,-0.000646,0.004643,0.013245,-0.012373
4.400000,1.249942,0.614180,-1.569652,0.000293,0.001042,-0.000904,0.005075,0.014257,-0.013393
4.420000,1.249949,0.614204,-1.569673,0.000399,0.001338,-0.001182,0.005508,0.015269,-0.014413
4.440000,1.249958,0.614234,-1.569699,0.000513,0.001653,-0.001481,0.005940,0.016280,-0.015433
4.460000,1.249969,0.614270,-1.569732,0.000636,0.001989,-0.001799,0.006373,0.017292,-0.016453
4.480000,1.249983,0.614313,-1.569771,0.000768,0.002345,-0.002139,0.006805,0.018304,-0.017473
4.500000,1.250000,0.614364,-1.569818,0.000909,0.002721,-0.002498,0.007237,0.019316,-0.018493
4.520000,1.250020,0.614422,-1.569871,0.001040,0.003071,-0.002834,0.005933,0.015692,-0.015075
4.540000,1.250041,0.614486,-1.569931,0.001146,0.003349,-0.003101,0.004628,0.012068,-0.011656
4.560000,1.250065,0.614556,-1.569995,0.001225,0.003554,-0.003300,0.003324,0.008444,-0.008238
4.580000,1.250090,0.614628,-1.570062,0.001279,0.003686,-0.003431,0.002019,0.004820,-0.004820
4.600000,1.250116,0.614703,-1.570131,0.001306,0.003747,-0.003493,0.000715,0.001196,-0.001401
4.620000,1.250142,0.614777,-1.570201,0.001307,0.003734,-0.003487,-0.000590,-0.002428,0.002017
4.640000,1.250168,0.614851,-1.570271,0.001283,0.003650,-0.003412,-0.001895,-0.006052,0.005435
4.660000,1.250193,0.614923,-1.570337,0.001232,0.003492,-0.003269,-0.003199,-0.009676,0.008854
4.680000,1.250217,0.614991,-1.570401,0.001155,0.003262,-0.003058,-0.004504,-0.013300,0.012272
4.700000,1.250239,0.615053,-1.570459,0.001051,0.002960,-0.002779,-0.005808,-0.016924,0.015691
4.720000,1.250259,0.615109,-1.570512,0.000922,0.002585,-0.002431,-0.007113,-0.020548,0.019109
4.740000,1.250276,0.615156,-1.570556,0.000767,0.002138,-0.002014,-0.008418,-0.024172,0.022527
4.760000,1.250290,0.615194,-1.570592,0.000586,0.001619,-0.001530,-0.009722,-0.027796,0.025946
4.780000,1.250299,0.615220,-1.570617,0.000378,0.001026,-0.000976,-0.011027,-0.031420,0.029364
4.800000,1.250305,0.615234,-1.570630,0.000144,0.000362,-0.000355,-0.012331,-0.035044,0.032783
4.820000,1.250305,0.615234,-1.570631,-0.000115,-0.000375,0.000335,-0.013636,-0.038668,0.036201
4.840000,1.250300,0.615219,-1.570616,-0.000401,-0.001185,0.001093,-0.014940,-0.042292,0.039619
4.860000,1.250289,0.615186,-1.570586,-0.000713,-0.002067,0.001920,-0.016245,-0.045916,0.043038
4.880000,1.250271,0.615135,-1.570539,-0.001051,-0.003022,0.002815,-0.017550,-0.049540,0.046456
4.900000,1.250247,0.615065,-1.570473,-0.001415,-0.004049,0.003778,-0.018854,-0.053164,0.049875
4.920000,1.250214,0.614973,-1.570388,-0.001805,-0.005148,0.004810,-0.020159,-0.056788,0.053293
4.940000,1.250174,0.614859,-1.570280,-0.002221,-0.006320,0.005910,-0.021463,-0.060412,0.056711
4.960000,1.250125,0.614720,-1.570151,-0.002663,-0.007565,0.007078,-0.022768,-0.064036,0.060130
4.980000,1.250068,0.614555,-1.569997,-0.003132,-0.008882,0.008315,-0.024072,-0.067660,0.063548
5.000000,1.250000,0.614364,-1.569818,-0.003626,-0.010271,0.009620,-0.025377,-0.071284,0.066967
5.020000,1.249923,0.614145,-1.569613,-0.004086,-0.011562,0.010833,-0.020591,-0.057800,0.054313
5.040000,1.249837,0.613903,-1.569386,-0.004450,-0.012583,0.011792,-0.015805,-0.044316,0.041659
5.060000,1.249745,0.613644,-1.569143,-0.004718,-0.013335,0.012499,-0.011019,-0.030832,0.029006
5.080000,1.249649,0.613372,-1.568888,-0.004891,-0.013816,0.012953,-0.006233,-0.017347,0.016352
5.100000,1.249550,0.613093,-1.568626,-0.004968,-0.014028,0.013153,-0.001447,-0.003863,0.003699
5.120000,1.249451,0.612812,-1.568363,-0.004949,-0.013971,0.013101,0.003338,0.009621,-0.008955
5.140000,1.249353,0.612536,-1.568104,-0.004834,-0.013644,0.012795,0.008124,0.023105,-0.021608
5.160000,1.249258,0.612268,-1.567853,-0.004624,-0.013047,0.012236,0.012910,0.036590,-0.034262
5.180000,1.249169,0.612016,-1.567616,-0.004318,-0.012180,0.011425,0.017696,0.050074,-0.046916
5.200000,1.249086,0.611783,-1.567398,-0.003916,-0.011044,0.010360,0.022482,0.063558,-0.059569
5.220000,1.249013,0.611576,-1.567203,-0.003418,-0.009638,0.009042,0.027268,0.077042,-0.072223
5.240000,1.248950,0.611399,-1.567038,-0.002825,-0.007962,0.007471,0.032054,0.090526,-0.084876
5.260000,1.248900,0.611259,-1.566906,-0.002136,-0.006017,0.005647,0.036840,0.104011,-0.097530
5.280000,1.248865,0.611161,-1.566814,-0.001352,-0.003802,0.003570,0.041626,0.117495,-0.110184
5.300000,1.248847,0.611109,-1.566765,-0.000471,-0.001317,0.001239,0.046412,0.130979,-0.122837
5.320000,1.248847,0.611110,-1.566766,0.000505,0.001438,-0.001344,0.051198,0.144463,-0.135491
5.340000,1.248868,0.611168,-1.566821,0.001577,0.004462,-0.004180,0.055983,0.157947,-0.148144
5.360000,1.248911,0.611290,-1.566935,0.002744,0.007755,-0.007270,0.060769,0.171432,-0.160798
5.380000,1.248978,0.611480,-1.567113,0.004007,0.011319,-0.010612,0.065555,0.184916,-0.173451
5.400000,1.249072,0.611744,-1.567361,0.005366,0.015152,-0.014208,0.070341,0.198400,-0.186105
5.420000,1.249193,0.612088,-1.567683,0.006821,0.019255,-0.018056,0.075127,0.211884,-0.198759
5.440000,1.249345,0.612516,-1.568085,0.008372,0.023627,-0.022158,0.079913,0.225368,-0.211412
5.460000,1.249529,0.613035,-1.568571,0.010018,0.028270,-0.026513,0.084699,0.238853,-0.224066
5.480000,1.249747,0.613649,-1.569147,0.011759,0.033182,-0.031121,0.089485,0.252337,-0.236719
5.500000,1.250000,0.614364,-1.569818,0.013597,0.038363,-0.035982,0.094271,0.265821,-0.249373
5.520000,1.250290,0.615181,-1.570584,0.015304,0.043176,-0.040497,0.076432,0.215508,-0.202177
5.540000,1.250610,0.616084,-1.571431,0.016654,0.046983,-0.044069,0.058593,0.165195,-0.154981
5.560000,1.250953,0.617054,-1.572340,0.017648,0.049784,-0.046696,0.040754,0.114883,-0.107785
5.580000,1.251313,0.618069,-1.573293,0.018284,0.051579,-0.048380,0.022914,0.064570,-0.060589
5.600000,1.251682,0.619110,-1.574269,0.018564,0.052367,-0.049120,0.005075,0.014257,-0.013393
5.620000,1.252054,0.620157,-1.575251,0.018487,0.052149,-0.048916,-0.012764,-0.036056,0.033803
5.640000,1.252420,0.621189,-1.576220,0.018054,0.050925,-0.047768,-0.030603,-0.086369,0.080998
5.660000,1.252773,0.622187,-1.577156,0.017263,0.048694,-0.045676,-0.048442,-0.136682,0.128194
5.680000,1.253108,0.623130,-1.578040,0.016116,0.045458,-0.042640,-0.066281,-0.186995,0.175390
5.700000,1.253416,0.623999,-1.578855,0.014612,0.041215,-0.038660,-0.084120,-0.237307,0.222586
5.720000,1.253690,0.624772,-1.579581,0.012751,0.035965,-0.033737,-0.101959,-0.287620,0.269782
5.740000,1.253923,0.625431,-1.580198,0.010534,0.029710,-0.027869,-0.119798,-0.337933,0.316978
5.760000,1.254109,0.625954,-1.580689,0.007959,0.022448,-0.021057,-0.137637,-0.388246,0.364174
5.780000,1.254239,0.626322,-1.581034,0.005028,0.014180,-0.013302,-0.155476,-0.438559,0.411370
5.800000,1.254308,0.626515,-1.581215,0.001740,0.004906,-0.004603,-0.173315,-0.488872,0.458566
5.820000,1.254306,0.626512,-1.581212,-0.001904,-0.005375,0.005041,-0.191154,-0.539184,0.505762
5.840000,1.254229,0.626293,-1.581007,-0.005906,-0.016662,0.015628,-0.208993,-0.589497,0.552958
5.860000,1.254068,0.625838,-1.580581,-0.010264,-0.028955,0.027159,-0.226832,-0.639810,0.600153
5.880000,1.253816,0.625128,-1.579914,-0.014979,-0.042254,0.039634,-0.244672,-0.690123,0.647349
5.900000,1.253466,0.624141,-1.578989,-0.020051,-0.056560,0.053053,-0.262511,-0.740436,0.694545
5.920000,1.253012,0.622859,-1.577786,-0.025480,-0.071872,0.067416,-0.280350,-0.790749,0.741741
5.940000,1.252445,0.621260,-1.576286,-0.031265,-0.088190,0.082723,-0.298189,-0.841062,0.788937
5.960000,1.251759,0.619325,-1.574471,-0.037407,-0.105514,0.098973,-0.316028,-0.891374,0.836133
5.980000,1.250946,0.617033,-1.572321,-0.043906,-0.123845,0.116168,-0.333867,-0.941687,0.883329
6.000000,1.250000,0.614364,-1.569818,-0.050762,-0.143182,0.134306,-0.351706,-0.992000,0.930525
6.020000,1.248915,0.611303,-1.566948,-0.057713,-0.162823,0.152583,-0.343382,-0.972160,0.897127
6.040000,1.247693,0.607854,-1.563719,-0.064497,-0.182068,0.170191,-0.335058,-0.952320,0.863729
6.060000,1.246336,0.604023,-1.560144,-0.071115,-0.200916,0.187132,-0.326734,-0.932480,0.830332
6.080000,1.244849,0.599820,-1.556238,-0.077566,-0.219367,0.203405,-0.318410,-0.912640,0.796934
6.100000,1.243235,0.595251,-1.552013,-0.083851,-0.237422,0.219009,-0.310086,-0.892800,0.763536
6.120000,1.241496,0.590326,-1.547482,-0.089970,-0.255079,0.233946,-0.301762,-0.872960,0.730139
6.140000,1.239637,0.585051,-1.542659,-0.095922,-0.272340,0.248215,-0.293438,-0.853120,0.696741
6.160000,1.237660,0.579435,-1.537558,-0.101707,-0.289204,0.261816,-0.285114,-0.833280,0.663343
6.180000,1.235570,0.573485,-1.532191,-0.107326,-0.305671,0.274749,-0.276790,-0.813440,0.629946
6.200000,1.233368,0.567210,-1.526572,-0.112779,-0.321742,0.287014,-0.268466,-0.793600,0.596548
6.220000,1.231060,0.560618,-1.520715,-0.118065,-0.337415,0.298611,-0.260142,-0.773760,0.563150
6.240000,1.228647,0.553716,-1.514632,-0.123185,-0.352692,0.309540,-0.251818,-0.753920,0.529753
6.260000,1.226133,0.546513,-1.508338,-0.128138,-0.367572,0.319801,-0.243494,-0.734080,0.496355
6.280000,1.223523,0.539016,-1.501845,-0.132924,-0.382055,0.329394,-0.235169,-0.714240,0.462957
6.300000,1.220818,0.531234,-1.495167,-0.137544,-0.396142,0.338319,-0.226845,-0.694400,0.429560
6.320000,1.218022,0.523173,-1.488317,-0.141998,-0.409831,0.346576,-0.218521,-0.674560,0.396162
6.340000,1.215139,0.514843,-1.481308,-0.146285,-0.423124,0.354166,-0.210197,-0.654720,0.362764
6.360000,1.212172,0.506251,-1.474154,-0.150406,-0.436020,0.361087,-0.201873,-0.634880,0.329367
6.380000,1.209124,0.497405,-1.466869,-0.154360,-0.448519,0.367340,-0.193549,-0.615040,0.295969
6.400000,1.205998,0.488313,-1.459465,-0.158148,-0.460622,0.372926,-0.185225,-0.595200,0.262571
6.420000,1.202799,0.478983,-1.451956,-0.161769,-0.472327,0.377843,-0.176901,-0.575360,0.229174
6.440000,1.199529,0.469422,-1.444356,-0.165224,-0.483636,0.382093,-0.168577,-0.555520,0.195776
6.460000,1.196191,0.459640,-1.436677,-0.168512,-0.494548,0.385674,-0.160253,-0.535680,0.162378
6.480000,1.192789,0.449643,-1.428933,-0.171634,-0.505063,0.388588,-0.151929,-0.515840,0.128981
6.500000,1.189327,0.439440,-1.421138,-0.174590,-0.515182,0.390833,-0.143605,-0.496000,0.095583
6.520000,1.185807,0.429038,-1.413305,-0.177378,-0.524903,0.392411,-0.135281,-0.476160,0.062185
6.540000,1.182233,0.418446,-1.405446,-0.180001,-0.534228,0.393321,-0.126957,-0.456320,0.028788
6.560000,1.178608,0.407672,-1.397576,-0.182457,-0.543156,0.393563,-0.118633,-0.436480,-0.004610
6.580000,1.174936,0.396723,-1.389708,-0.184746,-0.551687,0.393136,-0.110309,-0.416640,-0.038008
6.600000,1.171219,0.385607,-1.381855,-0.186869,-0.559822,0.392042,-0.101985,-0.396800,-0.071405
6.620000,1.167462,0.374333,-1.374031,-0.188825,-0.567559,0.390280,-0.093661,-0.376960,-0.104803
6.640000,1.163667,0.362907,-1.366248,-0.190615,-0.574900,0.387850,-0.085337,-0.357120,-0.138201
6.660000,1.159838,0.351339,-1.358521,-0.192239,-0.581844,0.384752,-0.077013,-0.337280,-0.171598
6.680000,1.155979,0.339636,-1.350863,-0.193696,-0.588391,0.380986,-0.068689,-0.317440,-0.204996
6.700000,1.152092,0.327806,-1.343286,-0.194987,-0.594542,0.376552,-0.060365,-0.297600,-0.238394
6.720000,1.148180,0.315857,-1.335805,-0.196111,-0.600295,0.371450,-0.052041,-0.277760,-0.271791
6.740000,1.144248,0.303797,-1.328433,-0.197068,-0.605652,0.365681,-0.043717,-0.257920,-0.305189
6.760000,1.140299,0.291634,-1.321182,-0.197859,-0.610612,0.359243,-0.035393,-0.238080,-0.338587
6.780000,1.136335,0.279375,-1.314067,-0.198484,-0.615175,0.352137,-0.027069,-0.218240,-0.371984
6.800000,1.132361,0.267029,-1.307101,-0.198942,-0.619342,0.344363,-0.018745,-0.198400,-0.405382
6.820000,1.128379,0.254604,-1.300297,-0.199234,-0.623111,0.335922,-0.010421,-0.178560,-0.438780
6.840000,1.124392,0.242108,-1.293669,-0.199359,-0.626484,0.326812,-0.002097,-0.158720,-0.472177
6.860000,1.120405,0.229547,-1.287229,-0.199318,-0.629460,0.317035,0.006227,-0.138881,-0.505575
6.880000,1.116421,0.216932,-1.280992,-0.199110,-0.632039,0.306589,0.014551,-0.119041,-0.538973
6.900000,1.112442,0.204268,-1.274970,-0.198735,-0.634222,0.295476,0.022875,-0.099201,-0.572370
6.920000,1.108472,0.191566,-1.269177,-0.198195,-0.636008,0.283694,0.031199,-0.079361,-0.605768
6.940000,1.104515,0.178831,-1.263627,-0.197487,-0.637396,0.271245,0.039523,-0.059521,-0.639166
6.960000,1.100574,0.166072,-1.258332,-0.196614,-0.638388,0.258128,0.047848,-0.039681,-0.672563
6.980000,1.096652,0.153298,-1.253306,-0.195574,-0.638984,0.244343,0.056172,-0.019841,-0.705961
7.000000,1.092752,0.140516,-1.248563,-0.194367,-0.639182,0.229889,0.064496,-0.000001,-0.739359
7.020000,1.088878,0.127733,-1.244115,-0.192994,-0.638984,0.214768,0.072820,0.019839,-0.772756
7.040000,1.085034,0.114959,-1.239977,-0.191454,-0.638388,0.198979,0.081144,0.039679,-0.806154
7.060000,1.081221,0.102200,-1.236160,-0.189748,-0.637396,0.182522,0.089468,0.059519,-0.839552
7.080000,1.077445,0.089466,-1.232680,-0.187875,-0.636008,0.165397,0.097792,0.079359,-0.872949
7.100000,1.073707,0.076763,-1.229549,-0.185836,-0.634222,0.147604,0.106116,0.099199,-0.906347
7.120000,1.070012,0.064099,-1.226780,-0.183631,-0.632040,0.129143,0.114440,0.119039,-0.939745
7.140000,1.066363,0.051484,-1.224388,-0.181259,-0.629460,0.110014,0.122764,0.138879,-0.973142
7.160000,1.062763,0.038924,-1.222384,-0.178720,-0.626484,0.090218,0.131088,0.158719,-1.006540
7.180000,1.059216,0.026427,-1.220783,-0.176015,-0.623112,0.069753,0.139412,0.178559,-1.039938
7.200000,1.055724,0.014002,-1.219599,-0.173144,-0.619342,0.048620,0.147736,0.198399,-1.073335
7.220000,1.052291,0.001656,-1.218843,-0.170106,-0.615176,0.026819,0.156060,0.218239,-1.106733
7.240000,1.048921,-0.010602,-1.218530,-0.166901,-0.610612,0.004351,0.164384,0.238079,-1.140131
7.260000,1.045616,-0.022766,-1.218674,-0.163530,-0.605653,-0.018786,0.172708,0.257919,-1.173528
7.280000,1.042380,-0.034826,-1.219286,-0.159993,-0.600296,-0.042590,0.181032,0.277759,-1.206926
7.300000,1.039217,-0.046775,-1.220382,-0.156289,-0.594542,-0.067063,0.189356,0.297599,-1.240324
7.320000,1.036130,-0.058605,-1.221973,-0.152419,-0.588392,-0.092203,0.197680,0.317439,-1.273721
7.340000,1.033122,-0.070308,-1.224074,-0.148382,-0.581845,-0.118012,0.206004,0.337279,-1.307119
7.360000,1.030196,-0.081876,-1.226698,-0.144179,-0.574901,-0.144488,0.214328,0.357119,-1.340517
7.380000,1.027356,-0.093301,-1.229858,-0.139809,-0.567560,-0.171632,0.222652,0.376959,-1.373914
7.400000,1.024605,-0.104576,-1.233568,-0.135273,-0.559822,-0.199445,0.230976,0.396799,-1.407312
7.420000,1.021946,-0.115692,-1.237840,-0.130570,-0.551688,-0.227925,0.239300,0.416639,-1.440710
7.440000,1.019383,-0.126641,-1.242689,-0.125701,-0.543157,-0.257073,0.247624,0.436479,-1.474107
7.460000,1.016919,-0.137415,-1.248128,-0.120665,-0.534229,-0.286889,0.255948,0.456319,-1.507505
7.480000,1.014557,-0.148007,-1.254169,-0.115463,-0.524904,-0.317373,0.264272,0.476159,-1.540903
7.500000,1.012302,-0.158409,-1.260827,-0.110094,-0.515182,-0.348525,0.272596,0.495999,-1.574300
7.520000,1.010155,-0.168612,-1.268115,-0.104559,-0.505064,-0.380345,0.280920,0.515839,-1.607698
7.540000,1.008120,-0.178609,-1.276045,-0.098857,-0.494549,-0.412833,0.289244,0.535679,-1.641096
7.560000,1.006202,-0.188391,-1.284633,-0.092989,-0.483637,-0.445989,0.297568,0.555519,-1.674493
7.580000,1.004402,-0.197951,-1.293889,-0.086954,-0.472328,-0.479813,0.305892,0.575359,-1.707891
7.600000,1.002725,-0.207282,-1.303830,-0.080753,-0.460622,-0.514305,0.314216,0.595199,-1.741289
7.620000,1.001173,-0.216374,-1.314466,-0.074386,-0.448520,-0.549465,0.322541,0.615039,-1.774686
7.640000,0.999750,-0.225220,-1.325813,-0.067852,-0.436021,-0.585292,0.330865,0.634879,-1.808084
7.660000,0.998460,-0.233812,-1.337882,-0.061151,-0.423125,-0.621788,0.339189,0.654719,-1.841482
7.680000,0.997305,-0.242142,-1.350689,-0.054284,-0.409832,-0.658952,0.347513,0.674559,-1.874879
7.700000,0.996290,-0.250203,-1.364245,-0.047251,-0.396142,-0.696783,0.355837,0.694399,-1.908277
7.720000,0.995416,-0.257985,-1.378564,-0.040051,-0.382056,-0.735283,0.364161,0.714239,-1.941675
7.740000,0.994689,-0.265482,-1.393661,-0.032684,-0.367573,-0.774450,0.372485,0.734079,-1.975072
7.760000,0.994110,-0.272685,-1.409547,-0.025151,-0.352693,-0.814286,0.380809,0.753919,-2.008470
7.780000,0.993684,-0.279587,-1.426236,-0.017452,-0.337416,-0.854789,0.389133,0.773759,-2.041868
7.800000,0.993413,-0.286179,-1.443743,-0.009586,-0.321743,-0.895960,0.397457,0.793599,-2.075265
7.820000,0.993301,-0.292454,-1.462079,-0.001554,-0.305672,-0.937800,0.405781,0.813439,-2.108663
7.840000,0.993352,-0.298404,-1.481259,0.006645,-0.289205,-0.980307,0.414105,0.833279,-2.142061
7.860000,0.993568,-0.304020,-1.501296,0.015011,-0.272341,-1.023482,0.422429,0.853119,-2.175458
7.880000,0.993954,-0.309295,-1.522203,0.023542,-0.255080,-1.067325,0.430753,0.872959,-2.208856
7.900000,0.994511,-0.314220,-1.543993,0.032241,-0.237423,-1.111836,0.439077,0.892799,-2.242254
7.920000,0.995244,-0.318789,-1.566681,0.041105,-0.219368,-1.157015,0.447401,0.912639,-2.275651
7.940000,0.996157,-0.322992,-1.590279,0.050137,-0.200917,-1.202862,0.455725,0.932479,-2.309049
7.960000,0.997251,-0.326823,-1.614800,0.059334,-0.182069,-1.249377,0.464049,0.952319,-2.342447
7.980000,0.998531,-0.330273,-1.640258,0.068699,-0.162824,-1.296560,0.472373,0.972159,-2.375844
8.000000,1.000000,-0.333333,-1.666667,0.078229,-0.143183,-1.344411,0.480697,0.991999,-2.409242
8.020000,1.001651,-0.336002,-1.694026,0.086342,-0.123846,-1.390977,0.330560,0.941687,-2.247364
8.040000,1.003434,-0.338294,-1.722284,0.091452,-0.105515,-1.434306,0.180423,0.891375,-2.085486
8.060000,1.005289,-0.340229,-1.751377,0.093559,-0.088191,-1.474397,0.030286,0.841062,-1.923608
8.080000,1.007156,-0.341828,-1.781238,0.092663,-0.071873,-1.511250,-0.119851,0.790750,-1.761730
8.100000,1.008975,-0.343111,-1.811805,0.088765,-0.056561,-1.544866,-0.269988,0.740438,-1.599852
8.120000,1.010687,-0.344097,-1.843011,0.081864,-0.042255,-1.575244,-0.420125,0.690126,-1.437974
8.140000,1.012230,-0.344808,-1.874793,0.071960,-0.028956,-1.602385,-0.570263,0.639814,-1.276096
8.160000,1.013545,-0.345262,-1.907085,0.059053,-0.016663,-1.626288,-0.720400,0.589502,-1.114218
8.180000,1.014572,-0.345481,-1.939823,0.043144,-0.005376,-1.646953,-0.870537,0.539189,-0.952340
8.200000,1.015251,-0.345484,-1.972942,0.024232,0.004905,-1.664381,-1.020674,0.488877,-0.790462
8.220000,1.015521,-0.345292,-2.006377,0.002317,0.014179,-1.678572,-1.170811,0.438565,-0.628584
8.240000,1.015323,-0.344924,-2.040063,-0.022601,0.022448,-1.689525,-1.320948,0.388253,-0.466706
8.260000,1.014597,-0.344400,-2.073936,-0.050521,0.029709,-1.697240,-1.471085,0.337941,-0.304828
8.280000,1.013282,-0.343742,-2.107931,-0.081444,0.035965,-1.701718,-1.621222,0.287629,-0.142950
8.300000,1.011319,-0.342968,-2.141983,-0.115370,0.041215,-1.702958,-1.771359,0.237316,0.018928
8.320000,1.008648,-0.342100,-2.176028,-0.152298,0.045458,-1.700961,-1.921496,0.187004,0.180806
8.340000,1.005207,-0.341157,-2.210000,-0.192230,0.048695,-1.695726,-2.071633,0.136692,0.342684
8.360000,1.000938,-0.340159,-2.243835,-0.235164,0.050925,-1.687253,-2.221770,0.086380,0.504562
8.380000,0.995781,-0.339127,-2.277469,-0.281101,0.052150,-1.675543,-2.371908,0.036068,0.666440
8.400000,0.989674,-0.338080,-2.310836,-0.330040,0.052368,-1.660596,-2.522045,-0.014244,0.828318
8.420000,0.982559,-0.337039,-2.343871,-0.381982,0.051580,-1.642411,-2.672182,-0.064557,0.990196
8.440000,0.974375,-0.336023,-2.376510,-0.436927,0.049786,-1.620988,-2.822319,-0.114869,1.152074
8.460000,0.965062,-0.335054,-2.408689,-0.494875,0.046985,-1.596328,-2.972456,-0.165181,1.313952
8.480000,0.954560,-0.334150,-2.440342,-0.555826,0.043179,-1.568430,-3.122593,-0.215493,1.475830
8.500000,0.942809,-0.333333,-2.471405,-0.619779,0.038366,-1.537295,-3.272730,-0.265805,1.637708
8.520000,0.929766,-0.332618,-2.501821,-0.684182,0.033184,-1.504201,-3.167605,-0.252324,1.671633
8.540000,0.915456,-0.332004,-2.531568,-0.746483,0.028273,-1.470429,-3.062481,-0.238843,1.705557
8.560000,0.899921,-0.331486,-2.560633,-0.806681,0.023631,-1.435979,-2.957356,-0.225362,1.739482
8.580000,0.883203,-0.331057,-2.589003,-0.864777,0.019258,-1.400850,-2.852231,-0.211881,1.773407
8.600000,0.865344,-0.330713,-2.616663,-0.920771,0.015155,-1.365043,-2.747106,-0.198400,1.807332
8.620000,0.846386,-0.330449,-2.643600,-0.974662,0.011322,-1.328557,-2.641981,-0.184919,1.841257
8.640000,0.826371,-0.330259,-2.669800,-1.026450,0.007759,-1.291392,-2.536857,-0.171438,1.875181
8.660000,0.805342,-0.330137,-2.695251,-1.076136,0.004465,-1.253549,-2.431732,-0.157956,1.909106
8.680000,0.783340,-0.330078,-2.719938,-1.123719,0.001440,-1.215028,-2.326607,-0.144475,1.943031
8.700000,0.760407,-0.330078,-2.743848,-1.169200,-0.001314,-1.175828,-2.221482,-0.130994,1.976956
8.720000,0.736586,-0.330129,-2.766967,-1.212578,-0.003799,-1.135950,-2.116358,-0.117513,2.010881
8.740000,0.711918,-0.330228,-2.789281,-1.253854,-0.006015,-1.095393,-2.011233,-0.104032,2.044806
8.760000,0.686446,-0.330368,-2.810778,-1.293028,-0.007961,-1.054158,-1.906108,-0.090551,2.078730
8.780000,0.660211,-0.330544,-2.831443,-1.330099,-0.009637,-1.012244,-1.800983,-0.077070,2.112655
8.800000,0.633256,-0.330752,-2.851263,-1.365067,-0.011043,-0.969651,-1.695858,-0.063589,2.146580
8.820000,0.605622,-0.330984,-2.870224,-1.397933,-0.012180,-0.926381,-1.590734,-0.050108,2.180505
8.840000,0.577352,-0.331237,-2.888314,-1.428696,-0.013048,-0.882431,-1.485609,-0.036627,2.214430
8.860000,0.548488,-0.331504,-2.905517,-1.457357,-0.013645,-0.837803,-1.380484,-0.023145,2.248354
8.880000,0.519072,-0.331781,-2.921821,-1.483916,-0.013974,-0.792497,-1.275359,-0.009664,2.282279
8.900000,0.489146,-0.332062,-2.937213,-1.508372,-0.014032,-0.746512,-1.170235,0.003817,2.316204
8.920000,0.458751,-0.332341,-2.951677,-1.530725,-0.013821,-0.699849,-1.065110,0.017298,2.350129
8.940000,0.427931,-0.332613,-2.965202,-1.550976,-0.013340,-0.652507,-0.959985,0.030779,2.384054
8.960000,0.396726,-0.332872,-2.977773,-1.569125,-0.012590,-0.604487,-0.854860,0.044260,2.417979
8.980000,0.365180,-0.333114,-2.989377,-1.585171,-0.011570,-0.555788,-0.749735,0.057741,2.451903
9.000000,0.333333,-0.333333,-3.000000,-1.599114,-0.010280,-0.506411,-0.644611,0.071222,2.485828
9.020000,0.301227,-0.333525,-3.009631,-1.611282,-0.008892,-0.456697,-0.572231,0.067610,2.485509
9.040000,0.268892,-0.333689,-3.018268,-1.622003,-0.007576,-0.406990,-0.499851,0.063998,2.485190
9.060000,0.236356,-0.333828,-3.025911,-1.631277,-0.006332,-0.357290,-0.427472,0.060386,2.484871
9.080000,0.203650,-0.333943,-3.032560,-1.639102,-0.005160,-0.307595,-0.355092,0.056773,2.484552
9.100000,0.170802,-0.334035,-3.038215,-1.645480,-0.004061,-0.257908,-0.282712,0.053161,2.484233
9.120000,0.137841,-0.334106,-3.042876,-1.650411,-0.003034,-0.208226,-0.210333,0.049549,2.483914
9.140000,0.104795,-0.334157,-3.046544,-1.653893,-0.002079,-0.158551,-0.137953,0.045937,2.483595
9.160000,0.071695,-0.334190,-3.049218,-1.655929,-0.001196,-0.108882,-0.065573,0.042324,2.483276
9.180000,0.038568,-0.334205,-3.050899,-1.656516,-0.000386,-0.059220,0.006806,0.038712,2.482958
9.200000,0.005444,-0.334206,-3.051587,-1.655656,0.000352,-0.009564,0.079186,0.035100,2.482639
9.220000,-0.027649,-0.334192,-3.051282,-1.653349,0.001018,0.040086,0.151566,0.031488,2.482320
9.240000,-0.060681,-0.334165,-3.049983,-1.649594,0.001612,0.089729,0.223945,0.027875,2.482001
9.260000,-0.093623,-0.334128,-3.047692,-1.644391,0.002133,0.139366,0.296325,0.024263,2.481682
9.280000,-0.126447,-0.334081,-3.044409,-1.637741,0.002582,0.188996,0.368705,0.020651,2.481363
9.300000,-0.159123,-0.334025,-3.040133,-1.629643,0.002959,0.238620,0.441084,0.017039,2.481044
9.320000,-0.191623,-0.333963,-3.034864,-1.620097,0.003264,0.288238,0.513464,0.013426,2.480725
9.340000,-0.223917,-0.333895,-3.028603,-1.609104,0.003496,0.337849,0.585844,0.009814,2.480406
9.360000,-0.255977,-0.333823,-3.021350,-1.596664,0.003656,0.387454,0.658223,0.006202,2.480087
9.380000,-0.287774,-0.333749,-3.013105,-1.582775,0.003744,0.437053,0.730603,0.002590,2.479768
9.400000,-0.319279,-0.333674,-3.003868,-1.567440,0.003760,0.486645,0.802983,-0.001023,2.479449
9.420000,-0.350462,-0.333599,-2.993639,-1.550656,0.003703,0.536231,0.875362,-0.004635,2.479130
9.440000,-0.381295,-0.333526,-2.982419,-1.532425,0.003574,0.585810,0.947742,-0.008247,2.478811
9.460000,-0.411749,-0.333457,-2.970207,-1.512746,0.003373,0.635383,1.020122,-0.011859,2.478492
9.480000,-0.441795,-0.333392,-2.957004,-1.491620,0.003100,0.684950,1.092502,-0.015472,2.478173
9.500000,-0.471405,-0.333333,-2.942809,-1.469046,0.002755,0.734510,1.164881,-0.019084,2.477854
9.520000,-0.500549,-0.333282,-2.927628,-1.445170,0.002383,0.783419,1.222786,-0.018116,2.413044
9.540000,-0.529204,-0.333238,-2.911481,-1.420135,0.002030,0.831032,1.280691,-0.017148,2.348233
9.560000,-0.557346,-0.333201,-2.894395,-1.393942,0.001697,0.877348,1.338596,-0.016180,2.283422
9.580000,-0.584954,-0.333170,-2.876396,-1.366591,0.001383,0.922369,1.396501,-0.015212,2.218612
9.600000,-0.612002,-0.333145,-2.857509,-1.338082,0.001088,0.966093,1.454406,-0.014244,2.153801
9.620000,-0.638469,-0.333126,-2.837761,-1.308415,0.000813,1.008521,1.512310,-0.013277,2.088991
9.640000,-0.664331,-0.333113,-2.817177,-1.277590,0.000557,1.049652,1.570215,-0.012309,2.024180
9.660000,-0.689565,-0.333104,-2.795783,-1.245606,0.000321,1.089488,1.628120,-0.011341,1.959369
9.680000,-0.714148,-0.333100,-2.773606,-1.212465,0.000103,1.128027,1.686025,-0.010373,1.894559
9.700000,-0.738056,-0.333100,-2.750671,-1.178165,-0.000094,1.165270,1.743930,-0.009405,1.829748
9.720000,-0.761267,-0.333103,-2.727004,-1.142708,-0.000273,1.201217,1.801835,-0.008437,1.764938
9.740000,-0.783756,-0.333110,-2.702631,-1.106092,-0.000432,1.235868,1.859740,-0.007469,1.700127
9.760000,-0.805502,-0.333120,-2.677578,-1.068318,-0.000572,1.269222,1.917644,-0.006501,1.635316
9.780000,-0.826481,-0.333133,-2.651870,-1.029386,-0.000692,1.301280,1.975549,-0.005533,1.570506
9.800000,-0.846670,-0.333148,-2.625535,-0.989296,-0.000793,1.332042,2.033454,-0.004565,1.505695
9.820000,-0.866046,-0.333165,-2.598597,-0.948048,-0.000875,1.361508,2.091359,-0.003598,1.440885
9.840000,-0.884584,-0.333183,-2.571083,-0.905642,-0.000937,1.389678,2.149264,-0.002630,1.376074
9.860000,-0.902264,-0.333202,-2.543019,-0.862077,-0.000980,1.416551,2.207169,-0.001662,1.311263
9.880000,-0.919060,-0.333222,-2.514430,-0.817355,-0.001003,1.442128,2.265074,-0.000694,1.246453
9.900000,-0.934950,-0.333242,-2.485342,-0.771474,-0.001007,1.466409,2.322979,0.000274,1.181642
9.920000,-0.949911,-0.333262,-2.455782,-0.724436,-0.000992,1.489394,2.380883,0.001242,1.116832
9.940000,-0.963920,-0.333282,-2.425775,-0.676239,-0.000958,1.511082,2.438788,0.002210,1.052021
9.960000,-0.976953,-0.333300,-2.395348,-0.626884,-0.000904,1.531475,2.496693,0.003178,0.987210
9.980000,-0.988987,-0.333318,-2.364525,-0.576371,-0.000831,1.550571,2.554598,0.004146,0.922400
10.000000,-1.000000,-0.333333,-2.333333,-0.524700,-0.000738,1.568371,2.612503,0.005114,0.857589
10.020000,-1.009972,-0.333347,-2.301800,-0.472518,-0.000638,1.584691,2.605762,0.004854,0.774409
10.040000,-1.018902,-0.333359,-2.269957,-0.420470,-0.000544,1.599347,2.599021,0.004595,0.691229
10.060000,-1.026792,-0.333369,-2.237837,-0.368557,-0.000455,1.612340,2.592280,0.004335,0.608048
10.080000,-1.033645,-0.333377,-2.205474,-0.316779,-0.000370,1.623669,2.585540,0.004076,0.524868
10.100000,-1.039464,-0.333384,-2.172901,-0.265135,-0.000292,1.633335,2.578799,0.003817,0.441687
10.120000,-1.044251,-0.333389,-2.140152,-0.213627,-0.000218,1.641337,2.572058,0.003557,0.358507
10.140000,-1.048010,-0.333392,-2.107259,-0.162253,-0.000149,1.647675,2.565317,0.003298,0.275327
10.160000,-1.050742,-0.333395,-2.074256,-0.111014,-0.000086,1.652350,2.558576,0.003039,0.192146
10.180000,-1.052451,-0.333396,-2.041176,-0.059910,-0.000028,1.655361,2.551835,0.002779,0.108966
10.200000,-1.053139,-0.333396,-2.008053,-0.008941,0.000025,1.656708,2.545094,0.002520,0.025786
10.220000,-1.052810,-0.333395,-1.974919,0.041894,0.000073,1.656392,2.538354,0.002261,-0.057395
10.240000,-1.051465,-0.333393,-1.941808,0.092593,0.000116,1.654413,2.531613,0.002001,-0.140575
10.260000,-1.049107,-0.333390,-1.908754,0.143158,0.000153,1.650769,2.524872,0.001742,-0.223755
10.280000,-1.045739,-0.333387,-1.875788,0.193588,0.000185,1.645462,2.518131,0.001483,-0.306936
10.300000,-1.041364,-0.333383,-1.842946,0.243884,0.000212,1.638492,2.511390,0.001223,-0.390116
10.320000,-1.035985,-0.333379,-1.810260,0.294044,0.000234,1.629858,2.504649,0.000964,-0.473296
10.340000,-1.029603,-0.333374,-1.777763,0.344070,0.000251,1.619560,2.497909,0.000705,-0.556477
10.360000,-1.022223,-0.333369,-1.745489,0.393960,0.000263,1.607599,2.491168,0.000445,-0.639657
10.380000,-1.013846,-0.333363,-1.713470,0.443716,0.000269,1.593974,2.484427,0.000186,-0.722837
10.400000,-1.004475,-0.333358,-1.681741,0.493337,0.000270,1.578685,2.477686,-0.000073,-0.806018
10.420000,-0.994113,-0.333352,-1.650334,0.542824,0.000266,1.561733,2.470945,-0.000333,-0.889198
10.440000,-0.982763,-0.333347,-1.619283,0.592175,0.000257,1.543117,2.464204,-0.000592,-0.972379
10.460000,-0.970427,-0.333342,-1.588620,0.641392,0.000242,1.522838,2.457463,-0.000851,-1.055559
10.480000,-0.957108,-0.333338,-1.558380,0.690474,0.000223,1.500895,2.450723,-0.001111,-1.138739
10.500000,-0.942809,-0.333333,-1.528595,0.739421,0.000198,1.477288,2.443982,-0.001370,-1.221920
10.520000,-0.927536,-0.333330,-1.499298,0.787669,0.000171,1.452300,2.380879,-0.001301,-1.276936
10.540000,-0.911311,-0.333326,-1.470511,0.834656,0.000146,1.426211,2.317776,-0.001231,-1.331952
10.560000,-0.894158,-0.333324,-1.442257,0.880380,0.000122,1.399022,2.254672,-0.001162,-1.386969
10.580000,-0.876104,-0.333322,-1.414557,0.924843,0.000099,1.370732,2.191569,-0.001092,-1.441985
10.600000,-0.857173,-0.333320,-1.387435,0.968043,0.000078,1.341342,2.128466,-0.001023,-1.497001
10.620000,-0.837391,-0.333318,-1.360911,1.009981,0.000058,1.310852,2.065363,-0.000953,-1.552018
10.640000,-0.816782,-0.333317,-1.335008,1.050658,0.000040,1.279261,2.002260,-0.000884,-1.607034
10.660000,-0.795373,-0.333317,-1.309748,1.090072,0.000023,1.246571,1.939157,-0.000814,-1.662050
10.680000,-0.773188,-0.333317,-1.285152,1.128224,0.000007,1.212779,1.876054,-0.000745,-1.717067
10.700000,-0.750252,-0.333317,-1.261244,1.165114,-0.000007,1.177888,1.812951,-0.000675,-1.772083
10.720000,-0.726591,-0.333317,-1.238044,1.200742,-0.000020,1.141896,1.749848,-0.000606,-1.827099
10.740000,-0.702231,-0.333317,-1.215575,1.235108,-0.000031,1.104804,1.686744,-0.000536,-1.882116
10.760000,-0.677196,-0.333318,-1.193859,1.268212,-0.000041,1.066612,1.623641,-0.000467,-1.937132
10.780000,-0.651511,-0.333319,-1.172918,1.300054,-0.000050,1.027319,1.560538,-0.000397,-1.992148
10.800000,-0.625202,-0.333320,-1.152774,1.330633,-0.000057,0.986926,1.497435,-0.000328,-2.047165
10.820000,-0.598294,-0.333321,-1.133449,1.359951,-0.000063,0.945432,1.434332,-0.000258,-2.102181
10.840000,-0.570812,-0.333323,-1.114964,1.388007,-0.000067,0.902838,1.371229,-0.000189,-2.157197
10.860000,-0.542782,-0.333324,-1.097342,1.414800,-0.000070,0.859144,1.308126,-0.000119,-2.212214
10.880000,-0.514229,-0.333325,-1.080606,1.440332,-0.000072,0.814350,1.245023,-0.000050,-2.267230
10.900000,-0.485177,-0.333327,-1.064776,1.464601,-0.000072,0.768455,1.181919,0.000020,-2.322246
10.920000,-0.455653,-0.333328,-1.049875,1.487608,-0.000071,0.721460,1.118816,0.000089,-2.377263
10.940000,-0.425681,-0.333330,-1.035925,1.509354,-0.000069,0.673365,1.055713,0.000159,-2.432279
10.960000,-0.395287,-0.333331,-1.022948,1.529837,-0.000065,0.624169,0.992610,0.000228,-2.487295
10.980000,-0.364496,-0.333332,-1.010965,1.549058,-0.000060,0.573873,0.929507,0.000298,-2.542312
11.000000,-0.333333,-0.333333,-1.000000,1.567017,-0.000053,0.522476,0.866404,0.000367,-2.597328
11.020000,-0.301825,-0.333334,-0.990070,1.583509,-0.000046,0.470590,0.782816,0.000349,-2.591341
11.040000,-0.270004,-0.333335,-0.981176,1.598330,-0.000039,0.418823,0.699227,0.000330,-2.585353
11.060000,-0.237903,-0.333336,-0.973316,1.611478,-0.000033,0.367176,0.615639,0.000311,-2.579366
11.080000,-0.205556,-0.333336,-0.966488,1.622955,-0.000027,0.315648,0.532050,0.000293,-2.573378
11.100000,-0.172996,-0.333337,-0.960689,1.632761,-0.000021,0.264240,0.448462,0.000274,-2.567391
11.120000,-0.140257,-0.333337,-0.955917,1.640894,-0.000016,0.212952,0.364874,0.000255,-2.561404
11.140000,-0.107372,-0.333338,-0.952170,1.647355,-0.000011,0.161784,0.281285,0.000237,-2.555416
11.160000,-0.074374,-0.333338,-0.949445,1.652145,-0.000006,0.110736,0.197697,0.000218,-2.549429
11.180000,-0.041297,-0.333338,-0.947740,1.655263,-0.000002,0.059807,0.114108,0.000200,-2.543441
11.200000,-0.008174,-0.333338,-0.947052,1.656710,0.000002,0.008998,0.030520,0.000181,-2.537454
11.220000,0.024960,-0.333338,-0.947379,1.656484,0.000005,-0.041691,-0.053068,0.000162,-2.531467
11.240000,0.058074,-0.333338,-0.948719,1.654587,0.000008,-0.092261,-0.136657,0.000144,-2.525479
11.260000,0.091133,-0.333337,-0.951069,1.651018,0.000011,-0.142710,-0.220245,0.000125,-2.519492
11.280000,0.124103,-0.333337,-0.954427,1.645777,0.000013,-0.193040,-0.303834,0.000106,-2.513504
11.300000,0.156953,-0.333337,-0.958790,1.638865,0.000015,-0.243250,-0.387422,0.000088,-2.507517
11.320000,0.189647,-0.333337,-0.964156,1.630280,0.000017,-0.293341,-0.471010,0.000069,-2.501530
11.340000,0.222153,-0.333336,-0.970523,1.620024,0.000018,-0.343312,-0.554599,0.000051,-2.495542
11.360000,0.254437,-0.333336,-0.977887,1.608096,0.000019,-0.393163,-0.638187,0.000032,-2.489555
11.380000,0.286465,-0.333335,-0.986248,1.594497,0.000019,-0.442894,-0.721776,0.000013,-2.483567
11.400000,0.318205,-0.333335,-0.995602,1.579225,0.000019,-0.492505,-0.805364,-0.000005,-2.477580
11.420000,0.349623,-0.333335,-1.005948,1.562282,0.000019,-0.541997,-0.888952,-0.000024,-2.471593
11.440000,0.380686,-0.333334,-1.017282,1.543667,0.000018,-0.591369,-0.972541,-0.000043,-2.465605
11.460000,0.411359,-0.333334,-1.029602,1.523380,0.000017,-0.640621,-1.056129,-0.000061,-2.459618
11.480000,0.441610,-0.333334,-1.042906,1.501422,0.000016,-0.689754,-1.139718,-0.000080,-2.453630
11.500000,0.471405,-0.333333,-1.057191,1.477792,0.000014,-0.738766,-1.223306,-0.000098,-2.447643
11.520000,0.500712,-0.333333,-1.072452,1.452775,0.000012,-0.787087,-1.278398,-0.000093,-2.384415
11.540000,0.529508,-0.333333,-1.088666,1.426656,0.000010,-0.834143,-1.333489,-0.000088,-2.321186
11.560000,0.557771,-0.333333,-1.105809,1.399435,0.000009,-0.879934,-1.388581,-0.000083,-2.257958
11.580000,0.585478,-0.333332,-1.123855,1.371113,0.000007,-0.924461,-1.443673,-0.000078,-2.194730
11.600000,0.612608,-0.333332,-1.142779,1.341688,0.000006,-0.967724,-1.498764,-0.000073,-2.131501
11.620000,0.639138,-0.333332,-1.162555,1.311162,0.000004,-1.009721,-1.553856,-0.000068,-2.068273
11.640000,0.665047,-0.333332,-1.183159,1.279534,0.000003,-1.050455,-1.608947,-0.000063,-2.005044
11.660000,0.690312,-0.333332,-1.204565,1.246804,0.000002,-1.089923,-1.664039,-0.000058,-1.941816
11.680000,0.714912,-0.333332,-1.226748,1.212972,0.000001,-1.128127,-1.719131,-0.000053,-1.878588
11.700000,0.738824,-0.333332,-1.249682,1.178039,-0.000000,-1.165067,-1.774222,-0.000048,-1.815359
11.720000,0.762026,-0.333332,-1.273342,1.142004,-0.000001,-1.200742,-1.829314,-0.000043,-1.752131
11.740000,0.784497,-0.333332,-1.297703,1.104866,-0.000002,-1.235152,-1.884406,-0.000039,-1.688903
11.760000,0.806214,-0.333332,-1.322740,1.066627,-0.000003,-1.268298,-1.939497,-0.000034,-1.625674
11.780000,0.827155,-0.333332,-1.348427,1.027286,-0.000004,-1.300179,-1.994589,-0.000029,-1.562446
11.800000,0.847298,-0.333332,-1.374738,0.986844,-0.000004,-1.330796,-2.049681,-0.000024,-1.499218
11.820000,0.866621,-0.333332,-1.401650,0.945299,-0.000005,-1.360148,-2.104772,-0.000019,-1.435989
11.840000,0.885102,-0.333333,-1.429136,0.902653,-0.000005,-1.388235,-2.159864,-0.000014,-1.372761
11.860000,0.902720,-0.333333,-1.457171,0.858905,-0.000005,-1.415058,-2.214956,-0.000009,-1.309533
11.880000,0.919451,-0.333333,-1.485730,0.814055,-0.000005,-1.440616,-2.270047,-0.000004,-1.246304
11.900000,0.935275,-0.333333,-1.514787,0.768103,-0.000005,-1.464910,-2.325139,0.000001,-1.183076
11.920000,0.950168,-0.333333,-1.544318,0.721049,-0.000005,-1.487939,-2.380231,0.000006,-1.119847
11.940000,0.964109,-0.333333,-1.574296,0.672894,-0.000005,-1.509704,-2.435322,0.000011,-1.056619
11.960000,0.977076,-0.333333,-1.604698,0.623636,-0.000005,-1.530204,-2.490414,0.000016,-0.993391
11.980000,0.989047,-0.333333,-1.635496,0.573277,-0.000004,-1.549440,-2.545506,0.000021,-0.930162
12.000000,1.000000,-0.333333,-1.666667,0.521816,-0.000004,-1.567411,-2.600597,0.000026,-0.866934
12.020000,1.009917,-0.333333,-1.698183,0.469871,-0.000003,-1.583911,-2.593901,0.000025,-0.783093
12.040000,1.018796,-0.333333,-1.730012,0.418060,-0.000003,-1.598734,-2.587204,0.000024,-0.699252
12.060000,1.026640,-0.333334,-1.762121,0.366383,-0.000002,-1.611881,-2.580507,0.000022,-0.615411
12.080000,1.033452,-0.333334,-1.794476,0.314840,-0.000002,-1.623351,-2.573810,0.000021,-0.531571
12.100000,1.039234,-0.333334,-1.827044,0.263430,-0.000002,-1.633144,-2.567114,0.000020,-0.447730
12.120000,1.043990,-0.333334,-1.859791,0.212155,-0.000001,-1.641260,-2.560417,0.000018,-0.363889
12.140000,1.047722,-0.333334,-1.892683,0.161014,-0.000001,-1.647699,-2.553720,0.000017,-0.280048
12.160000,1.050431,-0.333334,-1.925687,0.110006,-0.000000,-1.652462,-2.547024,0.000016,-0.196207
12.180000,1.052123,-0.333334,-1.958770,0.059133,-0.000000,-1.655548,-2.540327,0.000014,-0.112366
12.200000,1.052798,-0.333334,-1.991898,0.008393,0.000000,-1.656957,-2.533630,0.000013,-0.028525
12.220000,1.052459,-0.333334,-2.025037,-0.042212,0.000000,-1.656689,-2.526933,0.000012,0.055315
12.240000,1.051110,-0.333334,-2.058154,-0.092684,0.000001,-1.654744,-2.520237,0.000010,0.139156
12.260000,1.048753,-0.333334,-2.091216,-0.143022,0.000001,-1.651122,-2.513540,0.000009,0.222997
12.280000,1.045390,-0.333334,-2.124188,-0.193226,0.000001,-1.645824,-2.506843,0.000008,0.306838
12.300000,1.041025,-0.333334,-2.157038,-0.243296,0.000001,-1.638849,-2.500147,0.000006,0.390679
12.320000,1.035659,-0.333334,-2.189731,-0.293232,0.000001,-1.630197,-2.493450,0.000005,0.474520
12.340000,1.029296,-0.333334,-2.222234,-0.343034,0.000001,-1.619868,-2.486753,0.000004,0.558361
12.360000,1.021939,-0.333334,-2.254515,-0.392702,0.000001,-1.607863,-2.480057,0.000002,0.642202
12.380000,1.013589,-0.333333,-2.286538,-0.442236,0.000001,-1.594180,-2.473360,0.000001,0.726042
12.400000,1.004250,-0.333333,-2.318271,-0.491636,0.000001,-1.578821,-2.466663,-0.000000,0.809883
12.420000,0.993925,-0.333333,-2.349679,-0.540902,0.000001,-1.561785,-2.459966,-0.000002,0.893724
12.440000,0.982615,-0.333333,-2.380731,-0.590035,0.000001,-1.543072,-2.453270,-0.000003,0.977565
12.460000,0.970324,-0.333333,-2.411391,-0.639033,0.000001,-1.522682,-2.446573,-0.000004,1.061406
12.480000,0.957055,-0.333333,-2.441627,-0.687898,0.000001,-1.500616,-2.439876,-0.000006,1.145247
12.500000,0.942809,-0.333333,-2.471405,-0.736628,0.000001,-1.476872,-2.433180,-0.000007,1.229088
12.520000,0.927594,-0.333333,-2.500693,-0.784687,0.000001,-1.451751,-2.372713,-0.000007,1.283044
12.540000,0.911430,-0.333333,-2.529467,-0.831537,0.000001,-1.425551,-2.312247,-0.000006,1.337001
12.560000,0.894340,-0.333333,-2.557707,-0.877177,0.000001,-1.398271,-2.251780,-0.000006,1.390957
12.580000,0.876351,-0.333333,-2.585391,-0.921608,0.000001,-1.369912,-2.191314,-0.000006,1.444914
12.600000,0.857484,-0.333333,-2.612497,-0.964830,0.000000,-1.340474,-2.130847,-0.000005,1.498870
12.620000,0.837765,-0.333333,-2.639003,-1.006842,0.000000,-1.309957,-2.070381,-0.000005,1.552827
12.640000,0.817219,-0.333333,-2.664888,-1.047645,0.000000,-1.278361,-2.009914,-0.000005,1.606783
12.660000,0.795868,-0.333333,-2.690130,-1.087238,0.000000,-1.245686,-1.949448,-0.000004,1.660740
12.680000,0.773737,-0.333333,-2.714708,-1.125623,0.000000,-1.211932,-1.888982,-0.000004,1.714696
12.700000,0.750851,-0.333333,-2.738600,-1.162798,-0.000000,-1.177098,-1.828515,-0.000003,1.768653
12.720000,0.727233,-0.333333,-2.761785,-1.198763,-0.000000,-1.141186,-1.768049,-0.000003,1.822609
12.740000,0.702908,-0.333333,-2.784240,-1.233520,-0.000000,-1.104194,-1.707582,-0.000003,1.876566
12.760000,0.677901,-0.333333,-2.805945,-1.267067,-0.000000,-1.066123,-1.647116,-0.000002,1.930522
12.780000,0.652234,-0.333333,-2.826878,-1.299404,-0.000000,-1.026973,-1.586649,-0.000002,1.984479
12.800000,0.625932,-0.333333,-2.847017,-1.330533,-0.000000,-0.986744,-1.526183,-0.000002,2.038435
12.820000,0.599021,-0.333333,-2.866341,-1.360452,-0.000000,-0.945436,-1.465716,-0.000001,2.092392
12.840000,0.571522,-0.333333,-2.884827,-1.389161,-0.000000,-0.903048,-1.405250,-0.000001,2.146348
12.860000,0.543462,-0.333333,-2.902455,-1.416662,-0.000000,-0.859582,-1.344784,-0.000001,2.200305
12.880000,0.514864,-0.333333,-2.919203,-1.442953,-0.000000,-0.815036,-1.284317,-0.000000,2.254262
12.900000,0.485752,-0.333333,-2.935050,-1.468034,-0.000000,-0.769411,-1.223851,0.000000,2.308218
12.920000,0.456151,-0.333333,-2.949973,-1.491907,-0.000000,-0.722707,-1.163384,0.000000,2.362175
12.940000,0.426084,-0.333333,-2.963951,-1.514570,-0.000000,-0.674924,-1.102918,0.000001,2.416131
12.960000,0.395576,-0.333333,-2.976962,-1.536023,-0.000000,-0.626062,-1.042451,0.000001,2.470088
12.980000,0.364651,-0.333333,-2.988986,-1.556268,-0.000000,-0.576121,-0.981985,0.000002,2.524044
13.000000,0.333333,-0.333333,-3.000000,-1.575303,-0.000000,-0.525100,-0.921518,0.000002,2.578001
13.020000,0.301649,-0.333333,-3.009987,-1.592791,-0.000000,-0.473564,-0.827339,0.000002,2.575592
13.040000,0.269634,-0.333333,-3.018943,-1.608396,-0.000000,-0.422077,-0.733160,0.000002,2.573183
13.060000,0.237326,-0.333333,-3.026870,-1.622118,-0.000000,-0.370637,-0.638981,0.000002,2.570775
13.080000,0.204762,-0.333333,-3.033769,-1.633956,-0.000000,-0.319246,-0.544802,0.000002,2.568366
13.100000,0.171980,-0.333333,-3.039640,-1.643910,-0.000000,-0.267902,-0.450622,0.000001,2.565957
13.120000,0.139018,-0.333333,-3.044485,-1.651980,-0.000000,-0.216607,-0.356443,0.000001,2.563549
13.140000,0.105914,-0.333333,-3.048305,-1.658168,-0.000000,-0.165360,-0.262264,0.000001,2.561140
13.160000,0.072704,-0.333333,-3.051100,-1.662471,-0.000000,-0.114162,-0.168085,0.000001,2.558731
13.180000,0.039427,-0.333333,-3.052871,-1.664891,-0.000000,-0.063011,-0.073906,0.000001,2.556323
13.200000,0.006121,-0.333333,-3.053621,-1.665427,0.000000,-0.011909,0.020274,0.000001,2.553914
13.220000,-0.027177,-0.333333,-3.053348,-1.664080,0.000000,0.039145,0.114453,0.000001,2.551505
13.240000,-0.060430,-0.333333,-3.052055,-1.660849,0.000000,0.090151,0.208632,0.000001,2.549097
13.260000,-0.093599,-0.333333,-3.049742,-1.655735,0.000000,0.141109,0.302811,0.000001,2.546688
13.280000,-0.126646,-0.333333,-3.046411,-1.648737,0.000000,0.192019,0.396990,0.000001,2.544280
13.300000,-0.159536,-0.333333,-3.042062,-1.639855,0.000000,0.242881,0.491170,0.000000,2.541871
13.320000,-0.192228,-0.333333,-3.036696,-1.629090,0.000000,0.293694,0.585349,0.000000,2.539462
13.340000,-0.224687,-0.333333,-3.030315,-1.616441,0.000000,0.344459,0.679528,0.000000,2.537054
13.360000,-0.256873,-0.333333,-3.022918,-1.601909,0.000000,0.395176,0.773707,0.000000,2.534645
13.380000,-0.288750,-0.333333,-3.014508,-1.585493,0.000000,0.445845,0.867886,0.000000,2.532236
13.400000,-0.320280,-0.333333,-3.005085,-1.567193,0.000000,0.496465,0.962066,-0.000000,2.529828
13.420000,-0.351426,-0.333333,-2.994650,-1.547010,0.000000,0.547038,1.056245,-0.000000,2.527419
13.440000,-0.382148,-0.333333,-2.983203,-1.524944,0.000000,0.597562,1.150424,-0.000000,2.525010
13.460000,-0.412411,-0.333333,-2.970747,-1.500993,0.000000,0.648038,1.244603,-0.000000,2.522602
13.480000,-0.442175,-0.333333,-2.957282,-1.475159,0.000000,0.698466,1.338782,-0.000000,2.520193
13.500000,-0.471405,-0.333333,-2.942809,-1.447442,0.000000,0.748846,1.432962,-0.000001,2.517784
13.520000,-0.500066,-0.333333,-2.927334,-1.418629,0.000000,0.798437,1.448327,-0.000000,2.441301
13.540000,-0.528148,-0.333333,-2.910882,-1.389509,0.000000,0.846498,1.463692,-0.000000,2.364817
13.560000,-0.555644,-0.333333,-2.893484,-1.360081,0.000000,0.893030,1.479057,-0.000000,2.288334
13.580000,-0.582549,-0.333333,-2.875171,-1.330347,0.000000,0.938031,1.494422,-0.000000,2.211850
13.600000,-0.608856,-0.333333,-2.855973,-1.300305,0.000000,0.981504,1.509787,-0.000000,2.135367
13.620000,-0.634559,-0.333333,-2.835921,-1.269955,0.000000,1.023446,1.525152,-0.000000,2.058883
13.640000,-0.659652,-0.333333,-2.815045,-1.239298,0.000000,1.063859,1.540517,-0.000000,1.982400
13.660000,-0.684129,-0.333333,-2.793377,-1.208334,0.000000,1.102742,1.555882,-0.000000,1.905916
13.680000,-0.707983,-0.333333,-2.770946,-1.177063,0.000000,1.140096,1.571247,-0.000000,1.829433
13.700000,-0.731209,-0.333333,-2.747783,-1.145485,-0.000000,1.175919,1.586612,-0.000000,1.752949
13.720000,-0.753801,-0.333333,-2.723919,-1.113599,-0.000000,1.210214,1.601978,-0.000000,1.676465
13.740000,-0.775751,-0.333333,-2.699385,-1.081405,-0.000000,1.242978,1.617343,-0.000000,1.599982
13.760000,-0.797055,-0.333333,-2.674210,-1.048905,-0.000000,1.274213,1.632708,-0.000000,1.523498
13.780000,-0.817705,-0.333333,-2.648426,-1.016097,-0.000000,1.303918,1.648073,-0.000000,1.447015
13.800000,-0.837697,-0.333333,-2.622064,-0.982982,-0.000000,1.332093,1.663438,-0.000000,1.370531
13.820000,-0.857023,-0.333333,-2.595153,-0.949560,-0.000000,1.358739,1.678803,-0.000000,1.294048
13.840000,-0.875677,-0.333333,-2.567724,-0.915830,-0.000000,1.383855,1.694168,-0.000000,1.217564
13.860000,-0.893654,-0.333333,-2.539809,-0.881793,-0.000000,1.407442,1.709533,-0.000000,1.141081
13.880000,-0.910947,-0.333333,-2.511437,-0.847449,-0.000000,1.429499,1.724898,-0.000000,1.064597
13.900000,-0.927550,-0.333333,-2.482639,-0.812797,-0.000000,1.450026,1.740263,0.000000,0.988114
13.920000,-0.943457,-0.333333,-2.453446,-0.777838,-0.000000,1.469023,1.755628,0.000000,0.911630
13.940000,-0.958661,-0.333333,-2.423888,-0.742572,-0.000000,1.486491,1.770993,0.000000,0.835146
13.960000,-0.973157,-0.333333,-2.393997,-0.706998,-0.000000,1.502429,1.786358,0.000000,0.758663
13.980000,-0.986939,-0.333333,-2.363801,-0.671117,-0.000000,1.516837,1.801724,0.000000,0.682179
14.000000,-1.000000,-0.333333,-2.333333,-0.634929,-0.000000,1.529716,1.817089,0.000000,0.605696
14.020000,-1.012326,-0.333333,-2.302620,-0.597171,-0.000000,1.541486,1.958707,0.000000,0.571297
14.040000,-1.023868,-0.333333,-2.271678,-0.556581,-0.000000,1.552568,2.100326,0.000000,0.536898
14.060000,-1.034570,-0.333333,-2.240522,-0.513158,-0.000000,1.562962,2.241945,0.000000,0.502499
14.080000,-1.044375,-0.333333,-2.209165,-0.466903,-0.000000,1.572668,2.383564,0.000000,0.468100
14.100000,-1.053227,-0.333333,-2.177620,-0.417816,-0.000000,1.581686,2.525183,0.000000,0.433701
14.120000,-1.061069,-0.333333,-2.145902,-0.365896,-0.000000,1.590016,2.666801,0.000000,0.399303
14.140000,-1.067844,-0.333333,-2.114024,-0.311144,-0.000000,1.597658,2.808420,0.000000,0.364904
14.160000,-1.073496,-0.333333,-2.082000,-0.253559,-0.000000,1.604612,2.950039,0.000000,0.330505
14.180000,-1.077968,-0.333333,-2.049844,-0.193142,-0.000000,1.610878,3.091658,0.000000,0.296106
14.200000,-1.081203,-0.333333,-2.017569,-0.129893,0.000000,1.616456,3.233276,0.000000,0.261707
14.220000,-1.083145,-0.333333,-1.985190,-0.063811,0.000000,1.621347,3.374895,0.000000,0.227308
14.240000,-1.083736,-0.333333,-1.952720,0.005103,0.000000,1.625549,3.516514,0.000000,0.192909
14.260000,-1.082922,-0.333333,-1.920173,0.076849,0.000000,1.629063,3.658133,0.000000,0.158510
14.280000,-1.080644,-0.333333,-1.887562,0.151428,0.000000,1.631889,3.799752,0.000000,0.124111
14.300000,-1.076846,-0.333333,-1.854902,0.228839,0.000000,1.634027,3.941370,0.000000,0.089713
14.320000,-1.071471,-0.333333,-1.822206,0.309083,0.000000,1.635478,4.082989,0.000000,0.055314
14.340000,-1.064463,-0.333333,-1.789487,0.392159,0.000000,1.636240,4.224608,0.000000,0.020915
14.360000,-1.055766,-0.333333,-1.756761,0.478067,0.000000,1.636314,4.366227,0.000000,-0.013484
14.380000,-1.045322,-0.333333,-1.724039,0.566808,0.000000,1.635701,4.507846,0.000000,-0.047883
14.400000,-1.033075,-0.333333,-1.691337,0.658381,0.000000,1.634399,4.649464,-0.000000,-0.082282
14.420000,-1.018968,-0.333333,-1.658668,0.752787,0.000000,1.632409,4.791083,-0.000000,-0.116681
14.440000,-1.002944,-0.333333,-1.626046,0.850025,0.000000,1.629732,4.932702,-0.000000,-0.151080
14.460000,-0.984948,-0.333333,-1.593483,0.950095,0.000000,1.626366,5.074321,-0.000000,-0.185479
14.480000,-0.964922,-0.333333,-1.560995,1.052997,0.000000,1.622313,5.215939,-0.000000,-0.219877
14.500000,-0.942809,-0.333333,-1.528595,1.158732,0.000000,1.617571,5.357558,-0.000000,-0.254276
14.520000,-0.918604,-0.333333,-1.496311,1.259743,0.000000,1.610101,4.743556,-0.000000,-0.492746
14.540000,-0.892501,-0.333333,-1.464223,1.348475,0.000000,1.597861,4.129555,-0.000000,-0.731215
14.560000,-0.864747,-0.333333,-1.432428,1.424926,0.000000,1.580852,3.515553,-0.000000,-0.969684
14.580000,-0.835586,-0.333333,-1.401021,1.489097,0.000000,1.559074,2.901551,-0.000000,-1.208153
14.600000,-0.805265,-0.333333,-1.370097,1.540988,0.000000,1.532526,2.287549,-0.000000,-1.446623
14.620000,-0.774028,-0.333333,-1.339752,1.580599,0.000000,1.501209,1.673547,-0.000000,-1.685092
14.640000,-0.742123,-0.333333,-1.310080,1.607930,0.000000,1.465122,1.059545,-0.000000,-1.923561
14.660000,-0.709793,-0.333333,-1.281179,1.622980,0.000000,1.424266,0.445544,-0.000000,-2.162030
14.680000,-0.677285,-0.333333,-1.253142,1.625751,-0.000000,1.378641,-0.168458,-0.000000,-2.400500
14.700000,-0.644845,-0.333333,-1.226065,1.616242,-0.000000,1.328246,-0.782460,-0.000000,-2.638969
14.720000,-0.612717,-0.333333,-1.200044,1.594453,-0.000000,1.273082,-1.396462,-0.000000,-2.877438
14.740000,-0.581149,-0.333333,-1.175173,1.560384,-0.000000,1.213149,-2.010464,-0.000000,-3.115907
14.760000,-0.550384,-0.333333,-1.151549,1.514034,-0.000000,1.148446,-2.624466,-0.000000,-3.354377
14.780000,-0.520669,-0.333333,-1.129267,1.455405,-0.000000,1.078974,-3.238467,-0.000000,-3.592846
14.800000,-0.492250,-0.333333,-1.108422,1.384496,-0.000000,1.004732,-3.852469,-0.000000,-3.831315
14.820000,-0.465371,-0.333333,-1.089110,1.301306,-0.000000,0.925721,-4.466471,-0.000000,-4.069784
14.840000,-0.440279,-0.333333,-1.071425,1.205837,-0.000000,0.841941,-5.080473,0.000000,-4.308254
14.860000,-0.417220,-0.333333,-1.055464,1.098087,-0.000000,0.753391,-5.694475,0.000000,-4.546723
14.880000,-0.396438,-0.333333,-1.041321,0.978058,-0.000000,0.660072,-6.308477,0.000000,-4.785192
14.900000,-0.378179,-0.333333,-1.029093,0.845748,-0.000000,0.561983,-6.922478,0.000000,-5.023661
14.920000,-0.362690,-0.333333,-1.018874,0.701159,-0.000000,0.459126,-7.536480,0.000000,-5.262131
14.940000,-0.350215,-0.333333,-1.010760,0.544289,-0.000000,0.351498,-8.150482,0.000000,-5.500600
14.960000,-0.341000,-0.333333,-1.004846,0.375139,-0.000000,0.239102,-8.764484,0.000000,-5.739069
14.980000,-0.335291,-0.333333,-1.001227,0.193710,-0.000000,0.121935,-9.378486,0.000000,-5.977538
