0.000000,0.000000,0.000000,0.000000,0.000000,0.000000,0.000000,6.127405,1.286756,-12.032574
0.020000,0.001211,0.000254,-0.002378,0.120372,0.025278,-0.236378,5.909761,1.241051,-11.605180
0.040000,0.004786,0.001005,-0.009398,0.236390,0.049642,-0.464207,5.692117,1.195345,-11.177785
0.060000,0.010638,0.002234,-0.020889,0.348056,0.073092,-0.683489,5.474472,1.149640,-10.750390
0.080000,0.018679,0.003923,-0.036681,0.455369,0.095628,-0.894223,5.256828,1.103934,-10.322995
0.100000,0.028823,0.006053,-0.056601,0.558329,0.117249,-1.096409,5.039184,1.058229,-9.895600
0.120000,0.040983,0.008606,-0.080480,0.656937,0.137957,-1.290047,4.821539,1.012524,-9.468205
0.140000,0.055072,0.011565,-0.108146,0.751191,0.157750,-1.475137,4.603895,0.966818,-9.040810
0.160000,0.071002,0.014910,-0.139429,0.841092,0.176630,-1.651679,4.386251,0.921113,-8.613416
0.180000,0.088686,0.018624,-0.174156,0.926641,0.194595,-1.819674,4.168606,0.875408,-8.186021
0.200000,0.108038,0.022688,-0.212158,1.007837,0.211646,-1.979120,3.950962,0.829702,-7.758626
0.220000,0.128971,0.027084,-0.253264,1.084680,0.227783,-2.130019,3.733318,0.783997,-7.331231
0.240000,0.151397,0.031793,-0.297302,1.157169,0.243006,-2.272369,3.515674,0.738292,-6.903836
0.260000,0.175229,0.036798,-0.344102,1.225307,0.257314,-2.406172,3.298029,0.692586,-6.476441
0.280000,0.200380,0.042080,-0.393492,1.289091,0.270709,-2.531427,3.080385,0.646881,-6.049046
0.300000,0.226763,0.047620,-0.445302,1.348522,0.283190,-2.648134,2.862741,0.601176,-5.621651
0.320000,0.254292,0.053401,-0.499361,1.403600,0.294756,-2.756293,2.645096,0.555470,-5.194257
0.340000,0.282878,0.059404,-0.555497,1.454326,0.305409,-2.855904,2.427452,0.509765,-4.766862
0.360000,0.312436,0.065612,-0.613540,1.500698,0.315147,-2.946967,2.209808,0.464060,-4.339467
0.380000,0.342877,0.072004,-0.673318,1.542718,0.323971,-3.029483,1.992163,0.418354,-3.912072
0.400000,0.374115,0.078564,-0.734662,1.580385,0.331881,-3.103450,1.774519,0.372649,-3.484677
0.420000,0.406064,0.085273,-0.797399,1.613699,0.338877,-3.168870,1.556875,0.326943,-3.057282
0.440000,0.438634,0.092113,-0.861360,1.642660,0.344959,-3.225742,1.339230,0.281238,-2.629887
0.460000,0.471741,0.099066,-0.926372,1.667268,0.350126,-3.274065,1.121586,0.235533,-2.202493
0.480000,0.505296,0.106112,-0.992265,1.687523,0.354380,-3.313841,0.903942,0.189827,-1.775098
0.500000,0.539213,0.113235,-1.058869,1.703426,0.357719,-3.345069,0.686297,0.144122,-1.347703
0.520000,0.573404,0.120415,-1.126011,1.714975,0.360145,-3.367749,0.468653,0.098417,-0.920308
0.540000,0.607783,0.127634,-1.193522,1.722172,0.361656,-3.381882,0.251009,0.052711,-0.492913
0.560000,0.642262,0.134875,-1.261230,1.725016,0.362253,-3.387466,0.033364,0.007006,-0.065518
0.580000,0.676754,0.142118,-1.328963,1.723506,0.361936,-3.384502,-0.184280,-0.038699,0.361877
0.600000,0.711173,0.149346,-1.396553,1.717644,0.360705,-3.372991,-0.401924,-0.084405,0.789272
0.620000,0.745431,0.156541,-1.463826,1.707429,0.358560,-3.352931,-0.619569,-0.130110,1.216666
0.640000,0.779441,0.163683,-1.530613,1.692862,0.355501,-3.324324,-0.837213,-0.175815,1.644061
0.660000,0.813117,0.170755,-1.596742,1.673941,0.351528,-3.287169,-1.054857,-0.221521,2.071456
0.680000,0.846370,0.177738,-1.662043,1.650667,0.346640,-3.241466,-1.272502,-0.267226,2.498851
0.700000,0.879114,0.184614,-1.726344,1.623041,0.340839,-3.187215,-1.490146,-0.312932,2.926246
0.720000,0.911263,0.191365,-1.789474,1.591061,0.334123,-3.124416,-1.707790,-0.358637,3.353641
0.740000,0.942728,0.197973,-1.851263,1.554729,0.326493,-3.053069,-1.925435,-0.404342,3.781036
0.760000,0.973423,0.204419,-1.911540,1.514044,0.317949,-2.973175,-2.143079,-0.450048,4.208431
0.780000,1.003260,0.210685,-1.970133,1.469006,0.308491,-2.884732,-2.360723,-0.495753,4.635825
0.800000,1.032154,0.216752,-2.026872,1.419615,0.298119,-2.787742,-2.578368,-0.541458,5.063220
0.820000,1.060016,0.222603,-2.081586,1.365871,0.286833,-2.682203,-2.796012,-0.587164,5.490615
0.840000,1.086760,0.228220,-2.134104,1.307775,0.274633,-2.568117,-3.013656,-0.632869,5.918010
0.860000,1.112298,0.233583,-2.184254,1.245325,0.261518,-2.445483,-3.231301,-0.678574,6.345405
0.880000,1.136544,0.238674,-2.231866,1.178523,0.247490,-2.314301,-3.448945,-0.724280,6.772800
0.900000,1.159410,0.243476,-2.276769,1.107367,0.232547,-2.174571,-3.666589,-0.769985,7.200195
0.920000,1.180809,0.247970,-2.318792,1.031859,0.216690,-2.026293,-3.884234,-0.815690,7.627589
0.940000,1.200655,0.252138,-2.357764,0.951998,0.199919,-1.869467,-4.101878,-0.861396,8.054984
0.960000,1.218860,0.255961,-2.393513,0.867784,0.182234,-1.704094,-4.319522,-0.907101,8.482379
0.980000,1.235338,0.259421,-2.425870,0.779217,0.163635,-1.530172,-4.537167,-0.952806,8.909774
1.000000,1.250000,0.262500,-2.454663,0.686297,0.144122,-1.347703,-4.754811,-0.998512,9.337169
1.020000,1.262791,0.265186,-2.479782,0.593613,0.124658,-1.165695,-4.513656,-0.947869,8.863606
1.040000,1.273777,0.267493,-2.501354,0.505751,0.106207,-0.993159,-4.272502,-0.897226,8.390043
1.060000,1.283053,0.269441,-2.519571,0.422713,0.088769,-0.830093,-4.031347,-0.846583,7.916480
1.080000,1.290717,0.271051,-2.534621,0.344497,0.072344,-0.676499,-3.790192,-0.795940,7.442917
1.100000,1.296865,0.272342,-2.546694,0.271105,0.056932,-0.532377,-3.549038,-0.745298,6.969354
1.120000,1.301594,0.273335,-2.555979,0.202536,0.042532,-0.397725,-3.307883,-0.694655,6.495791
1.140000,1.304999,0.274050,-2.562666,0.138790,0.029145,-0.272545,-3.066729,-0.644012,6.022228
1.160000,1.307177,0.274507,-2.566944,0.079866,0.016772,-0.156836,-2.825574,-0.593369,5.548665
1.180000,1.308226,0.274727,-2.569003,0.025767,0.005411,-0.050598,-2.584419,-0.542726,5.075102
1.200000,1.308240,0.274730,-2.569031,-0.023510,-0.004937,0.046168,-2.343265,-0.492083,4.601539
1.220000,1.307317,0.274537,-2.567219,-0.067964,-0.014273,0.133463,-2.102110,-0.441441,4.127977
1.240000,1.305554,0.274166,-2.563756,-0.107595,-0.022595,0.211287,-1.860956,-0.390798,3.654414
1.260000,1.303046,0.273640,-2.558831,-0.142402,-0.029905,0.279640,-1.619801,-0.340155,3.180851
1.280000,1.299890,0.272977,-2.552634,-0.172387,-0.036201,0.338521,-1.378646,-0.289512,2.707288
1.300000,1.296182,0.272198,-2.545353,-0.197548,-0.041485,0.387931,-1.137492,-0.238869,2.233725
1.320000,1.292020,0.271324,-2.537179,-0.217886,-0.045756,0.427870,-0.896337,-0.188226,1.760162
1.340000,1.287499,0.270375,-2.528302,-0.233402,-0.049014,0.458338,-0.655183,-0.137584,1.286599
1.360000,1.282716,0.269370,-2.518909,-0.244094,-0.051259,0.479334,-0.414028,-0.086941,0.813036
1.380000,1.277768,0.268331,-2.509191,-0.249963,-0.052492,0.490859,-0.172873,-0.036298,0.339473
1.400000,1.272750,0.267277,-2.499338,-0.251009,-0.052711,0.492913,0.068281,0.014345,-0.134090
1.420000,1.267759,0.266229,-2.489538,-0.247231,-0.051918,0.485496,0.309436,0.064988,-0.607653
1.440000,1.262893,0.265207,-2.479981,-0.238631,-0.050112,0.468607,0.550590,0.115631,-1.081216
1.460000,1.258246,0.264232,-2.470857,-0.225208,-0.047293,0.442247,0.791745,0.166273,-1.554779
1.480000,1.253917,0.263322,-2.462354,-0.206961,-0.043461,0.406416,1.032900,0.216916,-2.028342
1.500000,1.250000,0.262500,-2.454663,-0.183892,-0.038616,0.361113,1.274054,0.267559,-2.501905
1.520000,1.246573,0.261780,-2.447933,-0.159057,-0.033401,0.312344,1.209436,0.253988,-2.375011
1.540000,1.243629,0.261162,-2.442153,-0.135514,-0.028457,0.266113,1.144817,0.240416,-2.248116
1.560000,1.241143,0.260640,-2.437272,-0.113264,-0.023784,0.222419,1.080199,0.226845,-2.121222
1.580000,1.239090,0.260209,-2.433239,-0.092306,-0.019383,0.181264,1.015581,0.213274,-1.994328
1.600000,1.237443,0.259863,-2.430004,-0.072641,-0.015253,0.142646,0.950962,0.199702,-1.867434
1.620000,1.236176,0.259597,-2.427516,-0.054268,-0.011395,0.106567,0.886344,0.186131,-1.740540
1.640000,1.235263,0.259405,-2.425724,-0.037187,-0.007808,0.073025,0.821725,0.172560,-1.613645
1.660000,1.234680,0.259283,-2.424578,-0.021399,-0.004492,0.042021,0.757107,0.158988,-1.486751
1.680000,1.234399,0.259224,-2.424027,-0.006903,-0.001448,0.013555,0.692488,0.145417,-1.359857
1.700000,1.234395,0.259223,-2.424019,0.006301,0.001324,-0.012373,0.627870,0.131846,-1.232963
1.720000,1.234642,0.259275,-2.424505,0.018212,0.003826,-0.035764,0.563252,0.118274,-1.106069
1.740000,1.235115,0.259374,-2.425433,0.028831,0.006055,-0.056616,0.498633,0.104703,-0.979174
1.760000,1.235787,0.259516,-2.426752,0.038157,0.008014,-0.074931,0.434015,0.091131,-0.852280
1.780000,1.236632,0.259693,-2.428413,0.046191,0.009701,-0.090707,0.369396,0.077560,-0.725386
1.800000,1.237626,0.259902,-2.430364,0.052933,0.011116,-0.103946,0.304778,0.063989,-0.598492
1.820000,1.238741,0.260136,-2.432554,0.058382,0.012260,-0.114647,0.240160,0.050417,-0.471598
1.840000,1.239952,0.260390,-2.434933,0.062539,0.013133,-0.122810,0.175541,0.036846,-0.344703
1.860000,1.241234,0.260659,-2.437450,0.065404,0.013734,-0.128435,0.110923,0.023275,-0.217809
1.880000,1.242560,0.260938,-2.440053,0.066976,0.014064,-0.131522,0.046304,0.009703,-0.090915
1.900000,1.243904,0.261220,-2.442694,0.067256,0.014122,-0.132072,-0.018314,-0.003868,0.035979
1.920000,1.245242,0.261501,-2.445319,0.066244,0.013909,-0.130083,-0.082933,-0.017439,0.162873
1.940000,1.246546,0.261775,-2.447880,0.063939,0.013425,-0.125557,-0.147551,-0.031011,0.289768
1.960000,1.247791,0.262036,-2.450325,0.060342,0.012669,-0.118493,-0.212169,-0.044582,0.416662
1.980000,1.248951,0.262280,-2.452603,0.055452,0.011641,-0.108890,-0.276788,-0.058153,0.543556
2.000000,1.250000,0.262500,-2.454663,0.049270,0.010342,-0.096750,-0.341406,-0.071725,0.670450
2.020000,1.250918,0.262693,-2.456467,0.042615,0.008944,-0.083682,-0.324087,-0.068082,0.636436
2.040000,1.251707,0.262858,-2.458015,0.036307,0.007619,-0.071293,-0.306768,-0.064440,0.602422
2.060000,1.252373,0.262998,-2.459323,0.030344,0.006367,-0.059585,-0.289449,-0.060797,0.568409
2.080000,1.252923,0.263113,-2.460403,0.024729,0.005187,-0.048557,-0.272130,-0.057154,0.534395
2.100000,1.253364,0.263206,-2.461270,0.019459,0.004081,-0.038209,-0.254811,-0.053512,0.500381
2.120000,1.253704,0.263277,-2.461936,0.014536,0.003047,-0.028541,-0.237492,-0.049869,0.466367
2.140000,1.253948,0.263328,-2.462416,0.009960,0.002086,-0.019554,-0.220173,-0.046227,0.432353
2.160000,1.254104,0.263361,-2.462723,0.005729,0.001198,-0.011247,-0.202854,-0.042584,0.398339
2.180000,1.254180,0.263377,-2.462870,0.001845,0.000382,-0.003621,-0.185535,-0.038941,0.364326
2.200000,1.254181,0.263377,-2.462872,-0.001692,-0.000360,0.003326,-0.168216,-0.035299,0.330312
2.220000,1.254114,0.263363,-2.462742,-0.004883,-0.001029,0.009592,-0.150896,-0.031656,0.296298
2.240000,1.253987,0.263336,-2.462493,-0.007728,-0.001626,0.015178,-0.133577,-0.028014,0.262284
2.260000,1.253807,0.263298,-2.462139,-0.010226,-0.002150,0.020083,-0.116258,-0.024371,0.228270
2.280000,1.253581,0.263251,-2.461694,-0.012378,-0.002601,0.024309,-0.098939,-0.020728,0.194256
2.300000,1.253315,0.263195,-2.461171,-0.014184,-0.002979,0.027854,-0.081620,-0.017086,0.160243
2.320000,1.253016,0.263132,-2.460584,-0.015643,-0.003284,0.030718,-0.064301,-0.013443,0.126229
2.340000,1.252691,0.263064,-2.459947,-0.016756,-0.003517,0.032903,-0.046982,-0.009801,0.092215
2.360000,1.252348,0.262992,-2.459273,-0.017522,-0.003676,0.034407,-0.029663,-0.006158,0.058201
2.380000,1.251993,0.262917,-2.458575,-0.017942,-0.003763,0.035231,-0.012344,-0.002515,0.024187
2.400000,1.251632,0.262842,-2.457868,-0.018016,-0.003777,0.035374,0.004975,0.001127,-0.009827
2.420000,1.251274,0.262767,-2.457165,-0.017743,-0.003718,0.034838,0.022294,0.004770,-0.043840
2.440000,1.250925,0.262693,-2.456479,-0.017124,-0.003586,0.033621,0.039613,0.008412,-0.077854
2.460000,1.250592,0.262624,-2.455825,-0.016159,-0.003382,0.031723,0.056932,0.012055,-0.111868
2.480000,1.250281,0.262559,-2.455215,-0.014847,-0.003104,0.029146,0.074251,0.015698,-0.145882
2.500000,1.250000,0.262500,-2.454663,-0.013189,-0.002754,0.025888,0.091571,0.019340,-0.179896
2.520000,1.249754,0.262449,-2.454181,-0.011404,-0.002377,0.022382,0.086913,0.018341,-0.170735
2.540000,1.249543,0.262405,-2.453767,-0.009712,-0.002020,0.019059,0.082255,0.017342,-0.161573
2.560000,1.249365,0.262368,-2.453417,-0.008114,-0.001683,0.015919,0.077597,0.016343,-0.152412
2.580000,1.249218,0.262337,-2.453129,-0.006608,-0.001366,0.012962,0.072939,0.015344,-0.143251
2.600000,1.249100,0.262313,-2.452898,-0.005196,-0.001069,0.010189,0.068281,0.014345,-0.134090
2.620000,1.249010,0.262294,-2.452720,-0.003877,-0.000793,0.007599,0.063623,0.013346,-0.124929
2.640000,1.248944,0.262281,-2.452592,-0.002651,-0.000536,0.005192,0.058966,0.012347,-0.115768
2.660000,1.248903,0.262273,-2.452511,-0.001519,-0.000299,0.002968,0.054308,0.011348,-0.106607
2.680000,1.248883,0.262269,-2.452473,-0.000479,-0.000082,0.000928,0.049650,0.010349,-0.097445
2.700000,1.248883,0.262269,-2.452473,0.000467,0.000115,-0.000930,0.044992,0.009350,-0.088284
2.720000,1.248901,0.262274,-2.452509,0.001321,0.000292,-0.002604,0.040334,0.008351,-0.079123
2.740000,1.248935,0.262281,-2.452576,0.002081,0.000449,-0.004095,0.035676,0.007352,-0.069962
2.760000,1.248984,0.262291,-2.452671,0.002748,0.000586,-0.005402,0.031018,0.006353,-0.060801
2.780000,1.249045,0.262304,-2.452791,0.003322,0.000703,-0.006527,0.026361,0.005353,-0.051640
2.800000,1.249116,0.262319,-2.452931,0.003802,0.000801,-0.007468,0.021703,0.004354,-0.042479
2.820000,1.249196,0.262336,-2.453088,0.004190,0.000878,-0.008226,0.017045,0.003355,-0.033317
2.840000,1.249283,0.262354,-2.453259,0.004484,0.000935,-0.008801,0.012387,0.002356,-0.024156
2.860000,1.249375,0.262373,-2.453439,0.004685,0.000972,-0.009192,0.007729,0.001357,-0.014995
2.880000,1.249470,0.262393,-2.453625,0.004793,0.000989,-0.009400,0.003071,0.000358,-0.005834
2.900000,1.249566,0.262413,-2.453814,0.004808,0.000986,-0.009426,-0.001587,-0.000641,0.003327
2.920000,1.249661,0.262432,-2.454001,0.004730,0.000963,-0.009267,-0.006245,-0.001640,0.012488
2.940000,1.249755,0.262451,-2.454183,0.004558,0.000921,-0.008926,-0.010902,-0.002639,0.021649
2.960000,1.249843,0.262469,-2.454357,0.004294,0.000858,-0.008401,-0.015560,-0.003638,0.030811
2.980000,1.249926,0.262485,-2.454518,0.003936,0.000775,-0.007694,-0.020218,-0.004637,0.039972
3.000000,1.250000,0.262500,-2.454663,0.003485,0.000672,-0.006803,-0.024876,-0.005636,0.049133
3.020000,1.250065,0.262512,-2.454790,0.003000,0.000563,-0.005846,-0.023564,-0.005283,0.046502
3.040000,1.250120,0.262523,-2.454898,0.002542,0.000461,-0.004942,-0.022251,-0.004929,0.043871
3.060000,1.250167,0.262531,-2.454988,0.002110,0.000366,-0.004091,-0.020939,-0.004575,0.041241
3.080000,1.250205,0.262537,-2.455062,0.001705,0.000278,-0.003293,-0.019626,-0.004222,0.038610
3.100000,1.250235,0.262542,-2.455120,0.001325,0.000197,-0.002547,-0.018314,-0.003868,0.035979
3.120000,1.250258,0.262545,-2.455164,0.000972,0.000123,-0.001854,-0.017002,-0.003514,0.033348
3.140000,1.250274,0.262547,-2.455194,0.000645,0.000057,-0.001213,-0.015689,-0.003161,0.030718
3.160000,1.250284,0.262547,-2.455213,0.000345,-0.000003,-0.000625,-0.014377,-0.002807,0.028087
3.180000,1.250288,0.262547,-2.455220,0.000070,-0.000056,-0.000089,-0.013065,-0.002454,0.025456
3.200000,1.250287,0.262545,-2.455217,-0.000178,-0.000101,0.000393,-0.011752,-0.002100,0.022825
3.220000,1.250281,0.262543,-2.455204,-0.000400,-0.000140,0.000824,-0.010440,-0.001746,0.020195
3.240000,1.250271,0.262540,-2.455184,-0.000596,-0.000171,0.001201,-0.009128,-0.001393,0.017564
3.260000,1.250257,0.262536,-2.455157,-0.000765,-0.000195,0.001526,-0.007815,-0.001039,0.014933
3.280000,1.250241,0.262532,-2.455123,-0.000908,-0.000213,0.001798,-0.006503,-0.000685,0.012303
3.300000,1.250221,0.262528,-2.455085,-0.001025,-0.000223,0.002018,-0.005190,-0.000332,0.009672
3.320000,1.250200,0.262523,-2.455043,-0.001116,-0.000226,0.002185,-0.003878,0.000022,0.007041
3.340000,1.250177,0.262519,-2.454998,-0.001180,-0.000222,0.002300,-0.002566,0.000375,0.004410
3.360000,1.250153,0.262514,-2.454951,-0.001218,-0.000211,0.002362,-0.001253,0.000729,0.001780
3.380000,1.250128,0.262510,-2.454904,-0.001230,-0.000193,0.002371,0.000059,0.001083,-0.000851
3.400000,1.250104,0.262507,-2.454857,-0.001216,-0.000168,0.002328,0.001371,0.001436,-0.003482
3.420000,1.250080,0.262504,-2.454811,-0.001175,-0.000135,0.002232,0.002684,0.001790,-0.006113
3.440000,1.250057,0.262501,-2.454768,-0.001109,-0.000096,0.002083,0.003996,0.002144,-0.008743
3.460000,1.250036,0.262500,-2.454728,-0.001016,-0.000050,0.001882,0.005308,0.002497,-0.011374
3.480000,1.250017,0.262499,-2.454693,-0.000896,0.000004,0.001628,0.006621,0.002851,-0.014005
3.500000,1.250000,0.262500,-2.454663,-0.000751,0.000064,0.001322,0.007933,0.003204,-0.016636
3.520000,1.249987,0.262502,-2.454640,-0.000598,0.000124,0.001003,0.007342,0.002789,-0.015274
3.540000,1.249976,0.262505,-2.454623,-0.000457,0.000176,0.000711,0.006750,0.002374,-0.013912
3.560000,1.249968,0.262509,-2.454612,-0.000328,0.000219,0.000446,0.006158,0.001958,-0.012550
3.580000,1.249963,0.262514,-2.454605,-0.000211,0.000254,0.000209,0.005567,0.001543,-0.011188
3.600000,1.249960,0.262519,-2.454603,-0.000105,0.000281,-0.000001,0.004975,0.001127,-0.009827
3.620000,1.249959,0.262525,-2.454605,-0.000012,0.000299,-0.000184,0.004384,0.000712,-0.008465
3.640000,1.249959,0.262531,-2.454610,0.000070,0.000309,-0.000340,0.003792,0.000296,-0.007103
3.660000,1.249961,0.262537,-2.454618,0.000140,0.000311,-0.000468,0.003200,-0.000119,-0.005741
3.680000,1.249965,0.262543,-2.454629,0.000198,0.000305,-0.000570,0.002609,-0.000535,-0.004379
3.700000,1.249969,0.262549,-2.454641,0.000244,0.000290,-0.000643,0.002017,-0.000950,-0.003018
3.720000,1.249974,0.262555,-2.454654,0.000279,0.000267,-0.000690,0.001426,-0.001365,-0.001656
3.740000,1.249980,0.262560,-2.454668,0.000301,0.000235,-0.000710,0.000834,-0.001781,-0.000294
3.760000,1.249986,0.262564,-2.454682,0.000312,0.000195,-0.000702,0.000242,-0.002196,0.001068
3.780000,1.249993,0.262568,-2.454696,0.000311,0.000147,-0.000667,-0.000349,-0.002612,0.002430
3.800000,1.249999,0.262570,-2.454709,0.000298,0.000091,-0.000605,-0.000941,-0.003027,0.003791
3.820000,1.250004,0.262571,-2.454720,0.000273,0.000026,-0.000515,-0.001533,-0.003443,0.005153
3.840000,1.250010,0.262571,-2.454729,0.000237,-0.000047,-0.000399,-0.002124,-0.003858,0.006515
3.860000,1.250014,0.262569,-2.454736,0.000188,-0.000128,-0.000255,-0.002716,-0.004274,0.007877
3.880000,1.250017,0.262566,-2.454739,0.000128,-0.000218,-0.000084,-0.003307,-0.004689,0.009238
3.900000,1.250019,0.262561,-2.454739,0.000056,-0.000316,0.000115,-0.003899,-0.005104,0.010600
3.920000,1.250019,0.262553,-2.454735,-0.000028,-0.000422,0.000340,-0.004491,-0.005520,0.011962
3.940000,1.250018,0.262544,-2.454725,-0.000124,-0.000536,0.000593,-0.005082,-0.005935,0.013324
3.960000,1.250014,0.262532,-2.454711,-0.000231,-0.000659,0.000873,-0.005674,-0.006351,0.014686
3.980000,1.250008,0.262517,-2.454690,-0.000351,-0.000790,0.001181,-0.006265,-0.006766,0.016047
4.000000,1.250000,0.262500,-2.454663,-0.000482,-0.000930,0.001515,-0.006857,-0.007182,0.017409
4.020000,1.249989,0.262480,-2.454630,-0.000608,-0.001060,0.001835,-0.005803,-0.005874,0.014593
4.040000,1.249976,0.262458,-2.454590,-0.000714,-0.001165,0.002099,-0.004749,-0.004565,0.011776
4.060000,1.249961,0.262434,-2.454546,-0.000798,-0.001243,0.002306,-0.003695,-0.003257,0.008960
4.080000,1.249944,0.262408,-2.454498,-0.000862,-0.001295,0.002457,-0.002641,-0.001949,0.006144
4.100000,1.249926,0.262382,-2.454448,-0.000904,-0.001321,0.002552,-0.001587,-0.000641,0.003327
4.120000,1.249908,0.262356,-2.454397,-0.000925,-0.001321,0.002590,-0.000533,0.000667,0.000511
4.140000,1.249889,0.262329,-2.454345,-0.000925,-0.001294,0.002572,0.000521,0.001975,-0.002306
4.160000,1.249871,0.262304,-2.454294,-0.000904,-0.001242,0.002498,0.001576,0.003284,-0.005122
4.180000,1.249853,0.262280,-2.454245,-0.000862,-0.001163,0.002368,0.002630,0.004592,-0.007939
4.200000,1.249837,0.262258,-2.454200,-0.000799,-0.001058,0.002181,0.003684,0.005900,-0.010755
4.220000,1.249822,0.262238,-2.454159,-0.000715,-0.000927,0.001937,0.004738,0.007208,-0.013571
4.240000,1.249808,0.262221,-2.454123,-0.000610,-0.000770,0.001638,0.005792,0.008516,-0.016388
4.260000,1.249797,0.262207,-2.454093,-0.000483,-0.000586,0.001282,0.006846,0.009824,-0.019204
4.280000,1.249789,0.262197,-2.454072,-0.000336,-0.000377,0.000870,0.007900,0.011132,-0.022021
4.300000,1.249784,0.262192,-2.454059,-0.000167,-0.000141,0.000401,0.008954,0.012441,-0.024837
4.320000,1.249783,0.262192,-2.454056,0.000022,0.000121,-0.000124,0.010008,0.013749,-0.027654
4.340000,1.249785,0.262197,-2.454064,0.000233,0.000409,-0.000705,0.011062,0.015057,-0.030470
4.360000,1.249792,0.262208,-2.454085,0.000465,0.000723,-0.001343,0.012116,0.016365,-0.033286
4.380000,1.249804,0.262226,-2.454118,0.000718,0.001063,-0.002037,0.013170,0.017673,-0.036103
4.400000,1.249821,0.262251,-2.454167,0.000992,0.001430,-0.002787,0.014224,0.018981,-0.038919
4.420000,1.249844,0.262284,-2.454230,0.001287,0.001823,-0.003593,0.015278,0.020290,-0.041736
4.440000,1.249873,0.262324,-2.454311,0.001603,0.002242,-0.004456,0.016332,0.021598,-0.044552
4.460000,1.249908,0.262374,-2.454409,0.001940,0.002687,-0.005375,0.017387,0.022906,-0.047368
4.480000,1.249950,0.262432,-2.454526,0.002298,0.003158,-0.006351,0.018441,0.024214,-0.050185
4.500000,1.250000,0.262500,-2.454663,0.002678,0.003655,-0.007383,0.019495,0.025522,-0.053001
4.520000,1.250057,0.262578,-2.454821,0.003031,0.004117,-0.008344,0.015870,0.020705,-0.043097
4.540000,1.250121,0.262664,-2.454996,0.003312,0.004483,-0.009107,0.012245,0.015888,-0.033194
4.560000,1.250189,0.262757,-2.455184,0.003521,0.004753,-0.009672,0.008621,0.011071,-0.023290
4.580000,1.250261,0.262854,-2.455381,0.003657,0.004926,-0.010038,0.004996,0.006254,-0.013386
4.600000,1.250335,0.262953,-2.455584,0.003721,0.005003,-0.010207,0.001371,0.001436,-0.003482
4.620000,1.250409,0.263053,-2.455788,0.003712,0.004984,-0.010178,-0.002253,-0.003381,0.006422
4.640000,1.250483,0.263152,-2.455990,0.003631,0.004868,-0.009950,-0.005878,-0.008198,0.016326
4.660000,1.250554,0.263247,-2.456185,0.003477,0.004656,-0.009525,-0.009503,-0.013015,0.026230
4.680000,1.250622,0.263337,-2.456370,0.003251,0.004347,-0.008901,-0.013127,-0.017832,0.036134
4.700000,1.250684,0.263420,-2.456540,0.002952,0.003942,-0.008079,-0.016752,-0.022650,0.046038
4.720000,1.250739,0.263494,-2.456691,0.002581,0.003441,-0.007059,-0.020377,-0.027467,0.055942
4.740000,1.250787,0.263557,-2.456821,0.002137,0.002844,-0.005841,-0.024001,-0.032284,0.065845
4.760000,1.250824,0.263607,-2.456924,0.001621,0.002150,-0.004426,-0.027626,-0.037101,0.075749
4.780000,1.250851,0.263643,-2.456996,0.001032,0.001360,-0.002812,-0.031250,-0.041918,0.085653
4.800000,1.250865,0.263661,-2.457035,0.000371,0.000473,-0.000999,-0.034875,-0.046735,0.095557
4.820000,1.250865,0.263661,-2.457035,-0.000363,-0.000510,0.001011,-0.038500,-0.051553,0.105461
4.840000,1.250850,0.263640,-2.456993,-0.001169,-0.001589,0.003219,-0.042124,-0.056370,0.115365
4.860000,1.250818,0.263597,-2.456905,-0.002048,-0.002764,0.005625,-0.045749,-0.061187,0.125269
4.880000,1.250768,0.263529,-2.456767,-0.002999,-0.004036,0.008230,-0.049374,-0.066004,0.135173
4.900000,1.250698,0.263435,-2.456574,-0.004023,-0.005405,0.011032,-0.052998,-0.070821,0.145077
4.920000,1.250606,0.263312,-2.456324,-0.005119,-0.006869,0.014033,-0.056623,-0.075638,0.154981
4.940000,1.250492,0.263159,-2.456012,-0.006288,-0.008430,0.017231,-0.060248,-0.080456,0.164884
4.960000,1.250354,0.262974,-2.455634,-0.007529,-0.010087,0.020628,-0.063872,-0.085273,0.174788
4.980000,1.250191,0.262755,-2.455185,-0.008843,-0.011841,0.024223,-0.067497,-0.090090,0.184692
5.000000,1.250000,0.262500,-2.454663,-0.010229,-0.013691,0.028016,-0.071122,-0.094907,0.194596
5.020000,1.249782,0.262208,-2.454067,-0.011517,-0.015410,0.031540,-0.057677,-0.076947,0.157797
5.040000,1.249541,0.261886,-2.453407,-0.012536,-0.016769,0.034328,-0.044233,-0.058986,0.120998
5.060000,1.249282,0.261540,-2.452698,-0.013286,-0.017769,0.036380,-0.030788,-0.041025,0.084199
5.080000,1.249011,0.261178,-2.451956,-0.013768,-0.018410,0.037696,-0.017343,-0.023065,0.047399
5.100000,1.248734,0.260806,-2.451195,-0.013980,-0.018692,0.038276,-0.003899,-0.005104,0.010600
5.120000,1.248454,0.260432,-2.450430,-0.013924,-0.018614,0.038120,0.009546,0.012856,-0.026199
5.140000,1.248178,0.260064,-2.449676,-0.013598,-0.018177,0.037228,0.022990,0.030817,-0.062998
5.160000,1.247912,0.259708,-2.448946,-0.013004,-0.017381,0.035600,0.036435,0.048777,-0.099797
5.180000,1.247660,0.259371,-2.448256,-0.012141,-0.016226,0.033236,0.049879,0.066738,-0.136596
5.200000,1.247428,0.259061,-2.447622,-0.011009,-0.014712,0.030136,0.063324,0.084698,-0.173396
5.220000,1.247221,0.258785,-2.447056,-0.009608,-0.012838,0.026300,0.076768,0.102659,-0.210195
5.240000,1.247046,0.258550,-2.446574,-0.007938,-0.010606,0.021728,0.090213,0.120619,-0.246994
5.260000,1.246906,0.258363,-2.446192,-0.005999,-0.008014,0.016420,0.103657,0.138580,-0.283793
5.280000,1.246807,0.258232,-2.445923,-0.003792,-0.005062,0.010376,0.117102,0.156540,-0.320592
5.300000,1.246756,0.258163,-2.445782,-0.001315,-0.001752,0.003597,0.130547,0.174501,-0.357391
5.320000,1.246757,0.258164,-2.445784,0.001430,0.001918,-0.003919,0.143991,0.192461,-0.394191
5.340000,1.246815,0.258242,-2.445943,0.004444,0.005947,-0.012171,0.157436,0.210422,-0.430990
5.360000,1.246936,0.258404,-2.446275,0.007727,0.010335,-0.021159,0.170880,0.228382,-0.467789
5.380000,1.247126,0.258658,-2.446794,0.011280,0.015082,-0.030883,0.184325,0.246343,-0.504588
5.400000,1.247389,0.259010,-2.447516,0.015100,0.020188,-0.041342,0.197769,0.264303,-0.541387
5.420000,1.247732,0.259468,-2.448453,0.019190,0.025654,-0.052538,0.211214,0.282264,-0.578186
5.440000,1.248158,0.260039,-2.449622,0.023549,0.031479,-0.064470,0.224658,0.300225,-0.614986
5.460000,1.248675,0.260729,-2.451037,0.028177,0.037663,-0.077137,0.238103,0.318185,-0.651785
5.480000,1.249287,0.261547,-2.452712,0.033073,0.044206,-0.090541,0.251548,0.336146,-0.688584
5.500000,1.250000,0.262500,-2.454663,0.038239,0.051109,-0.104681,0.264992,0.354106,-0.725383
5.520000,1.250814,0.263589,-2.456893,0.043037,0.057521,-0.117816,0.214839,0.287081,-0.588090
5.540000,1.251715,0.264792,-2.459358,0.046832,0.062592,-0.128204,0.164685,0.220056,-0.450798
5.560000,1.252681,0.266083,-2.462003,0.049624,0.066323,-0.135847,0.114531,0.153031,-0.313505
5.580000,1.253693,0.267436,-2.464773,0.051413,0.068713,-0.140745,0.064378,0.086006,-0.176212
5.600000,1.254731,0.268823,-2.467614,0.052199,0.069763,-0.142896,0.014224,0.018981,-0.038919
5.620000,1.255774,0.270217,-2.470471,0.051982,0.069473,-0.142301,-0.035929,-0.048044,0.098374
5.640000,1.256803,0.271593,-2.473288,0.050762,0.067841,-0.138961,-0.086083,-0.115068,0.235666
5.660000,1.257798,0.272922,-2.476011,0.048539,0.064870,-0.132875,-0.136236,-0.182093,0.372959
5.680000,1.258738,0.274179,-2.478585,0.045313,0.060558,-0.124043,-0.186390,-0.249118,0.510252
5.700000,1.259604,0.275336,-2.480954,0.041083,0.054905,-0.112465,-0.236543,-0.316143,0.647545
5.720000,1.260375,0.276366,-2.483065,0.035851,0.047912,-0.098141,-0.286697,-0.383168,0.784837
5.740000,1.261031,0.277243,-2.484862,0.029616,0.039578,-0.081071,-0.336851,-0.450193,0.922130
5.760000,1.261553,0.277940,-2.486289,0.022377,0.029904,-0.061256,-0.387004,-0.517218,1.059423
5.780000,1.261920,0.278430,-2.487294,0.014135,0.018890,-0.038694,-0.437158,-0.584243,1.196716
5.800000,1.262112,0.278687,-2.487819,0.004891,0.006534,-0.013387,-0.487311,-0.651268,1.334009
5.820000,1.262109,0.278683,-2.487811,-0.005357,-0.007161,0.014666,-0.537465,-0.718293,1.471301
5.840000,1.261891,0.278391,-2.487214,-0.016608,-0.022197,0.045465,-0.587618,-0.785318,1.608594
5.860000,1.261438,0.277786,-2.485974,-0.028862,-0.038574,0.079010,-0.637772,-0.852343,1.745887
5.880000,1.260730,0.276840,-2.484035,-0.042119,-0.056291,0.115301,-0.687925,-0.919368,1.883180
5.900000,1.259746,0.275525,-2.481344,-0.056379,-0.075349,0.154337,-0.738079,-0.986393,2.020472
5.920000,1.258468,0.273817,-2.477844,-0.071642,-0.095747,0.196119,-0.788232,-1.053418,2.157765
5.940000,1.256874,0.271687,-2.473480,-0.087908,-0.117485,0.240648,-0.838386,-1.120443,2.295058
5.960000,1.254945,0.269108,-2.468199,-0.105177,-0.140564,0.287922,-0.888540,-1.187467,2.432351
5.980000,1.252660,0.266055,-2.461945,-0.123450,-0.164984,0.337942,-0.938693,-1.254492,2.569644
6.000000,1.250000,0.262500,-2.454663,-0.142725,-0.190744,0.390707,-0.988847,-1.321517,2.706936
6.020000,1.246950,0.258423,-2.446313,-0.162200,-0.216910,0.444135,-0.958650,-1.295087,2.635827
6.040000,1.243516,0.253827,-2.436907,-0.181071,-0.242548,0.496141,-0.928452,-1.268657,2.564718
6.060000,1.239711,0.248724,-2.426476,-0.199338,-0.267656,0.546724,-0.898255,-1.242226,2.493608
6.080000,1.235547,0.243124,-2.415048,-0.217001,-0.292237,0.595885,-0.868058,-1.215796,2.422499
6.100000,1.231035,0.237038,-2.402650,-0.234060,-0.316288,0.643624,-0.837861,-1.189366,2.351390
6.120000,1.226188,0.230476,-2.389312,-0.250516,-0.339811,0.689940,-0.807664,-1.162935,2.280280
6.140000,1.221018,0.223449,-2.375062,-0.266367,-0.362806,0.734835,-0.777467,-1.136505,2.209171
6.160000,1.215537,0.215968,-2.359929,-0.281614,-0.385271,0.778307,-0.747269,-1.110075,2.138061
6.180000,1.209758,0.208042,-2.343940,-0.296258,-0.407209,0.820357,-0.717072,-1.083644,2.066952
6.200000,1.203691,0.199683,-2.327124,-0.310297,-0.428617,0.860985,-0.686875,-1.057214,1.995843
6.220000,1.197350,0.190901,-2.309510,-0.323733,-0.449497,0.900191,-0.656678,-1.030784,1.924733
6.240000,1.190746,0.181707,-2.291126,-0.336564,-0.469849,0.937975,-0.626481,-1.004353,1.853624
6.260000,1.183891,0.172110,-2.272000,-0.348792,-0.489671,0.974336,-0.596284,-0.977923,1.782515
6.280000,1.176798,0.162123,-2.252162,-0.360416,-0.508965,1.009275,-0.566087,-0.951493,1.711405
6.300000,1.169479,0.151755,-2.231639,-0.371436,-0.527731,1.042792,-0.535889,-0.925062,1.640296
6.320000,1.161945,0.141017,-2.210459,-0.381851,-0.545968,1.074887,-0.505692,-0.898632,1.569187
6.340000,1.154209,0.129920,-2.188653,-0.391663,-0.563676,1.105560,-0.475495,-0.872202,1.498077
6.360000,1.146282,0.118474,-2.166246,-0.400871,-0.580856,1.134810,-0.445298,-0.845771,1.426968
6.380000,1.138178,0.106689,-2.143270,-0.409475,-0.597507,1.162638,-0.415101,-0.819341,1.355858
6.400000,1.129907,0.094577,-2.119750,-0.417475,-0.613630,1.189045,-0.384904,-0.792911,1.284749
6.420000,1.121483,0.082148,-2.095717,-0.424871,-0.629224,1.214028,-0.354706,-0.766480,1.213640
6.440000,1.112917,0.069412,-2.071199,-0.431663,-0.644289,1.237590,-0.324509,-0.740050,1.142530
6.460000,1.104220,0.056380,-2.046223,-0.437852,-0.658826,1.259730,-0.294312,-0.713619,1.071421
6.480000,1.095407,0.043062,-2.020819,-0.443436,-0.672834,1.280447,-0.264115,-0.687189,1.000312
6.500000,1.086487,0.029470,-1.995015,-0.448416,-0.686313,1.299742,-0.233918,-0.660759,0.929202
6.520000,1.077474,0.015613,-1.968839,-0.452793,-0.699264,1.317615,-0.203721,-0.634328,0.858093
6.540000,1.068379,0.001503,-1.942320,-0.456565,-0.711686,1.334066,-0.173524,-0.607898,0.786984
6.560000,1.059215,-0.012851,-1.915486,-0.459734,-0.723580,1.349094,-0.143326,-0.581468,0.715874
6.580000,1.049994,-0.027437,-1.888365,-0.462298,-0.734945,1.362701,-0.113129,-0.555037,0.644765
6.600000,1.040727,-0.042245,-1.860987,-0.464259,-0.745781,1.374885,-0.082932,-0.528607,0.573655
6.620000,1.031428,-0.057265,-1.833379,-0.465615,-0.756089,1.385647,-0.052735,-0.502177,0.502546
6.640000,1.022107,-0.072485,-1.805571,-0.466368,-0.765868,1.394987,-0.022538,-0.475746,0.431437
6.660000,1.012777,-0.087896,-1.777589,-0.466517,-0.775119,1.402904,0.007659,-0.449316,0.360327
6.680000,1.003450,-0.103486,-1.749464,-0.466062,-0.783841,1.409400,0.037857,-0.422886,0.289218
6.700000,0.994139,-0.119246,-1.721223,-0.465003,-0.792035,1.414473,0.068054,-0.396455,0.218109
6.720000,0.984854,-0.135164,-1.692895,-0.463340,-0.799699,1.418124,0.098251,-0.370025,0.146999
6.740000,0.975609,-0.151230,-1.664507,-0.461073,-0.806836,1.420353,0.128448,-0.343595,0.075890
6.760000,0.966415,-0.167434,-1.636090,-0.458202,-0.813443,1.421160,0.158645,-0.317164,0.004781
6.780000,0.957285,-0.183765,-1.607671,-0.454727,-0.819522,1.420544,0.188842,-0.290734,-0.066329
6.800000,0.948230,-0.200211,-1.579278,-0.450648,-0.825072,1.418507,0.219039,-0.264304,-0.137438
6.820000,0.939263,-0.216764,-1.550940,-0.445965,-0.830094,1.415047,0.249237,-0.237873,-0.208548
6.840000,0.930396,-0.233412,-1.522685,-0.440679,-0.834587,1.410165,0.279434,-0.211443,-0.279657
6.860000,0.921640,-0.250144,-1.494543,-0.434788,-0.838552,1.403861,0.309631,-0.185013,-0.350766
6.880000,0.913008,-0.266950,-1.466540,-0.428293,-0.841988,1.396134,0.339828,-0.158582,-0.421876
6.900000,0.904512,-0.283820,-1.438707,-0.421195,-0.844895,1.386986,0.370025,-0.132152,-0.492985
6.920000,0.896164,-0.300742,-1.411070,-0.413492,-0.847274,1.376415,0.400222,-0.105722,-0.564094
6.940000,0.887977,-0.317707,-1.383660,-0.405186,-0.849124,1.364422,0.430420,-0.079291,-0.635204
6.960000,0.879961,-0.334704,-1.356503,-0.396276,-0.850446,1.351007,0.460617,-0.052861,-0.706313
6.980000,0.872130,-0.351722,-1.329629,-0.386761,-0.851239,1.336169,0.490814,-0.026431,-0.777423
7.000000,0.864494,-0.368750,-1.303066,-0.376643,-0.851503,1.319910,0.521011,-0.000000,-0.848532
7.020000,0.857068,-0.385778,-1.276842,-0.365921,-0.851239,1.302228,0.551208,0.026430,-0.919641
7.040000,0.849862,-0.402796,-1.250986,-0.354595,-0.850446,1.283124,0.581405,0.052860,-0.990751
7.060000,0.842888,-0.419792,-1.225527,-0.342665,-0.849124,1.262598,0.611602,0.079291,-1.061860
7.080000,0.836159,-0.436757,-1.200492,-0.330131,-0.847274,1.240650,0.641800,0.105721,-1.132969
7.100000,0.829687,-0.453680,-1.175910,-0.316993,-0.844895,1.217279,0.671997,0.132151,-1.204079
7.120000,0.823483,-0.470550,-1.151810,-0.303251,-0.841988,1.192487,0.702194,0.158582,-1.275188
7.140000,0.817561,-0.487356,-1.128220,-0.288905,-0.838552,1.166272,0.732391,0.185012,-1.346297
7.160000,0.811931,-0.504088,-1.105169,-0.273955,-0.834587,1.138635,0.762588,0.211442,-1.417407
7.180000,0.806607,-0.520736,-1.082684,-0.258401,-0.830094,1.109575,0.792785,0.237873,-1.488516
7.200000,0.801599,-0.537288,-1.060795,-0.242244,-0.825073,1.079094,0.822983,0.264303,-1.559626
7.220000,0.796921,-0.553735,-1.039530,-0.225482,-0.819522,1.047190,0.853180,0.290734,-1.630735
7.240000,0.792584,-0.570066,-1.018917,-0.208116,-0.813443,1.013865,0.883377,0.317164,-1.701844
7.260000,0.788600,-0.586269,-0.998985,-0.190147,-0.806836,0.979117,0.913574,0.343594,-1.772954
7.280000,0.784982,-0.602336,-0.979762,-0.171573,-0.799699,0.942946,0.943771,0.370025,-1.844063
7.300000,0.781741,-0.618254,-0.961276,-0.152396,-0.792035,0.905354,0.973968,0.396455,-1.915172
7.320000,0.778890,-0.634014,-0.943557,-0.132615,-0.783841,0.866340,1.004165,0.422885,-1.986282
7.340000,0.776441,-0.649604,-0.926632,-0.112229,-0.775119,0.825903,1.034363,0.449316,-2.057391
7.360000,0.774405,-0.665015,-0.910530,-0.091240,-0.765869,0.784044,1.064560,0.475746,-2.128500
7.380000,0.772795,-0.680235,-0.895280,-0.069647,-0.756089,0.740763,1.094757,0.502176,-2.199610
7.400000,0.771623,-0.695255,-0.880909,-0.047450,-0.745782,0.696059,1.124954,0.528607,-2.270719
7.420000,0.770901,-0.710063,-0.867447,-0.024649,-0.734945,0.649934,1.155151,0.555037,-2.341829
7.440000,0.770641,-0.724649,-0.854922,-0.001244,-0.723580,0.602386,1.185348,0.581467,-2.412938
7.460000,0.770856,-0.739003,-0.843361,0.022765,-0.711686,0.553417,1.215546,0.607898,-2.484047
7.480000,0.771556,-0.753113,-0.832794,0.047378,-0.699264,0.503024,1.245743,0.634328,-2.555157
7.500000,0.772755,-0.766970,-0.823250,0.072595,-0.686313,0.451210,1.275940,0.660758,-2.626266
7.520000,0.774464,-0.780562,-0.814755,0.098416,-0.672834,0.397974,1.306137,0.687189,-2.697375
7.540000,0.776695,-0.793880,-0.807340,0.124840,-0.658826,0.343315,1.336334,0.713619,-2.768485
7.560000,0.779461,-0.806912,-0.801032,0.151869,-0.644289,0.287234,1.366531,0.740049,-2.839594
7.580000,0.782774,-0.819648,-0.795860,0.179502,-0.629224,0.229731,1.396728,0.766480,-2.910703
7.600000,0.786646,-0.832077,-0.791853,0.207738,-0.613630,0.170806,1.426926,0.792910,-2.981813
7.620000,0.791088,-0.844189,-0.789037,0.236579,-0.597507,0.110459,1.457123,0.819340,-3.052922
7.640000,0.796113,-0.855974,-0.787444,0.266023,-0.580856,0.048689,1.487320,0.845771,-3.124032
7.660000,0.801733,-0.867420,-0.787099,0.296071,-0.563677,-0.014502,1.517517,0.872201,-3.195141
7.680000,0.807960,-0.878517,-0.788033,0.326724,-0.545968,-0.079116,1.547714,0.898631,-3.266250
7.700000,0.814806,-0.889255,-0.790274,0.357980,-0.527731,-0.145152,1.577911,0.925062,-3.337360
7.720000,0.822283,-0.899623,-0.793849,0.389840,-0.508966,-0.212611,1.608109,0.951492,-3.408469
7.740000,0.830403,-0.909610,-0.798787,0.422304,-0.489672,-0.281491,1.638306,0.977922,-3.479578
7.760000,0.839179,-0.919206,-0.805118,0.455372,-0.469849,-0.351794,1.668503,1.004353,-3.550688
7.780000,0.848622,-0.928401,-0.812869,0.489044,-0.449498,-0.423519,1.698700,1.030783,-3.621797
7.800000,0.858745,-0.937183,-0.822068,0.523320,-0.428618,-0.496666,1.728897,1.057213,-3.692906
7.820000,0.869559,-0.945542,-0.832745,0.558200,-0.407209,-0.571235,1.759094,1.083644,-3.764016
7.840000,0.881077,-0.953468,-0.844927,0.593684,-0.385272,-0.647226,1.789291,1.110074,-3.835125
7.860000,0.893310,-0.960949,-0.858643,0.629772,-0.362806,-0.724640,1.819489,1.136504,-3.906235
7.880000,0.906272,-0.967976,-0.873922,0.666464,-0.339812,-0.803476,1.849686,1.162935,-3.977344
7.900000,0.919973,-0.974538,-0.890792,0.703759,-0.316289,-0.883734,1.879883,1.189365,-4.048453
7.920000,0.934426,-0.980624,-0.909281,0.741659,-0.292237,-0.965414,1.910080,1.215796,-4.119563
7.940000,0.949643,-0.986224,-0.929418,0.780163,-0.267657,-1.048516,1.940277,1.242226,-4.190672
7.960000,0.965637,-0.991327,-0.951231,0.819270,-0.242548,-1.133041,1.970474,1.268656,-4.261781
7.980000,0.982418,-0.995923,-0.974749,0.858982,-0.216911,-1.218987,2.000672,1.295087,-4.332891
8.000000,1.000000,-1.000000,-1.000000,0.899297,-0.190745,-1.306356,2.030869,1.321517,-4.404000
8.020000,1.018374,-1.003555,-1.026995,0.937137,-0.164984,-1.392481,1.753147,1.254492,-4.208469
8.040000,1.037448,-1.006608,-1.055673,0.969423,-0.140565,-1.474695,1.475425,1.187468,-4.012938
8.060000,1.057113,-1.009187,-1.085957,0.996154,-0.117486,-1.552998,1.197703,1.120443,-3.817407
8.080000,1.077258,-1.011317,-1.117767,1.017331,-0.095747,-1.627391,0.919982,1.053418,-3.621876
8.100000,1.097770,-1.013025,-1.151026,1.032953,-0.075349,-1.697874,0.642260,0.986394,-3.426345
8.120000,1.118539,-1.014340,-1.185656,1.043021,-0.056291,-1.764445,0.364538,0.919369,-3.230814
8.140000,1.139454,-1.015286,-1.221578,1.047535,-0.038574,-1.827106,0.086817,0.852344,-3.035283
8.160000,1.160403,-1.015891,-1.258714,1.046494,-0.022198,-1.885856,-0.190905,0.785320,-2.839752
8.180000,1.181276,-1.016183,-1.296986,1.039899,-0.007161,-1.940696,-0.468627,0.718295,-2.644221
8.200000,1.201962,-1.016187,-1.336316,1.027749,0.006534,-1.991625,-0.746349,0.651270,-2.448690
8.220000,1.222349,-1.015930,-1.376625,1.010045,0.018889,-2.038644,-1.024070,0.584246,-2.253159
8.240000,1.242327,-1.015440,-1.417836,0.986786,0.029904,-2.081752,-1.301792,0.517221,-2.057628
8.260000,1.261784,-1.014743,-1.459869,0.957973,0.039578,-2.120949,-1.579514,0.450196,-1.862097
8.280000,1.280609,-1.013866,-1.502647,0.923606,0.047912,-2.156235,-1.857236,0.383172,-1.666566
8.300000,1.298691,-1.012836,-1.546092,0.883684,0.054905,-2.187612,-2.134957,0.316147,-1.471035
8.320000,1.315919,-1.011679,-1.590126,0.838207,0.060558,-2.215077,-2.412679,0.249122,-1.275504
8.340000,1.332182,-1.010422,-1.634669,0.787176,0.064870,-2.238632,-2.690401,0.182098,-1.079973
8.360000,1.347369,-1.009093,-1.679645,0.730591,0.067842,-2.258276,-2.968123,0.115073,-0.884442
8.380000,1.361369,-1.007718,-1.724974,0.668452,0.069473,-2.274009,-3.245844,0.048049,-0.688911
8.400000,1.374070,-1.006323,-1.770579,0.600757,0.069764,-2.285832,-3.523566,-0.018976,-0.493380
8.420000,1.385362,-1.004936,-1.816382,0.527509,0.068714,-2.293744,-3.801288,-0.086001,-0.297849
8.440000,1.395133,-1.003583,-1.862303,0.448706,0.066324,-2.297746,-4.079010,-0.153025,-0.102318
8.460000,1.403273,-1.002292,-1.908265,0.364349,0.062593,-2.297837,-4.356731,-0.220050,0.093214
8.480000,1.409670,-1.001089,-1.954190,0.274437,0.057522,-2.294018,-4.634453,-0.287075,0.288745
8.500000,1.414214,-1.000000,-2.000000,0.178970,0.051110,-2.286287,-4.912175,-0.354099,0.484276
8.520000,1.416818,-0.999047,-2.045624,0.081786,0.044207,-2.275809,-4.806265,-0.336140,0.563580
8.540000,1.417499,-0.998229,-2.091022,-0.013280,0.037664,-2.263744,-4.700354,-0.318181,0.642885
8.560000,1.416301,-0.997538,-2.136163,-0.106228,0.031480,-2.250093,-4.594444,-0.300222,0.722190
8.580000,1.413264,-0.996968,-2.181015,-0.197058,0.025655,-2.234857,-4.488534,-0.282263,0.801495
8.600000,1.408432,-0.996510,-2.225546,-0.285770,0.020190,-2.218034,-4.382624,-0.264303,0.880800
8.620000,1.401847,-0.996158,-2.269726,-0.372363,0.015083,-2.199625,-4.276714,-0.246344,0.960105
8.640000,1.393552,-0.995904,-2.313521,-0.456838,0.010336,-2.179629,-4.170804,-0.228385,1.039410
8.660000,1.383588,-0.995742,-2.356900,-0.539195,0.005948,-2.158048,-4.064893,-0.210426,1.118715
8.680000,1.371998,-0.995664,-2.399832,-0.619434,0.001919,-2.134881,-3.958983,-0.192467,1.198020
8.700000,1.358825,-0.995663,-2.442285,-0.697554,-0.001751,-2.110127,-3.853073,-0.174507,1.277324
8.720000,1.344110,-0.995731,-2.484227,-0.773557,-0.005061,-2.083788,-3.747163,-0.156548,1.356629
8.740000,1.327897,-0.995863,-2.525626,-0.847441,-0.008013,-2.055862,-3.641253,-0.138589,1.435934
8.760000,1.310227,-0.996050,-2.566451,-0.919207,-0.010605,-2.026351,-3.535342,-0.120630,1.515239
8.780000,1.291143,-0.996285,-2.606669,-0.988855,-0.012838,-1.995253,-3.429432,-0.102671,1.594544
8.800000,1.270687,-0.996561,-2.646250,-1.056384,-0.014712,-1.962569,-3.323522,-0.084711,1.673849
8.820000,1.248901,-0.996871,-2.685162,-1.121796,-0.016226,-1.928299,-3.217612,-0.066752,1.753154
8.840000,1.225829,-0.997207,-2.723372,-1.185089,-0.017382,-1.892443,-3.111702,-0.048793,1.832459
8.860000,1.201512,-0.997564,-2.760849,-1.246264,-0.018178,-1.855000,-3.005792,-0.030834,1.911764
8.880000,1.175992,-0.997932,-2.797561,-1.305320,-0.018615,-1.815972,-2.899881,-0.012875,1.991069
8.900000,1.149313,-0.998306,-2.833477,-1.362259,-0.018693,-1.775358,-2.793971,0.005085,2.070373
8.920000,1.121516,-0.998677,-2.868565,-1.417079,-0.018412,-1.733157,-2.688061,0.023044,2.149678
8.940000,1.092644,-0.999040,-2.902793,-1.469781,-0.017771,-1.689370,-2.582151,0.041003,2.228983
8.960000,1.062739,-0.999386,-2.936129,-1.520365,-0.016772,-1.643998,-2.476241,0.058962,2.308288
8.980000,1.031844,-0.999708,-2.968542,-1.568831,-0.015413,-1.597039,-2.370331,0.076921,2.387593
9.000000,1.000000,-1.000000,-3.000000,-1.615178,-0.013695,-1.548494,-2.264420,0.094881,2.466898
9.020000,0.967249,-1.000255,-3.030473,-1.659597,-0.011845,-1.498660,-2.177404,0.090068,2.516502
9.040000,0.933628,-1.000474,-3.059940,-1.702275,-0.010092,-1.447834,-2.090388,0.085256,2.566107
9.060000,0.899170,-1.000660,-3.088380,-1.743212,-0.008435,-1.396016,-2.003372,0.080444,2.615711
9.080000,0.863911,-1.000813,-3.115774,-1.782409,-0.006874,-1.343206,-1.916356,0.075632,2.665315
9.100000,0.827885,-1.000935,-3.142102,-1.819866,-0.005410,-1.289403,-1.829340,0.070820,2.714920
9.120000,0.791128,-1.001030,-3.167343,-1.855583,-0.004042,-1.234609,-1.742324,0.066008,2.764524
9.140000,0.753673,-1.001097,-3.191479,-1.889559,-0.002770,-1.178822,-1.655308,0.061196,2.814129
9.160000,0.715557,-1.001141,-3.214490,-1.921795,-0.001594,-1.122044,-1.568292,0.056383,2.863733
9.180000,0.676813,-1.001162,-3.236354,-1.952291,-0.000514,-1.064273,-1.481276,0.051571,2.913337
9.200000,0.637477,-1.001162,-3.257054,-1.981046,0.000469,-1.005510,-1.394260,0.046759,2.962942
9.220000,0.597583,-1.001144,-3.276568,-2.008061,0.001356,-0.945755,-1.307243,0.041947,3.012546
9.240000,0.557166,-1.001109,-3.294877,-2.033336,0.002147,-0.885008,-1.220227,0.037135,3.062150
9.260000,0.516261,-1.001059,-3.311962,-2.056871,0.002842,-0.823269,-1.133211,0.032323,3.111755
9.280000,0.474903,-1.000996,-3.327802,-2.078665,0.003440,-0.760538,-1.046195,0.027510,3.161359
9.300000,0.433126,-1.000922,-3.342377,-2.098718,0.003942,-0.696815,-0.959179,0.022698,3.210964
9.320000,0.390966,-1.000838,-3.355668,-2.117032,0.004348,-0.632100,-0.872163,0.017886,3.260568
9.340000,0.348457,-1.000748,-3.367654,-2.133605,0.004657,-0.566392,-0.785147,0.013074,3.310172
9.360000,0.305633,-1.000653,-3.378317,-2.148438,0.004871,-0.499693,-0.698131,0.008262,3.359777
9.380000,0.262531,-1.000554,-3.387635,-2.161530,0.004988,-0.432001,-0.611115,0.003450,3.409381
9.400000,0.219184,-1.000454,-3.395590,-2.172882,0.005009,-0.363317,-0.524099,-0.001362,3.458986
9.420000,0.175627,-1.000354,-3.402161,-2.182494,0.004933,-0.293642,-0.437083,-0.006175,3.508590
9.440000,0.131895,-1.000257,-3.407329,-2.190366,0.004762,-0.222974,-0.350067,-0.010987,3.558194
9.460000,0.088024,-1.000165,-3.411074,-2.196497,0.004494,-0.151314,-0.263050,-0.015799,3.607799
9.480000,0.044047,-1.000078,-3.413375,-2.200888,0.004130,-0.078662,-0.176034,-0.020611,3.657403
9.500000,0.000000,-1.000000,-3.414214,-2.203538,0.003670,-0.005018,-0.089018,-0.025423,3.707007
9.520000,-0.044081,-0.999932,-3.413576,-2.204235,0.003174,0.068675,0.019362,-0.024134,3.662220
9.540000,-0.088155,-0.999873,-3.411473,-2.202764,0.002704,0.141471,0.127743,-0.022844,3.617433
9.560000,-0.132177,-0.999823,-3.407923,-2.199125,0.002260,0.213372,0.236123,-0.021555,3.572645
9.580000,-0.176105,-0.999782,-3.402944,-2.193319,0.001842,0.284377,0.344504,-0.020266,3.527858
9.600000,-0.219896,-0.999749,-3.396554,-2.185345,0.001450,0.354486,0.452884,-0.018976,3.483071
9.620000,-0.263505,-0.999724,-3.388770,-2.175203,0.001083,0.423700,0.561265,-0.017687,3.438283
9.640000,-0.306889,-0.999706,-3.379612,-2.162894,0.000742,0.492018,0.669645,-0.016397,3.393496
9.660000,-0.350006,-0.999694,-3.369095,-2.148418,0.000427,0.559440,0.778026,-0.015108,3.348709
9.680000,-0.392812,-0.999689,-3.357240,-2.131773,0.000138,0.625966,0.886406,-0.013818,3.303921
9.700000,-0.435263,-0.999689,-3.344063,-2.112961,-0.000126,0.691596,0.994786,-0.012529,3.259134
9.720000,-0.477316,-0.999694,-3.329582,-2.091982,-0.000363,0.756331,1.103167,-0.011240,3.214346
9.740000,-0.518927,-0.999703,-3.313816,-2.068835,-0.000575,0.820170,1.211547,-0.009950,3.169559
9.760000,-0.560055,-0.999716,-3.296781,-2.043520,-0.000761,0.883114,1.319928,-0.008661,3.124772
9.780000,-0.600654,-0.999733,-3.278497,-2.016037,-0.000922,0.945161,1.428308,-0.007371,3.079984
9.800000,-0.640682,-0.999753,-3.258981,-1.986388,-0.001056,1.006313,1.536689,-0.006082,3.035197
9.820000,-0.680095,-0.999775,-3.238250,-1.954570,-0.001165,1.066569,1.645069,-0.004793,2.990410
9.840000,-0.718850,-0.999799,-3.216324,-1.920585,-0.001248,1.125929,1.753450,-0.003503,2.945622
9.860000,-0.756904,-0.999825,-3.193219,-1.884432,-0.001305,1.184394,1.861830,-0.002214,2.900835
9.880000,-0.794213,-0.999852,-3.168954,-1.846112,-0.001337,1.241963,1.970211,-0.000924,2.856048
9.900000,-0.830734,-0.999878,-3.143547,-1.805623,-0.001342,1.298636,2.078591,0.000365,2.811260
9.920000,-0.866423,-0.999905,-3.117015,-1.762968,-0.001322,1.354413,2.186972,0.001654,2.766473
9.940000,-0.901238,-0.999931,-3.089376,-1.718145,-0.001276,1.409295,2.295352,0.002944,2.721685
9.960000,-0.935135,-0.999956,-3.060649,-1.671154,-0.001204,1.463281,2.403733,0.004233,2.676898
9.980000,-0.968070,-0.999979,-3.030851,-1.621995,-0.001107,1.516371,2.512113,0.005523,2.632111
10.000000,-1.000000,-1.000000,-3.000000,-1.570669,-0.000983,1.568565,2.620494,0.006812,2.587323
10.020000,-1.030886,-1.000018,-2.968118,-1.517841,-0.000850,1.619278,2.662311,0.006467,2.483933
10.040000,-1.060708,-1.000034,-2.935243,-1.464177,-0.000725,1.667922,2.704128,0.006121,2.380543
10.060000,-1.089448,-1.000047,-2.901415,-1.409676,-0.000606,1.714499,2.745945,0.005776,2.277153
10.080000,-1.117090,-1.000058,-2.866676,-1.354339,-0.000494,1.759008,2.787762,0.005430,2.173763
10.100000,-1.143616,-1.000067,-2.831068,-1.298166,-0.000388,1.801450,2.829579,0.005085,2.070373
10.120000,-1.169011,-1.000074,-2.794632,-1.241156,-0.000290,1.841823,2.871396,0.004739,1.966983
10.140000,-1.193257,-1.000079,-2.757409,-1.183310,-0.000199,1.880129,2.913213,0.004394,1.863593
10.160000,-1.216337,-1.000082,-2.719441,-1.124627,-0.000114,1.916367,2.955030,0.004048,1.760203
10.180000,-1.238236,-1.000083,-2.680768,-1.065109,-0.000037,1.950537,2.996846,0.003703,1.656813
10.200000,-1.258936,-1.000083,-2.641433,-1.004754,0.000034,1.982640,3.038663,0.003357,1.553423
10.220000,-1.278421,-1.000082,-2.601477,-0.943562,0.000097,2.012674,3.080480,0.003012,1.450033
10.240000,-1.296673,-1.000080,-2.560940,-0.881534,0.000154,2.040641,3.122297,0.002666,1.346643
10.260000,-1.313677,-1.000076,-2.519865,-0.818670,0.000204,2.066540,3.164114,0.002321,1.243254
10.280000,-1.329414,-1.000071,-2.478292,-0.754970,0.000247,2.090371,3.205931,0.001975,1.139864
10.300000,-1.343870,-1.000066,-2.436264,-0.690433,0.000283,2.112135,3.247748,0.001630,1.036474
10.320000,-1.357026,-1.000060,-2.393821,-0.625060,0.000312,2.131830,3.289565,0.001284,0.933084
10.340000,-1.368867,-1.000054,-2.351004,-0.558850,0.000334,2.149458,3.331382,0.000939,0.829694
10.360000,-1.379374,-1.000047,-2.307856,-0.491805,0.000350,2.165018,3.373199,0.000593,0.726304
10.380000,-1.388533,-1.000040,-2.264417,-0.423922,0.000358,2.178510,3.415016,0.000248,0.622914
10.400000,-1.396326,-1.000033,-2.220729,-0.355204,0.000360,2.189934,3.456833,-0.000098,0.519524
10.420000,-1.402736,-1.000025,-2.176834,-0.285649,0.000354,2.199291,3.498650,-0.000443,0.416134
10.440000,-1.407746,-1.000018,-2.132772,-0.215258,0.000342,2.206580,3.540467,-0.000789,0.312744
10.460000,-1.411340,-1.000012,-2.088584,-0.144030,0.000323,2.211801,3.582284,-0.001134,0.209354
10.480000,-1.413502,-1.000006,-2.044313,-0.071966,0.000297,2.214954,3.624101,-0.001480,0.105964
10.500000,-1.414214,-1.000000,-2.000000,0.000934,0.000263,2.216039,3.665918,-0.001825,0.002574
10.520000,-1.413465,-0.999995,-1.955686,0.073825,0.000228,2.215051,3.623205,-0.001733,-0.101434
10.540000,-1.411266,-0.999991,-1.911412,0.145862,0.000194,2.211982,3.580491,-0.001640,-0.205442
10.560000,-1.407636,-0.999987,-1.867220,0.217045,0.000162,2.206833,3.537778,-0.001548,-0.309449
10.580000,-1.402590,-0.999984,-1.823152,0.287373,0.000132,2.199604,3.495065,-0.001455,-0.413457
10.600000,-1.396147,-0.999982,-1.779250,0.356847,0.000104,2.190295,3.452351,-0.001362,-0.517465
10.620000,-1.388322,-0.999980,-1.735554,0.425467,0.000078,2.178905,3.409638,-0.001270,-0.621472
10.640000,-1.379134,-0.999979,-1.692108,0.493233,0.000053,2.165436,3.366925,-0.001177,-0.725480
10.660000,-1.368598,-0.999978,-1.648951,0.560144,0.000031,2.149886,3.324211,-0.001085,-0.829488
10.680000,-1.356733,-0.999978,-1.606126,0.626201,0.000010,2.132256,3.281498,-0.000992,-0.933495
10.700000,-1.343556,-0.999978,-1.563675,0.691404,-0.000009,2.112546,3.238785,-0.000900,-1.037503
10.720000,-1.329083,-0.999978,-1.521638,0.755753,-0.000026,2.090756,3.196071,-0.000807,-1.141511
10.740000,-1.313332,-0.999979,-1.480058,0.819247,-0.000041,2.066886,3.153358,-0.000714,-1.245518
10.760000,-1.296319,-0.999980,-1.438976,0.881887,-0.000055,2.040935,3.110645,-0.000622,-1.349526
10.780000,-1.278062,-0.999981,-1.398435,0.943673,-0.000066,2.012905,3.067931,-0.000529,-1.453534
10.800000,-1.258578,-0.999982,-1.358474,1.004604,-0.000076,1.982794,3.025218,-0.000437,-1.557541
10.820000,-1.237883,-0.999984,-1.319137,1.064681,-0.000084,1.950603,2.982505,-0.000344,-1.661549
10.840000,-1.215996,-0.999986,-1.280464,1.123904,-0.000090,1.916332,2.939791,-0.000252,-1.765557
10.860000,-1.192933,-0.999987,-1.242497,1.182273,-0.000094,1.879981,2.897078,-0.000159,-1.869564
10.880000,-1.168711,-0.999989,-1.205279,1.239787,-0.000096,1.841550,2.854365,-0.000066,-1.973572
10.900000,-1.143347,-0.999991,-1.168849,1.296448,-0.000096,1.801038,2.811651,0.000026,-2.077580
10.920000,-1.116859,-0.999993,-1.133251,1.352254,-0.000095,1.758446,2.768938,0.000119,-2.181587
10.940000,-1.089263,-0.999995,-1.098525,1.407205,-0.000092,1.713775,2.726225,0.000211,-2.285595
10.960000,-1.060576,-0.999997,-1.064714,1.461302,-0.000086,1.667023,2.683511,0.000304,-2.389603
10.980000,-1.030816,-0.999998,-1.031858,1.514546,-0.000079,1.618190,2.640798,0.000397,-2.493610
11.000000,-1.000000,-1.000000,-1.000000,1.566934,-0.000071,1.567278,2.598085,0.000489,-2.597618
11.020000,-0.968149,-1.000001,-0.969177,1.617857,-0.000061,1.514896,2.494186,0.000464,-2.640552
11.040000,-0.935300,-1.000002,-0.939410,1.666702,-0.000052,1.461656,2.390287,0.000439,-2.683487
11.060000,-0.901494,-1.000003,-0.910716,1.713469,-0.000043,1.407557,2.286389,0.000415,-2.726421
11.080000,-0.866775,-1.000004,-0.883113,1.758157,-0.000035,1.352599,2.182490,0.000390,-2.769355
11.100000,-0.831182,-1.000005,-0.856618,1.800768,-0.000028,1.296783,2.078591,0.000365,-2.812290
11.120000,-0.794758,-1.000005,-0.831248,1.841301,-0.000021,1.240108,1.974693,0.000340,-2.855224
11.140000,-0.757544,-1.000006,-0.807019,1.879756,-0.000014,1.182574,1.870794,0.000315,-2.898158
11.160000,-0.719581,-1.000006,-0.783950,1.916133,-0.000008,1.124181,1.766895,0.000291,-2.941093
11.180000,-0.680912,-1.000006,-0.762058,1.950432,-0.000003,1.064930,1.662997,0.000266,-2.984027
11.200000,-0.641578,-1.000006,-0.741359,1.982653,0.000002,1.004820,1.559098,0.000241,-3.026961
11.220000,-0.601620,-1.000006,-0.721871,2.012796,0.000007,0.943852,1.455199,0.000216,-3.069896
11.240000,-0.561080,-1.000006,-0.703611,2.040861,0.000011,0.882024,1.351301,0.000191,-3.112830
11.260000,-0.519999,-1.000005,-0.686596,2.066848,0.000015,0.819338,1.247402,0.000167,-3.155764
11.280000,-0.478420,-1.000005,-0.670843,2.090757,0.000018,0.755794,1.143503,0.000142,-3.198699
11.300000,-0.436383,-1.000005,-0.656370,2.112588,0.000020,0.691391,1.039605,0.000117,-3.241633
11.320000,-0.393930,-1.000004,-0.643193,2.132341,0.000022,0.626129,0.935706,0.000092,-3.284567
11.340000,-0.351103,-1.000004,-0.631330,2.150016,0.000024,0.560008,0.831807,0.000067,-3.327502
11.360000,-0.307944,-1.000003,-0.620798,2.165613,0.000025,0.493028,0.727909,0.000043,-3.370436
11.380000,-0.264493,-1.000003,-0.611615,2.179132,0.000026,0.425190,0.624010,0.000018,-3.413370
11.400000,-0.220792,-1.000002,-0.603796,2.190574,0.000026,0.356494,0.520111,-0.000007,-3.456305
11.420000,-0.176884,-1.000002,-0.597361,2.199937,0.000025,0.286938,0.416213,-0.000032,-3.499239
11.440000,-0.132808,-1.000001,-0.592325,2.207222,0.000025,0.216524,0.312314,-0.000057,-3.542173
11.460000,-0.088608,-1.000001,-0.588706,2.212429,0.000023,0.145251,0.208415,-0.000081,-3.585108
11.480000,-0.044325,-1.000000,-0.586520,2.215559,0.000021,0.073120,0.104517,-0.000106,-3.628042
11.500000,0.000000,-1.000000,-0.585786,2.216610,0.000019,0.000130,0.000618,-0.000131,-3.670977
11.520000,0.044325,-1.000000,-0.586515,2.215582,0.000016,-0.072862,-0.103429,-0.000124,-3.628167
11.540000,0.088609,-0.999999,-0.588695,2.212473,0.000014,-0.144997,-0.207476,-0.000118,-3.585357
11.560000,0.132810,-0.999999,-0.592309,2.207283,0.000012,-0.216276,-0.311523,-0.000111,-3.542547
11.580000,0.176887,-0.999999,-0.597341,2.200012,0.000009,-0.286699,-0.415570,-0.000104,-3.499737
11.600000,0.220797,-0.999999,-0.603772,2.190660,0.000007,-0.356266,-0.519617,-0.000098,-3.456927
11.620000,0.264499,-0.999999,-0.611585,2.179227,0.000006,-0.424976,-0.623664,-0.000091,-3.414117
11.640000,0.307952,-0.999998,-0.620765,2.165714,0.000004,-0.492830,-0.727711,-0.000085,-3.371307
11.660000,0.351114,-0.999998,-0.631293,2.150119,0.000002,-0.559828,-0.831758,-0.000078,-3.328497
11.680000,0.393943,-0.999998,-0.643152,2.132443,0.000001,-0.625970,-0.935805,-0.000071,-3.285687
11.700000,0.436398,-0.999998,-0.656326,2.112687,-0.000001,-0.691256,-1.039852,-0.000065,-3.242877
11.720000,0.478437,-0.999998,-0.670797,2.090849,-0.000002,-0.755685,-1.143899,-0.000058,-3.200067
11.740000,0.520018,-0.999998,-0.686548,2.066931,-0.000003,-0.819258,-1.247946,-0.000051,-3.157257
11.760000,0.561100,-0.999999,-0.703562,2.040931,-0.000004,-0.881975,-1.351993,-0.000045,-3.114447
11.780000,0.601641,-0.999999,-0.721821,2.012851,-0.000005,-0.943836,-1.456040,-0.000038,-3.071637
11.800000,0.641600,-0.999999,-0.741309,1.982690,-0.000005,-1.004841,-1.560086,-0.000031,-3.028827
11.820000,0.680935,-0.999999,-0.762009,1.950448,-0.000006,-1.064989,-1.664133,-0.000025,-2.986017
11.840000,0.719604,-0.999999,-0.783903,1.916124,-0.000006,-1.124282,-1.768180,-0.000018,-2.943207
11.860000,0.757566,-0.999999,-0.806975,1.879720,-0.000007,-1.182718,-1.872227,-0.000011,-2.900397
11.880000,0.794779,-0.999999,-0.831206,1.841235,-0.000007,-1.240298,-1.976274,-0.000005,-2.857587
11.900000,0.831202,-0.999999,-0.856581,1.800669,-0.000007,-1.297021,-2.080321,0.000002,-2.814777
11.920000,0.866792,-1.000000,-0.883081,1.758022,-0.000007,-1.352889,-2.184368,0.000009,-2.771967
11.940000,0.901509,-1.000000,-0.910691,1.713295,-0.000007,-1.407900,-2.288415,0.000015,-2.729157
11.960000,0.935310,-1.000000,-0.939392,1.666486,-0.000006,-1.462055,-2.392462,0.000022,-2.686347
11.980000,0.968154,-1.000000,-0.969167,1.617596,-0.000006,-1.515354,-2.496509,0.000028,-2.643537
12.000000,1.000000,-1.000000,-1.000000,1.566625,-0.000005,-1.567796,-2.600556,0.000035,-2.600727
12.020000,1.030810,-1.000000,-1.031869,1.514192,-0.000004,-1.618765,-2.642825,0.000033,-2.496098
12.040000,1.060562,-1.000000,-1.064737,1.460912,-0.000004,-1.667640,-2.685093,0.000032,-2.391468
12.060000,1.089240,-1.000000,-1.098561,1.406788,-0.000003,-1.714423,-2.727362,0.000030,-2.286839
12.080000,1.116828,-1.000000,-1.133300,1.351818,-0.000003,-1.759114,-2.769630,0.000028,-2.182209
12.100000,1.143308,-1.000000,-1.168911,1.296003,-0.000002,-1.801712,-2.811898,0.000026,-2.077580
12.120000,1.168662,-1.000000,-1.205354,1.239342,-0.000001,-1.842217,-2.854167,0.000024,-1.972950
12.140000,1.192876,-1.000000,-1.242586,1.181836,-0.000001,-1.880630,-2.896435,0.000023,-1.868321
12.160000,1.215930,-1.000000,-1.280565,1.123485,-0.000001,-1.916950,-2.938704,0.000021,-1.763691
12.180000,1.237809,-1.000000,-1.319250,1.064288,-0.000000,-1.951177,-2.980972,0.000019,-1.659062
12.200000,1.258496,-1.000000,-1.358599,1.004246,0.000000,-1.983312,-3.023241,0.000017,-1.554432
12.220000,1.277974,-1.000000,-1.398569,0.943358,0.000001,-2.013355,-3.065509,0.000016,-1.449803
12.240000,1.296225,-1.000000,-1.439119,0.881625,0.000001,-2.041304,-3.107778,0.000014,-1.345173
12.260000,1.313233,-1.000000,-1.480207,0.819047,0.000001,-2.067162,-3.150046,0.000012,-1.240544
12.280000,1.328981,-1.000000,-1.521791,0.755624,0.000001,-2.090926,-3.192315,0.000010,-1.135914
12.300000,1.343452,-1.000000,-1.563830,0.691355,0.000001,-2.112598,-3.234583,0.000008,-1.031285
12.320000,1.356630,-1.000000,-1.606281,0.626240,0.000002,-2.132178,-3.276852,0.000007,-0.926655
12.340000,1.368496,-1.000000,-1.649103,0.560281,0.000002,-2.149664,-3.319120,0.000005,-0.822026
12.360000,1.379035,-1.000000,-1.692254,0.493475,0.000002,-2.165059,-3.361389,0.000003,-0.717396
12.380000,1.388230,-1.000000,-1.735692,0.425825,0.000002,-2.178360,-3.403657,0.000001,-0.612767
12.400000,1.396063,-1.000000,-1.779374,0.357329,0.000002,-2.189569,-3.445926,-0.000001,-0.508137
12.420000,1.402517,-1.000000,-1.823260,0.287988,0.000002,-2.198686,-3.488194,-0.000002,-0.403508
12.440000,1.407576,-1.000000,-1.867308,0.217801,0.000002,-2.205710,-3.530463,-0.000004,-0.298878
12.460000,1.411224,-1.000000,-1.911475,0.146769,0.000002,-2.210641,-3.572731,-0.000006,-0.194249
12.480000,1.413442,-1.000000,-1.955719,0.074892,0.000002,-2.213479,-3.615000,-0.000008,-0.089619
12.500000,1.414214,-1.000000,-2.000000,0.002169,0.000001,-2.214226,-3.657268,-0.000009,0.015010
12.520000,1.413528,-1.000000,-2.044275,-0.070574,0.000001,-2.212915,-3.617082,-0.000009,0.116037
12.540000,1.411396,-1.000000,-2.088503,-0.142514,0.000001,-2.209584,-3.576896,-0.000008,0.217064
12.560000,1.407833,-1.000000,-2.132645,-0.213650,0.000001,-2.204233,-3.536711,-0.000008,0.318091
12.580000,1.402855,-1.000000,-2.176659,-0.283982,0.000001,-2.196860,-3.496525,-0.000008,0.419118
12.600000,1.396479,-1.000000,-2.220506,-0.353511,0.000001,-2.187468,-3.456339,-0.000007,0.520145
12.620000,1.388720,-1.000000,-2.264144,-0.422236,0.000000,-2.176055,-3.416153,-0.000007,0.621172
12.640000,1.379595,-1.000000,-2.307534,-0.490157,0.000000,-2.162621,-3.375967,-0.000006,0.722199
12.660000,1.369119,-1.000000,-2.350636,-0.557275,0.000000,-2.147167,-3.335782,-0.000006,0.823227
12.680000,1.357309,-1.000000,-2.393408,-0.623588,0.000000,-2.129692,-3.295596,-0.000005,0.924254
12.700000,1.344181,-1.000000,-2.435810,-0.689098,-0.000000,-2.110196,-3.255410,-0.000005,1.025281
12.720000,1.329751,-1.000000,-2.477802,-0.753805,-0.000000,-2.088681,-3.215224,-0.000004,1.126308
12.740000,1.314034,-1.000000,-2.519344,-0.817707,-0.000000,-2.065144,-3.175038,-0.000004,1.227335
12.760000,1.297048,-1.000000,-2.560394,-0.880806,-0.000000,-2.039587,-3.134852,-0.000003,1.328362
12.780000,1.278807,-1.000000,-2.600914,-0.943101,-0.000000,-2.012010,-3.094667,-0.000003,1.429389
12.800000,1.259329,-1.000000,-2.640861,-1.004593,-0.000000,-1.982412,-3.054481,-0.000002,1.530416
12.820000,1.238629,-1.000000,-2.680197,-1.065281,-0.000000,-1.950793,-3.014295,-0.000002,1.631443
12.840000,1.216723,-1.000000,-2.718879,-1.125165,-0.000000,-1.917154,-2.974109,-0.000001,1.732470
12.860000,1.193628,-1.000000,-2.756869,-1.184245,-0.000000,-1.881494,-2.933923,-0.000001,1.833497
12.880000,1.169359,-1.000000,-2.794126,-1.242522,-0.000000,-1.843814,-2.893737,-0.000000,1.934524
12.900000,1.143932,-1.000000,-2.830608,-1.299995,-0.000000,-1.804113,-2.853552,0.000000,2.035551
12.920000,1.117364,-1.000000,-2.866277,-1.356664,-0.000000,-1.762392,-2.813366,0.000001,2.136578
12.940000,1.089671,-1.000000,-2.901091,-1.412529,-0.000000,-1.718650,-2.773180,0.000001,2.237605
12.960000,1.060869,-1.000000,-2.935009,-1.467591,-0.000000,-1.672888,-2.732994,0.000002,2.338632
12.980000,1.030973,-1.000000,-2.967993,-1.521849,-0.000000,-1.625105,-2.692808,0.000002,2.439659
13.000000,1.000000,-1.000000,-3.000000,-1.575303,-0.000000,-1.575301,-2.652622,0.000003,2.540686
13.020000,0.967971,-1.000000,-3.030994,-1.627211,-0.000000,-1.523952,-2.538162,0.000002,2.594304
13.040000,0.934927,-1.000000,-3.060951,-1.676830,-0.000000,-1.471529,-2.423702,0.000002,2.647921
13.060000,0.900913,-1.000000,-3.089848,-1.724159,-0.000000,-1.418035,-2.309242,0.000002,2.701538
13.080000,0.865976,-1.000000,-3.117665,-1.769199,-0.000000,-1.363468,-2.194782,0.000002,2.755156
13.100000,0.830160,-1.000000,-3.144380,-1.811950,-0.000000,-1.307828,-2.080321,0.000002,2.808773
13.120000,0.793513,-1.000000,-3.169971,-1.852412,-0.000000,-1.251117,-1.965861,0.000002,2.862390
13.140000,0.756079,-1.000000,-3.194417,-1.890585,-0.000000,-1.193333,-1.851401,0.000002,2.916007
13.160000,0.717905,-1.000000,-3.217697,-1.926468,-0.000000,-1.134477,-1.736941,0.000001,2.969625
13.180000,0.679036,-1.000000,-3.239789,-1.960062,-0.000000,-1.074548,-1.622480,0.000001,3.023242
13.200000,0.639518,-1.000000,-3.260672,-1.991367,0.000000,-1.013547,-1.508020,0.000001,3.076859
13.220000,0.599396,-1.000000,-3.280324,-2.020383,0.000000,-0.951474,-1.393560,0.000001,3.130477
13.240000,0.558718,-1.000000,-3.298724,-2.047110,0.000000,-0.888328,-1.279100,0.000001,3.184094
13.260000,0.517527,-1.000000,-3.315850,-2.071547,0.000000,-0.824110,-1.164639,0.000001,3.237711
13.280000,0.475871,-1.000000,-3.331681,-2.093695,0.000000,-0.758819,-1.050179,0.000001,3.291329
13.300000,0.433795,-1.000000,-3.346196,-2.113554,0.000000,-0.692457,-0.935719,0.000001,3.344946
13.320000,0.391344,-1.000000,-3.359372,-2.131124,0.000000,-0.625021,-0.821259,0.000000,3.398563
13.340000,0.348565,-1.000000,-3.371189,-2.146405,0.000000,-0.556514,-0.706798,0.000000,3.452181
13.360000,0.305503,-1.000000,-3.381626,-2.159396,0.000000,-0.486934,-0.592338,0.000000,3.505798
13.380000,0.262204,-1.000000,-3.390660,-2.170098,0.000000,-0.416282,-0.477878,0.000000,3.559415
13.400000,0.218714,-1.000000,-3.398270,-2.178511,0.000000,-0.344558,-0.363418,-0.000000,3.613033
13.420000,0.175079,-1.000000,-3.404435,-2.184635,0.000000,-0.271761,-0.248958,-0.000000,3.666650
13.440000,0.131344,-1.000000,-3.409133,-2.188470,0.000000,-0.197892,-0.134497,-0.000000,3.720267
13.460000,0.087556,-1.000000,-3.412343,-2.190015,0.000000,-0.122950,-0.020037,-0.000000,3.773885
13.480000,0.043759,-1.000000,-3.414044,-2.189271,0.000000,-0.046936,0.094423,-0.000001,3.827502
13.500000,-0.000000,-1.000000,-3.414214,-2.186238,0.000000,0.030150,0.208883,-0.000001,3.881119
13.520000,-0.043679,-1.000000,-3.412840,-2.181417,0.000000,0.106947,0.273212,-0.000001,3.798558
13.540000,-0.087248,-1.000000,-3.409947,-2.175310,0.000000,0.182092,0.337540,-0.000001,3.715997
13.560000,-0.130682,-1.000000,-3.405567,-2.167915,0.000000,0.255587,0.401868,-0.000001,3.633435
13.580000,-0.173956,-1.000000,-3.399734,-2.159235,0.000000,0.327430,0.466196,-0.000001,3.550874
13.600000,-0.217043,-1.000000,-3.392481,-2.149268,0.000000,0.397622,0.530524,-0.000001,3.468313
13.620000,-0.259918,-1.000000,-3.383840,-2.138014,0.000000,0.466162,0.594853,-0.000000,3.385752
13.640000,-0.302555,-1.000000,-3.373846,-2.125473,0.000000,0.533052,0.659181,-0.000000,3.303190
13.660000,-0.344929,-1.000000,-3.362529,-2.111647,0.000000,0.598290,0.723509,-0.000000,3.220629
13.680000,-0.387013,-1.000000,-3.349925,-2.096533,0.000000,0.661877,0.787837,-0.000000,3.138068
13.700000,-0.428781,-1.000000,-3.336065,-2.080133,-0.000000,0.723813,0.852166,-0.000000,3.055507
13.720000,-0.470209,-1.000000,-3.320983,-2.062446,-0.000000,0.784097,0.916494,-0.000000,2.972945
13.740000,-0.511271,-1.000000,-3.304712,-2.043473,-0.000000,0.842730,0.980822,-0.000000,2.890384
13.760000,-0.551940,-1.000000,-3.287285,-2.023214,-0.000000,0.899712,1.045150,-0.000000,2.807823
13.780000,-0.592191,-1.000000,-3.268735,-2.001667,-0.000000,0.955043,1.109478,-0.000000,2.725262
13.800000,-0.631998,-1.000000,-3.249095,-1.978834,-0.000000,1.008723,1.173807,-0.000000,2.642700
13.820000,-0.671335,-1.000000,-3.228397,-1.954715,-0.000000,1.060751,1.238135,-0.000000,2.560139
13.840000,-0.710178,-1.000000,-3.206675,-1.929309,-0.000000,1.111128,1.302463,-0.000000,2.477578
13.860000,-0.748499,-1.000000,-3.183963,-1.902617,-0.000000,1.159854,1.366791,-0.000000,2.395017
13.880000,-0.786274,-1.000000,-3.160292,-1.874637,-0.000000,1.206929,1.431120,-0.000000,2.312455
13.900000,-0.823476,-1.000000,-3.135697,-1.845372,-0.000000,1.252353,1.495448,0.000000,2.229894
13.920000,-0.860080,-1.000000,-3.110209,-1.814820,-0.000000,1.296125,1.559776,0.000000,2.147333
13.940000,-0.896060,-1.000000,-3.083863,-1.782981,-0.000000,1.338246,1.624104,0.000000,2.064772
13.960000,-0.931391,-1.000000,-3.056690,-1.749855,-0.000000,1.378716,1.688432,0.000000,1.982210
13.980000,-0.966046,-1.000000,-3.028725,-1.715443,-0.000000,1.417534,1.752761,0.000000,1.899649
14.000000,-1.000000,-1.000000,-3.000000,-1.679745,-0.000000,1.454702,1.817089,0.000000,1.817088
14.020000,-1.033219,-1.000000,-2.970540,-1.641497,-0.000000,1.491480,2.007671,0.000000,1.860781
14.040000,-1.065634,-1.000000,-2.940335,-1.599438,-0.000000,1.529133,2.198253,0.000000,1.904473
14.060000,-1.097171,-1.000000,-2.909368,-1.553567,-0.000000,1.567659,2.388834,0.000000,1.948166
14.080000,-1.127752,-1.000000,-2.877623,-1.503885,-0.000000,1.607060,2.579416,0.000000,1.991858
14.100000,-1.157301,-1.000000,-2.845080,-1.450391,-0.000000,1.647334,2.769998,0.000000,2.035551
14.120000,-1.185742,-1.000000,-2.811724,-1.393085,-0.000000,1.688482,2.960580,0.000000,2.079244
14.140000,-1.212999,-1.000000,-2.777535,-1.331967,-0.000000,1.730503,3.151162,0.000000,2.122936
14.160000,-1.238995,-1.000000,-2.742498,-1.267038,-0.000000,1.773399,3.341744,0.000000,2.166629
14.180000,-1.263655,-1.000000,-2.706593,-1.198298,-0.000000,1.817169,3.532326,0.000000,2.210322
14.200000,-1.286902,-1.000000,-2.669805,-1.125745,0.000000,1.861812,3.722908,0.000000,2.254014
14.220000,-1.308659,-1.000000,-2.632115,-1.049381,0.000000,1.907329,3.913489,0.000000,2.297707
14.240000,-1.328852,-1.000000,-2.593506,-0.969206,0.000000,1.953720,4.104071,0.000000,2.341399
14.260000,-1.347402,-1.000000,-2.553960,-0.885218,0.000000,2.000985,4.294653,0.000000,2.385092
14.280000,-1.364235,-1.000000,-2.513461,-0.797420,0.000000,2.049124,4.485235,0.000000,2.428785
14.300000,-1.379274,-1.000000,-2.471990,-0.705809,0.000000,2.098137,4.675817,0.000000,2.472477
14.320000,-1.392442,-1.000000,-2.429530,-0.610387,0.000000,2.148023,4.866399,0.000000,2.516170
14.340000,-1.403664,-1.000000,-2.386063,-0.511153,0.000000,2.198783,5.056981,0.000000,2.559862
14.360000,-1.412863,-1.000000,-2.341572,-0.408108,0.000000,2.250417,5.247563,0.000000,2.603555
14.380000,-1.419963,-1.000000,-2.296040,-0.301251,0.000000,2.302926,5.438144,0.000000,2.647248
14.400000,-1.424887,-1.000000,-2.249450,-0.190582,0.000000,2.356307,5.628726,-0.000000,2.690940
14.420000,-1.427560,-1.000000,-2.201782,-0.076102,0.000000,2.410563,5.819308,-0.000000,2.734633
14.440000,-1.427906,-1.000000,-2.153021,0.042190,0.000000,2.465693,6.009890,-0.000000,2.778326
14.460000,-1.425847,-1.000000,-2.103149,0.164294,0.000000,2.521696,6.200472,-0.000000,2.822018
14.480000,-1.421309,-1.000000,-2.052148,0.290209,0.000000,2.578573,6.391054,-0.000000,2.865711
14.500000,-1.414214,-1.000000,-2.000000,0.419936,0.000000,2.636325,6.581636,-0.000000,2.909403
14.520000,-1.404538,-1.000000,-1.946735,0.545632,0.000000,2.687967,5.987915,-0.000000,2.254839
14.540000,-1.392467,-1.000000,-1.892569,0.659453,0.000000,2.726518,5.394194,-0.000000,1.600275
14.560000,-1.378239,-1.000000,-1.837762,0.761400,0.000000,2.751978,4.800474,-0.000000,0.945711
14.580000,-1.362091,-1.000000,-1.782577,0.851472,0.000000,2.764347,4.206753,-0.000000,0.291147
14.600000,-1.344259,-1.000000,-1.727275,0.929670,0.000000,2.763624,3.613032,-0.000000,-0.363418
14.620000,-1.324983,-1.000000,-1.672119,0.995993,0.000000,2.749810,3.019312,-0.000000,-1.017982
14.640000,-1.304499,-1.000000,-1.617370,1.050442,0.000000,2.722905,2.425591,-0.000000,-1.672546
14.660000,-1.283044,-1.000000,-1.563290,1.093017,0.000000,2.682908,1.831870,-0.000000,-2.327110
14.680000,-1.260857,-1.000000,-1.510141,1.123717,-0.000000,2.629820,1.238150,-0.000000,-2.981674
14.700000,-1.238175,-1.000000,-1.458185,1.142543,-0.000000,2.563641,0.644429,-0.000000,-3.636239
14.720000,-1.215235,-1.000000,-1.407683,1.149494,-0.000000,2.484371,0.050709,-0.000000,-4.290803
14.740000,-1.192274,-1.000000,-1.358897,1.144571,-0.000000,2.392009,-0.543012,-0.000000,-4.945367
14.760000,-1.169531,-1.000000,-1.312090,1.127774,-0.000000,2.286556,-1.136733,-0.000000,-5.599931
14.780000,-1.147243,-1.000000,-1.267522,1.099102,-0.000000,2.168012,-1.730453,-0.000000,-6.254495
14.800000,-1.125646,-1.000000,-1.225456,1.058555,-0.000000,2.036376,-2.324174,-0.000000,-6.909060
14.820000,-1.104980,-1.000000,-1.186154,1.006135,-0.000000,1.891649,-2.917895,-0.000000,-7.563624
14.840000,-1.085480,-1.000000,-1.149878,0.941840,-0.000000,1.733831,-3.511615,0.000000,-8.218188
14.860000,-1.067385,-1.000000,-1.116888,0.865670,-0.000000,1.562922,-4.105336,0.000000,-8.872752
14.880000,-1.050932,-1.000000,-1.087448,0.777626,-0.000000,1.378921,-4.699057,0.000000,-9.527316
14.900000,-1.036359,-1.000000,-1.061819,0.677708,-0.000000,1.181829,-5.292777,0.000000,-10.181881
14.920000,-1.023903,-1.000000,-1.040262,0.565915,-0.000000,0.971646,-5.886498,0.000000,-10.836445
14.940000,-1.013802,-1.000000,-1.023040,0.442248,-0.000000,0.748371,-6.480219,0.000000,-11.491009
14.960000,-1.006292,-1.000000,-1.010415,0.306706,-0.000000,0.512006,-7.073939,0.000000,-12.145573
14.980000,-1.001613,-1.000000,-1.002647,0.159290,-0.000000,0.262548,-7.667660,0.000000,-12.800138
